DATE	1	7	30	90	180	270	360	720	1080	1440	1800	2160	2520	2880	3240	3600	5400	7200	9000	10800
2024-09-25	2.77429172	2.77430182	2.77434056	2.77494622	2.77566247	2.77642674	2.77711549	2.77960289	2.7816099	2.78315112	2.78377397	2.78463434	2.78554307	2.78637746	2.78723136	2.78811488	2.79250538	2.79620176	2.80049927	2.80530998
2024-09-24	2.77372679	2.77430182	2.77434056	2.774889	2.77572106	2.77642674	2.77717725	2.7795293	2.78146354	2.78347806	2.78377353	2.78417429	2.78512758	2.78621109	2.78737834	2.78858967	2.79215425	2.79647861	2.79892634	2.80565328
2024-09-23	2.77372679	2.77430182	2.77445247	2.77494622	2.77554529	2.77636613	2.77717725	2.77952787	2.78169585	2.78389524	2.78413678	2.78434211	2.78507368	2.78646164	2.78790894	2.78892706	2.79183436	2.7955089	2.79723631	2.80271322
2024-09-22	2.774007	2.77430182	2.77445247	2.77494622	2.77554529	2.77636613	2.77717725	2.77926401	2.78116373	2.78292427	2.78315823	2.7836741	2.7842672	2.78563373	2.78703454	2.78769227	2.7907814	2.79328671	2.79651109	2.79979515
2024-09-21	2.77372679	2.77430182	2.77445247	2.77511787	2.77583824	2.776782	2.77748743	2.77970036	2.78196431	2.78401381	2.78440398	2.78483029	2.78540502	2.7867402	2.78810576	2.78878626	2.79185106	2.79401472	2.79530251	2.80098246
2024-09-18	2.77372679	2.7742804	2.77445247	2.77517508	2.77589683	2.77689096	2.777613	2.77985752	2.78209849	2.78396026	2.78464616	2.78490443	2.78592851	2.7871192	2.78823549	2.78903774	2.79188216	2.79470622	2.79707683	2.79833825
2024-09-17	2.77372679	2.77418977	2.77445247	2.77517508	2.77601401	2.77689905	2.77760954	2.77963427	2.78188521	2.78355916	2.78432364	2.78461868	2.78617477	2.78735254	2.78839288	2.78926205	2.79289801	2.79580685	2.79903024	2.80000196
2024-09-16	2.77372679	2.77407938	2.77406078	2.77506065	2.77595542	2.77689631	2.77748608	2.7796362	2.78188206	2.78376245	2.78441964	2.78480329	2.78664859	2.78794783	2.78904883	2.78994825	2.79419485	2.79754233	2.80097847	2.8035436
2024-09-15	2.77372679	2.77376796	2.77406078	2.77506065	2.77600799	2.77688678	2.77748603	2.77961717	2.78198761	2.78406622	2.78499695	2.78532793	2.78749583	2.78859102	2.78938529	2.79043367	2.79443434	2.79840361	2.80015408	2.80819056
2024-09-14	2.77372679	2.77373666	2.77406078	2.77511787	2.77606287	2.77689269	2.77748608	2.77983196	2.7821063	2.78433853	2.78497352	2.78550347	2.78781049	2.78894556	2.78975073	2.7908896	2.79429496	2.79794646	2.80054421	2.80700197
2024-09-11	2.77372679	2.77373666	2.77406078	2.77506065	2.7760726	2.77690092	2.77736269	2.78003998	2.78240988	2.78465963	2.78555805	2.78579963	2.78798189	2.78930804	2.79027868	2.79143021	2.79495193	2.79864475	2.80356614	2.80651733
2024-09-10	2.77321836	2.77373666	2.77406078	2.77500344	2.77624837	2.77697225	2.77798024	2.78087624	2.78372321	2.78610567	2.78689758	2.78696457	2.78916067	2.79068972	2.79192011	2.79324932	2.79633141	2.79970872	2.80450725	2.80498818
2024-09-09	2.77321836	2.77373666	2.7742846	2.77471736	2.7760726	2.77689348	2.77798045	2.78172489	2.78437208	2.78659651	2.78705022	2.78719172	2.78840914	2.78982986	2.79126429	2.79258862	2.79643657	2.79727133	2.80063049	2.80344994
2024-09-08	2.77347054	2.77373666	2.7742846	2.77471736	2.7760726	2.77688047	2.77792014	2.78137279	2.78376274	2.78578992	2.78617669	2.78651182	2.78772602	2.78900303	2.79023228	2.79120627	2.79488408	2.79481824	2.79732974	2.80300685
2024-09-07	2.77321836	2.77373666	2.7742846	2.77471736	2.7760726	2.77687624	2.77798031	2.7812466	2.78340546	2.78526545	2.78552742	2.78569883	2.78727481	2.78846738	2.78941457	2.79021359	2.79446304	2.79432439	2.79497654	2.80341008
2024-09-04	2.77321836	2.77371738	2.7742846	2.77477457	2.7760726	2.77689571	2.77791856	2.78094685	2.78345733	2.78523421	2.78589164	2.78614994	2.78811283	2.78899101	2.78947592	2.79030751	2.7952646	2.79566068	2.79754799	2.8030249
2024-09-03	2.77316187	2.77366328	2.7742846	2.77494622	2.7760726	2.77689312	2.77798031	2.7806919	2.78335554	2.78516078	2.78548546	2.78603939	2.788503	2.78935954	2.78965975	2.79038793	2.79499452	2.79575751	2.79678136	2.80233722
2024-09-02	2.77316187	2.77334286	2.77389292	2.77460292	2.77595542	2.77709347	2.77810379	2.78115979	2.78420294	2.78609013	2.78658305	2.78710628	2.78991419	2.79073521	2.79090723	2.79182947	2.79640875	2.79730668	2.79790908	2.80571104
2024-09-01	2.77316187	2.77318715	2.77389292	2.77460292	2.77595542	2.77709347	2.77816709	2.78187698	2.78453219	2.78648458	2.78694395	2.78742621	2.78999582	2.79096622	2.79128613	2.79199176	2.7961431	2.7972734	2.7983226	2.81106188
2024-08-31	2.77316187	2.7731715	2.77389292	2.77460292	2.77583824	2.77694699	2.77811224	2.78242021	2.78465369	2.78679462	2.78704966	2.78721495	2.78971578	2.79079256	2.79118621	2.79200388	2.79568626	2.79784538	2.80201958	2.80937862
2024-08-28	2.77316187	2.7731715	2.77389292	2.77431684	2.77560388	2.77666919	2.77798022	2.78153746	2.7834429	2.78573296	2.78594296	2.78648661	2.7883072	2.78902935	2.78934126	2.79003947	2.79382783	2.79703943	2.80248726	2.81226089
2024-08-27	2.77316187	2.7731715	2.77389292	2.77431684	2.77560388	2.77666919	2.77748632	2.78102988	2.78305607	2.78508236	2.78559654	2.78637495	2.78820025	2.78895633	2.78933261	2.79002118	2.79378491	2.79708009	2.80419629	2.81996777
2024-08-26	2.77344433	2.77348044	2.77378101	2.77448849	2.77566247	2.77648735	2.77730937	2.78100071	2.78288675	2.78560468	2.7861449	2.78683509	2.78837191	2.78905498	2.78947824	2.79035661	2.79353058	2.796743	2.80107771	2.81274197
2024-08-25	2.77344433	2.77345408	2.77378101	2.77454571	2.77566247	2.77645887	2.77724702	2.78022806	2.78184523	2.78450364	2.78543319	2.78598434	2.78715629	2.78771821	2.78809788	2.78883472	2.79208224	2.79406994	2.79784666	2.80686749
2024-08-24	2.77344433	2.77345408	2.77378101	2.77443127	2.77560388	2.77644474	2.77705843	2.77952522	2.78137864	2.78398397	2.78498386	2.78533888	2.78642396	2.78748695	2.78840713	2.78887566	2.79254937	2.79388148	2.79621063	2.80849059
2024-08-21	2.77344433	2.77345408	2.77378101	2.77414519	2.77560388	2.77654796	2.77736566	2.77951398	2.78137852	2.78449811	2.78557701	2.78595753	2.78687265	2.78792894	2.7890233	2.78965942	2.79344227	2.79427212	2.79810795	2.80915477
2024-08-20	2.77344433	2.77345408	2.77333336	2.77397355	2.77513516	2.7760708	2.77699501	2.77940402	2.78141947	2.78416038	2.78544722	2.78585165	2.78658671	2.7874349	2.78837374	2.78913426	2.79325474	2.79301602	2.79923705	2.80826492
2024-08-19	2.77344433	2.77345408	2.77333336	2.77374468	2.77513516	2.77606307	2.77656075	2.77892957	2.78090079	2.78310577	2.78348748	2.78385562	2.78464707	2.78553872	2.78654796	2.78758204	2.79053136	2.79024304	2.79435025	2.80700572
2024-08-18	2.77344433	2.77345408	2.77333336	2.77374468	2.77513516	2.77606307	2.7765597	2.77843966	2.78049589	2.78263829	2.78271461	2.78297679	2.78368243	2.78462987	2.78564219	2.78629855	2.78963854	2.78904313	2.7922938	2.80122009
2024-08-17	2.77344433	2.77345408	2.77333336	2.77437406	2.77542811	2.77630552	2.77680685	2.77930335	2.7813632	2.78376255	2.78371848	2.78392716	2.78475857	2.78574162	2.78669446	2.78726105	2.79036254	2.78886159	2.79281633	2.80228395
2024-08-14	2.77344433	2.77345408	2.77333336	2.77454571	2.77525234	2.77612898	2.77674508	2.77921657	2.78130515	2.78328819	2.78288085	2.783055	2.78384081	2.78460519	2.78542125	2.78619739	2.78908988	2.78794318	2.79277119	2.80012866
2024-08-13	2.77310538	2.77314135	2.77310954	2.77483179	2.77519375	2.7761465	2.77680684	2.77930562	2.78125184	2.78308663	2.78303275	2.78310758	2.78385473	2.78477563	2.78574474	2.78678908	2.78983321	2.78779305	2.79382907	2.8043683
2024-08-12	2.77310538	2.77311185	2.77299763	2.77483179	2.77519375	2.77619504	2.77680806	2.77937625	2.78099497	2.78273548	2.78267388	2.78261514	2.78354928	2.78439243	2.78510698	2.78609713	2.78892065	2.79027866	2.7906175	2.7993421
2024-08-11	2.77310538	2.77311498	2.77299763	2.77483179	2.77519375	2.77620022	2.7768686	2.77943841	2.78120413	2.78307948	2.78288003	2.78289017	2.78384881	2.78474871	2.7855327	2.78673323	2.78970428	2.79131297	2.79297202	2.8020171
2024-08-10	2.77310538	2.77311498	2.77299763	2.77483179	2.77519375	2.77643432	2.77711567	2.77979724	2.78185408	2.78355606	2.78307757	2.78352986	2.78434555	2.7850466	2.78576629	2.78688997	2.790191	2.79272473	2.79564717	2.80656725
2024-08-07	2.77310538	2.77311498	2.77299763	2.77460292	2.77519375	2.77644245	2.7771774	2.77972782	2.78171794	2.78326065	2.78277162	2.78334834	2.78411884	2.78474441	2.78552565	2.78645904	2.78986186	2.79274244	2.79646892	2.81250083
2024-08-06	2.77310538	2.77311498	2.77344527	2.77460292	2.77536952	2.77662315	2.77730086	2.77963584	2.78125624	2.78300963	2.78289571	2.78344554	2.78407637	2.78457961	2.78525029	2.78618182	2.79015235	2.79139597	2.79369285	2.80907836
2024-08-05	2.77310538	2.77311498	2.77344527	2.77460292	2.77519375	2.77655196	2.77730136	2.77922252	2.78113366	2.78258388	2.78269423	2.78322218	2.78361199	2.7838523	2.78434475	2.78531059	2.78864891	2.78984858	2.79163987	2.80453273
2024-08-04	2.77310538	2.77311498	2.77333336	2.77477457	2.77566247	2.77709347	2.77786242	2.78056069	2.78259034	2.7844202	2.78489351	2.78526725	2.78544758	2.78583036	2.78649461	2.78710505	2.79049945	2.79159267	2.7922653	2.81128871
2024-08-03	2.77310538	2.77311498	2.77327741	2.774889	2.77583824	2.77709144	2.77791845	2.78031538	2.78233426	2.78406959	2.78399779	2.78476189	2.78510457	2.78544655	2.78604031	2.7867455	2.79030594	2.79088595	2.79125742	2.80658947
2024-07-31	2.77310538	2.77311498	2.77322145	2.77483179	2.77583824	2.77709103	2.77791845	2.78011183	2.78173508	2.78326856	2.78304409	2.78301547	2.78329121	2.78357448	2.78391056	2.78395737	2.78807974	2.78771043	2.78710017	2.79909581
2024-07-30	2.77310538	2.77311498	2.77355719	2.774889	2.77554529	2.77708842	2.77773315	2.77987099	2.78152055	2.78285488	2.78267293	2.78267786	2.78311863	2.78343042	2.78374482	2.78443756	2.78680841	2.78667863	2.78631513	2.79789046
2024-07-29	2.77310538	2.77311498	2.77361314	2.774889	2.77572106	2.77708701	2.77774565	2.7803055	2.78226253	2.78358987	2.7837709	2.78358663	2.7835587	2.78370386	2.78408147	2.78449894	2.78630081	2.78631722	2.78625325	2.79904471
2024-07-28	2.77310538	2.77311498	2.77288572	2.77460292	2.77572106	2.77708607	2.7777376	2.78015835	2.78219191	2.78372457	2.78394109	2.78367346	2.78342334	2.78342555	2.78368532	2.78413749	2.78614082	2.78611876	2.78668825	2.79821225
2024-07-27	2.77310538	2.77311498	2.77288572	2.77437406	2.77583824	2.77714973	2.77773795	2.78034397	2.78262584	2.78466889	2.78499919	2.78492811	2.78439758	2.78421175	2.78447938	2.7850502	2.78720568	2.7877103	2.78905069	2.80151878
2024-07-24	2.77310538	2.77311498	2.77288572	2.77420241	2.77572106	2.77702914	2.77767582	2.78016173	2.7825714	2.78481937	2.78501514	2.78522169	2.78474808	2.78469968	2.78522177	2.78577313	2.78861648	2.78997009	2.7922652	2.80576965
2024-07-23	2.77316187	2.77269746	2.77232617	2.77391633	2.77560388	2.77703869	2.77761402	2.78016819	2.78266098	2.78493152	2.78529671	2.7857111	2.78535845	2.78537661	2.78590158	2.78644732	2.78979377	2.79221268	2.79502348	2.80953704
2024-07-22	2.77316187	2.77283471	2.77232617	2.77357303	2.77560388	2.77704012	2.77762293	2.78025267	2.78274128	2.78489614	2.78546269	2.7858654	2.78551201	2.78560339	2.78624945	2.78669403	2.79068383	2.79280851	2.79556137	2.81216686
2024-07-21	2.77316187	2.77288892	2.77232617	2.77357303	2.77601401	2.7770813	2.77773685	2.78026236	2.78283283	2.78504601	2.78559496	2.78574596	2.78520885	2.78539473	2.7861665	2.78661734	2.79030746	2.79210509	2.79451869	2.80908298
2024-07-20	2.77316187	2.77292929	2.77232617	2.77357303	2.77589683	2.77721469	2.77779828	2.78034768	2.78302506	2.78548493	2.78588941	2.78591681	2.78522287	2.78541884	2.78631296	2.78654474	2.7895706	2.79115881	2.79338105	2.80922353
2024-07-17	2.77344433	2.77293671	2.77232617	2.7738019	2.7761312	2.77727271	2.77786206	2.7814854	2.7846052	2.78730722	2.78774836	2.78758407	2.78690653	2.78717126	2.7879863	2.78836256	2.79174455	2.79265074	2.79465804	2.81366188
2024-07-16	2.77344433	2.77298531	2.77210235	2.77374468	2.77595542	2.77716745	2.77786505	2.78179817	2.78452419	2.7878843	2.78766736	2.78727403	2.78643924	2.78670562	2.78772837	2.78788699	2.79091555	2.79113096	2.79232384	2.80710102
2024-07-15	2.77333135	2.77312717	2.7721583	2.77374468	2.77595542	2.77726861	2.77794473	2.78193381	2.78466296	2.78751598	2.78746507	2.78678218	2.78602345	2.78609392	2.78666544	2.78687564	2.78934236	2.78911159	2.78908265	2.80849564
2024-07-14	2.77344433	2.7731715	2.7721583	2.77374468	2.77595542	2.7772681	2.77792767	2.78192108	2.78459112	2.7874221	2.7875341	2.78678529	2.78591414	2.78583108	2.78626854	2.78618922	2.78884647	2.78815559	2.78870769	2.80337058
2024-07-13	2.77344433	2.77321187	2.7721583	2.77374468	2.77595542	2.777349	2.77805185	2.78220854	2.78502651	2.78783305	2.7880823	2.78763479	2.78679469	2.7867026	2.78726978	2.78738419	2.78978941	2.78938449	2.78996359	2.80404366
2024-07-10	2.77372679	2.77321928	2.7721583	2.77374468	2.77589683	2.77733655	2.77817602	2.78238587	2.78516724	2.78844313	2.7886405	2.78813228	2.78741554	2.78742057	2.78814151	2.78835382	2.79062535	2.79077371	2.79176494	2.80666603
2024-07-09	2.77372679	2.77326789	2.77221426	2.77408798	2.77595542	2.77738817	2.77829923	2.78239857	2.78563336	2.78887769	2.78912836	2.78884211	2.7880441	2.78792942	2.78846899	2.78880864	2.79113619	2.79105086	2.79158304	2.8082342
2024-07-08	2.77360865	2.77340975	2.77238212	2.77414519	2.7760726	2.77759019	2.7785043	2.78269965	2.78616989	2.78963163	2.78978631	2.78979588	2.78913442	2.78921493	2.78996143	2.79030959	2.7927755	2.79208737	2.79187695	2.81249962
2024-07-07	2.77372679	2.77345408	2.77238212	2.77414519	2.7760726	2.77758973	2.77848627	2.78359351	2.78703837	2.79034542	2.79058664	2.79068868	2.79022623	2.79026939	2.79102393	2.79162338	2.794281	2.79423012	2.79496278	2.81079662
2024-07-06	2.77372679	2.77349445	2.77238212	2.77414519	2.7760726	2.77753067	2.77848562	2.78362862	2.78715567	2.7905012	2.79065883	2.79071699	2.79036963	2.79048133	2.79108795	2.79179177	2.79484512	2.79518926	2.79648495	2.81113544
2024-07-03	2.77372679	2.77362544	2.77282977	2.77414519	2.7760726	2.77757129	2.77865989	2.78377152	2.78723006	2.79073262	2.79072541	2.79077393	2.79038804	2.79052966	2.7911589	2.79186608	2.79538642	2.79699401	2.79904273	2.8161254
2024-07-02	2.77406575	2.77359891	2.77322145	2.77431684	2.7761312	2.77787498	2.77873239	2.78392733	2.78768041	2.79087308	2.79085669	2.7910026	2.79066164	2.79075615	2.79139978	2.79222164	2.7959373	2.79775249	2.80065025	2.81639391
2024-07-01	2.77395276	2.77369926	2.77322145	2.77431684	2.7761312	2.7777334	2.77857192	2.78392865	2.78797007	2.79116228	2.79118084	2.79136945	2.79107018	2.79108518	2.79159068	2.79222044	2.79632566	2.79714382	2.79930667	2.8206455
2024-06-30	2.77406575	2.77373666	2.77322145	2.77431684	2.7761312	2.77773429	2.77848666	2.78414548	2.78824257	2.79139619	2.7912199	2.79140576	2.79103248	2.79111939	2.79155126	2.79208062	2.79609989	2.79650666	2.79767999	2.81658471
2024-06-29	2.77406575	2.77377324	2.77322145	2.77443127	2.77630696	2.7777569	2.77848635	2.78405543	2.78795937	2.7912334	2.79105993	2.79122723	2.79098221	2.79103612	2.79138511	2.79189782	2.79548363	2.79594942	2.79701096	2.81553035
2024-06-26	2.7744047	2.77377752	2.77322145	2.77443127	2.77630696	2.77773859	2.77860844	2.78384451	2.78786765	2.79091606	2.79099403	2.7910672	2.79082851	2.79085078	2.79100126	2.79152059	2.79507538	2.79544753	2.79641377	2.81282477
2024-06-25	2.7744047	2.77383651	2.77322145	2.77460292	2.77624837	2.77784795	2.77860872	2.78406785	2.78790513	2.79107486	2.79123223	2.79125565	2.79091577	2.79086721	2.79117511	2.79169274	2.79476543	2.79512157	2.79608433	2.8124259
2024-06-24	2.77426292	2.77402059	2.77322145	2.77460292	2.77624837	2.77794607	2.77869102	2.7840314	2.78773384	2.79096496	2.79136498	2.79106505	2.79068047	2.79075779	2.79120359	2.79172921	2.79496322	2.79483219	2.79575801	2.81203541
2024-06-23	2.7744047	2.77407575	2.77322145	2.77460292	2.77636555	2.77789967	2.77879362	2.78409658	2.78801066	2.79136602	2.79167283	2.79147774	2.79114065	2.79120491	2.79150302	2.79205043	2.79520775	2.79498809	2.79575196	2.81056371
2024-06-22	2.7744047	2.77412419	2.77322145	2.77460292	2.77642415	2.77806828	2.77884517	2.78444227	2.78864736	2.7921658	2.79255076	2.79222951	2.79182926	2.79180662	2.79211287	2.79267806	2.79558659	2.79539866	2.79625169	2.81313765
2024-06-19	2.77474366	2.77413309	2.77322145	2.77460292	2.77648274	2.77813811	2.77890691	2.78480229	2.78895696	2.792576	2.79294853	2.79259224	2.79212919	2.79198845	2.79232831	2.79267629	2.79552984	2.79551046	2.79617925	2.81313567
2024-06-18	2.77474366	2.77419142	2.77350123	2.77506065	2.77642415	2.77814721	2.77896867	2.7845754	2.78846675	2.79218063	2.7927218	2.79230059	2.79180174	2.7916231	2.79188867	2.79245547	2.79500157	2.79476759	2.79535286	2.81702152
2024-06-17	2.77460188	2.77436166	2.77350123	2.77506065	2.77642415	2.77811989	2.77897013	2.78462878	2.7884315	2.79212173	2.79281062	2.79246876	2.79191538	2.79175398	2.79217082	2.79252705	2.79508969	2.79448644	2.79483675	2.81459967
2024-06-16	2.77474366	2.77441485	2.77350123	2.77460292	2.77642415	2.77811914	2.77903044	2.78506195	2.78904237	2.79283133	2.79337491	2.79300637	2.79250368	2.79230069	2.79271504	2.79332336	2.79571851	2.79528195	2.79557703	2.81100167
2024-06-15	2.77474366	2.77446329	2.77350123	2.77471736	2.77642415	2.7781683	2.77903044	2.78489979	2.78880325	2.79251026	2.79292329	2.79270568	2.79229387	2.79223825	2.79270397	2.79339474	2.79628181	2.79558856	2.79570538	2.81281757
2024-06-12	2.77480015	2.77451063	2.77350123	2.77454571	2.77642415	2.77810282	2.77909222	2.78495803	2.78879819	2.79259022	2.79304173	2.79287994	2.79260955	2.79255243	2.7929635	2.79365737	2.79698252	2.79621334	2.79621518	2.81200515
2024-06-11	2.77480015	2.77459264	2.77394887	2.77431684	2.77648274	2.77815658	2.77921575	2.78473914	2.78851162	2.79243666	2.79288122	2.79284678	2.79248952	2.79237597	2.79280325	2.79325439	2.79699126	2.79644173	2.79649659	2.81227358
2024-06-10	2.77475547	2.7746736	2.77394887	2.77431684	2.77648274	2.77819235	2.77921721	2.78485076	2.78856303	2.79273367	2.79313696	2.79299461	2.79263012	2.79259433	2.79293991	2.79354135	2.79725507	2.7969053	2.79724832	2.8149801
2024-06-09	2.77480015	2.77475394	2.77422865	2.77483179	2.77654132	2.77824509	2.77934981	2.78498781	2.78862538	2.79246691	2.79293782	2.79291471	2.79269276	2.7927986	2.79305958	2.79353803	2.79718996	2.79699452	2.79756761	2.81202128
2024-06-08	2.77480015	2.77476202	2.77422865	2.774889	2.77654132	2.77823777	2.77933908	2.78483801	2.7886363	2.79230204	2.79263413	2.79262095	2.7924426	2.79245374	2.79247686	2.79303645	2.79730091	2.79704711	2.79738852	2.8101461
2024-06-05	2.77480015	2.77477339	2.77422865	2.77494622	2.77654132	2.77817044	2.77933908	2.78497458	2.78870188	2.79213026	2.79235574	2.7924498	2.79231969	2.79235963	2.79262266	2.79318473	2.79669004	2.79600388	2.7957719	2.81293752
2024-06-04	2.77480015	2.77478409	2.77434056	2.77517508	2.77671709	2.77816347	2.77903025	2.78483837	2.78850776	2.79180661	2.79207454	2.79219431	2.79213642	2.79208355	2.7922768	2.7928255	2.7960278	2.79539168	2.79490181	2.81324888
2024-06-03	2.77480015	2.77481046	2.77456438	2.77517508	2.77671709	2.77808075	2.77905899	2.78465919	2.78833401	2.79153678	2.79170984	2.79189896	2.7918629	2.79163569	2.79183386	2.79216693	2.79553396	2.7944166	2.79359319	2.80973298
2024-06-02	2.77480015	2.77481046	2.77456438	2.77494622	2.77671709	2.77812817	2.77910151	2.78449827	2.78832542	2.79160303	2.79187811	2.79197632	2.79194235	2.79169109	2.79180352	2.79226201	2.79567659	2.79521365	2.79468125	2.80959817
2024-06-01	2.77480015	2.77476597	2.77434056	2.774889	2.7766585	2.77811704	2.77965284	2.78476342	2.78861988	2.79182082	2.79205834	2.79207319	2.79202571	2.7918448	2.79195874	2.79229291	2.79622169	2.79558224	2.79510089	2.81346046
2024-05-29	2.77485664	2.77476899	2.77434056	2.774889	2.77659991	2.77817306	2.77939581	2.78489764	2.78877622	2.79214754	2.79246976	2.7925771	2.79262986	2.79243183	2.79256557	2.79290615	2.79681114	2.79616047	2.79556525	2.81270163
2024-05-28	2.77485664	2.7747785	2.77439651	2.77500344	2.7766585	2.77821632	2.77934166	2.78490101	2.78875037	2.79232559	2.79271627	2.79290298	2.79293046	2.7927688	2.79313758	2.79358877	2.79778034	2.79721672	2.79658722	2.81602905
2024-05-27	2.77483301	2.77480225	2.77434056	2.77500514	2.7766585	2.7781204	2.77948799	2.78508304	2.78887418	2.79268763	2.79306584	2.79293672	2.79299475	2.79301903	2.79338416	2.79385438	2.79851452	2.79810546	2.79782688	2.81791133
2024-05-26	2.77485664	2.77481046	2.77434056	2.77500344	2.77659991	2.77816606	2.77926882	2.78522715	2.78885795	2.79301892	2.79322568	2.79306439	2.79326489	2.79317429	2.79353708	2.79403204	2.79849935	2.79813653	2.7981029	2.81653232
2024-05-25	2.77485664	2.77481854	2.77434056	2.77494622	2.77654132	2.77838643	2.77970801	2.7849405	2.78848656	2.792688	2.79296954	2.79254571	2.79254162	2.79258512	2.79293801	2.79330933	2.79733238	2.79634054	2.79581555	2.81314062
2024-05-22	2.77485664	2.7748299	2.77434056	2.77511787	2.7766585	2.77853117	2.77964953	2.78513236	2.7888652	2.79294371	2.79303664	2.79282991	2.79278713	2.79272165	2.79317257	2.79367279	2.79754206	2.7966197	2.79636447	2.81396842
2024-05-21	2.77485664	2.77503096	2.77473225	2.774889	2.7766585	2.77863982	2.77942197	2.7851324	2.78850664	2.79269792	2.79287434	2.79256375	2.79246863	2.79243577	2.79281566	2.79330333	2.79644702	2.795404	2.79523486	2.81225607
2024-05-20	2.77485664	2.77488263	2.77473225	2.774889	2.77618978	2.77845485	2.77944204	2.78525116	2.78872014	2.79274506	2.79287042	2.79254347	2.79249163	2.79255245	2.79300297	2.79351645	2.79688068	2.79527958	2.79489674	2.81034141
2024-05-19	2.77485664	2.77486698	2.77473225	2.774889	2.77618978	2.77817762	2.77905825	2.78538477	2.78894958	2.79281173	2.79289187	2.79252194	2.79234735	2.79228821	2.79289757	2.79331515	2.79641467	2.79527224	2.79488115	2.80724785
2024-05-18	2.77485664	2.77486698	2.77445247	2.774889	2.77618978	2.77807785	2.77893578	2.78501306	2.78881485	2.79239596	2.79253227	2.79211421	2.79193275	2.79182122	2.79225792	2.79276227	2.79578223	2.79491962	2.7946592	2.80531234
2024-05-15	2.77417873	2.77464196	2.77445247	2.77500344	2.7761312	2.77798777	2.77893993	2.78514121	2.78887593	2.79272504	2.79281698	2.7922688	2.7920137	2.79191504	2.79229896	2.7928077	2.79604084	2.79501215	2.79414011	2.80768136
2024-05-14	2.77417873	2.77451898	2.7742846	2.7752323	2.77636555	2.77793302	2.77876361	2.78521571	2.78884263	2.79281111	2.79292231	2.79248328	2.79205183	2.79179862	2.79227668	2.79278383	2.79615141	2.79448646	2.7934028	2.80684287
2024-05-13	2.77427842	2.77444009	2.7742846	2.7752323	2.7760726	2.77789441	2.77884255	2.78512693	2.78850372	2.79247173	2.79260327	2.79218794	2.79185793	2.79157949	2.79181578	2.79232314	2.79541888	2.79341877	2.7922202	2.80660914
2024-05-12	2.77417873	2.77441485	2.7742846	2.7752323	2.7760726	2.77782839	2.77875093	2.78533114	2.78880275	2.79278712	2.79287382	2.79238169	2.79198564	2.79169149	2.79184404	2.79248394	2.79523502	2.79325915	2.79225723	2.80666491
2024-05-11	2.77417873	2.77439046	2.7747882	2.77540395	2.77618978	2.77778675	2.77875606	2.78517151	2.78857689	2.79261533	2.79268113	2.792176	2.79175685	2.79136509	2.79159396	2.79211417	2.794698	2.79281425	2.792144	2.80497482
2024-05-08	2.77400926	2.77437992	2.7747882	2.77551838	2.77654132	2.77782283	2.77894017	2.78524124	2.78879486	2.79297704	2.79285983	2.79249814	2.79215329	2.79175489	2.79213228	2.79266707	2.79532581	2.79344999	2.79267081	2.80445721
2024-05-07	2.77400926	2.77434136	2.77456438	2.77534673	2.77654132	2.7781389	2.77900054	2.78540225	2.78875411	2.79304721	2.79293683	2.79250967	2.79220786	2.79192402	2.79222903	2.79263559	2.79522118	2.79309521	2.79232477	2.8040881
2024-05-06	2.77400926	2.77422833	2.77456438	2.77534673	2.77654132	2.77814587	2.77912451	2.78551724	2.78888124	2.79317249	2.79310376	2.79262146	2.79226098	2.79194163	2.79230663	2.79280935	2.79558918	2.79314148	2.79179053	2.80491102
2024-05-05	2.77400926	2.77418879	2.77456438	2.77546116	2.77654132	2.77816829	2.77918163	2.7857878	2.78909544	2.79340265	2.79336102	2.79287614	2.7924259	2.7921613	2.79241239	2.79296504	2.79606191	2.79378991	2.79250367	2.80451831
2024-05-04	2.77400926	2.77416061	2.77450842	2.77551838	2.77654132	2.77815959	2.77918074	2.7859915	2.78948568	2.79370541	2.79365115	2.79314765	2.79282804	2.79273573	2.79306126	2.79352182	2.79665018	2.79443975	2.79302599	2.8053529
2024-05-01	2.77378329	2.77416231	2.77450842	2.77551838	2.77677569	2.77817352	2.77923405	2.78613402	2.78972869	2.79372081	2.79366586	2.79330361	2.79302903	2.79275161	2.79301766	2.79359527	2.79683424	2.7949059	2.79332385	2.80574862
2024-04-30	2.77378329	2.7741326	2.7742846	2.77551838	2.77683546	2.77816501	2.7792954	2.7863214	2.78993528	2.79395264	2.79390905	2.79349146	2.79324323	2.79310848	2.7933888	2.79382726	2.79709704	2.79499812	2.79347571	2.80744325
2024-04-29	2.77388039	2.77404794	2.7742846	2.77551838	2.77689287	2.77810981	2.7792154	2.78629735	2.78944945	2.79350662	2.79368867	2.79321405	2.7928989	2.79278936	2.79313789	2.79360347	2.79643658	2.7946216	2.79303882	2.80672634
2024-04-28	2.77378329	2.77401924	2.7742846	2.77551838	2.77689287	2.77816045	2.77917282	2.78616027	2.78966401	2.79359768	2.79380292	2.79351845	2.79309855	2.79309725	2.79350919	2.794096	2.79694328	2.79522432	2.79391634	2.80795649
2024-04-24	2.77378329	2.77399089	2.7742846	2.7755756	2.77695145	2.7781333	2.77903201	2.78615216	2.78990079	2.79366941	2.79391305	2.79373173	2.79336732	2.79337452	2.79378568	2.79425292	2.79755339	2.79633088	2.79600857	2.80911497
2024-04-23	2.77372679	2.77396343	2.7742846	2.7755756	2.77701005	2.77807716	2.77903204	2.78627715	2.79021623	2.79389513	2.7941547	2.79401488	2.79370829	2.79367342	2.79402894	2.79449439	2.79809922	2.7969804	2.79698368	2.80889549
2024-04-22	2.77372679	2.77382102	2.77389292	2.77563281	2.77695145	2.77821126	2.77927916	2.78635254	2.79039982	2.79414822	2.79436293	2.79432701	2.79390822	2.79380428	2.79417124	2.79474251	2.79877678	2.79717152	2.79682031	2.81356671
2024-04-21	2.77372679	2.77374375	2.77389292	2.77563281	2.77706864	2.77818448	2.77935198	2.78619319	2.79028256	2.7942294	2.79445828	2.79438389	2.79395166	2.793774	2.794145	2.79462282	2.79915003	2.79733913	2.79633449	2.81302574
2024-04-20	2.77372679	2.77373666	2.77389292	2.77563281	2.77695145	2.77818185	2.77946424	2.78626581	2.79026546	2.79427663	2.79464722	2.79465013	2.79411596	2.79374642	2.79419356	2.79480887	2.79926149	2.79692609	2.79589849	2.8109667
2024-04-17	2.77372679	2.77373666	2.77389292	2.77569003	2.77695145	2.77824303	2.77946397	2.78623925	2.79028215	2.79443379	2.79469192	2.79457787	2.79403075	2.79392821	2.79420493	2.79467968	2.79890072	2.79655297	2.79460066	2.81080644
2024-04-16	2.77372679	2.77373666	2.77389292	2.77540395	2.77706864	2.77822414	2.77958698	2.78633031	2.79043187	2.7946302	2.79486123	2.79471754	2.7944482	2.79416785	2.79446916	2.79495843	2.79912821	2.79679909	2.79576263	2.80788602
2024-04-15	2.77395276	2.77396272	2.77372505	2.77551838	2.77683428	2.77828226	2.77958687	2.78621913	2.79036124	2.79415949	2.79449603	2.79429779	2.79405455	2.79366283	2.79412758	2.79472767	2.7984037	2.79599857	2.79467746	2.80645715
2024-04-14	2.77395276	2.77396272	2.77372505	2.77551838	2.77683428	2.77825553	2.77971387	2.78610918	2.79036372	2.79443913	2.79473617	2.79445089	2.79430164	2.79403524	2.79449708	2.79502882	2.79818587	2.7954666	2.79390103	2.80699672
2024-04-13	2.77395276	2.77396272	2.77372505	2.77540395	2.77683428	2.77824509	2.77978338	2.78643059	2.79080793	2.79489976	2.79511359	2.7948153	2.79457438	2.79421559	2.79459573	2.79525005	2.79869492	2.79614479	2.79531177	2.80737727
2024-04-10	2.77395276	2.77396272	2.77372505	2.7752323	2.77695145	2.77823537	2.77989498	2.78663193	2.79105362	2.79517636	2.79557554	2.79519944	2.79506729	2.79474732	2.7951197	2.79586834	2.79906252	2.79648796	2.79571582	2.80805703
2024-04-09	2.77395276	2.77396272	2.77372505	2.7752323	2.77695145	2.77828517	2.77989498	2.78659141	2.79075462	2.7949364	2.79526912	2.79482601	2.79489325	2.79466315	2.79489539	2.79550611	2.79889962	2.79615747	2.79533362	2.80891008
2024-04-08	2.77395276	2.77396272	2.77406078	2.77546116	2.77701005	2.77827418	2.77977145	2.78635221	2.79060113	2.79472832	2.79495147	2.79455782	2.79461467	2.79432424	2.79463952	2.79534825	2.79862482	2.79584511	2.79479148	2.80816135
2024-04-07	2.77395276	2.77396272	2.77372505	2.77540395	2.77701005	2.77825122	2.77977145	2.7866101	2.79089613	2.79499316	2.79546305	2.79513192	2.79492422	2.79471312	2.79493136	2.79565944	2.79892301	2.79635798	2.79516004	2.80880612
2024-04-06	2.77395276	2.77396272	2.77372505	2.77534673	2.77701005	2.77824138	2.77978406	2.78699066	2.79127801	2.79549298	2.79597136	2.79551061	2.79531033	2.79509307	2.79523827	2.79587152	2.79926453	2.79666647	2.79575255	2.80824826
2024-04-01	2.77395276	2.77396272	2.77372505	2.77540395	2.77701005	2.77833171	2.7798425	2.78738835	2.7916861	2.79597629	2.79646003	2.79603434	2.79584645	2.79547731	2.79563551	2.79618739	2.79997288	2.79742169	2.79569359	2.80835951
2024-03-31	2.77395276	2.77396272	2.77372505	2.77540395	2.77701005	2.77836781	2.77984316	2.78752837	2.7917692	2.79569364	2.79647323	2.7960137	2.79571458	2.79525783	2.79552363	2.79619303	2.79907199	2.79649921	2.79513269	2.8090031
2024-03-30	2.77395276	2.77384969	2.77411674	2.77528952	2.77695145	2.77839634	2.77990409	2.78753984	2.7917344	2.79581596	2.7963951	2.79596981	2.79559276	2.79512429	2.79573529	2.79635556	2.79919646	2.79647623	2.79558467	2.80954587
2024-03-27	2.77387239	2.77385397	2.77411674	2.7752323	2.77695145	2.77831533	2.77978097	2.78741146	2.79168802	2.79563502	2.79614836	2.79578946	2.79557358	2.79494467	2.79553211	2.79615768	2.79905552	2.79671363	2.79606088	2.81313842
2024-03-26	2.77395276	2.77387946	2.77422865	2.7752323	2.77695145	2.77829724	2.77984202	2.7868822	2.79114732	2.79496817	2.79534629	2.79495307	2.79478131	2.7942766	2.79478085	2.79538274	2.79819721	2.79651823	2.79623008	2.81137782
2024-03-25	2.77400926	2.77388372	2.77422865	2.77500344	2.77689287	2.77815305	2.77984059	2.78699582	2.79124316	2.79517396	2.79563601	2.79525075	2.79503031	2.79454404	2.79513996	2.79583918	2.79905328	2.79775091	2.79815797	2.81402669
2024-03-24	2.77398101	2.77389365	2.77394887	2.77506065	2.77689287	2.77808904	2.77980553	2.78696147	2.79124933	2.79525682	2.7956573	2.79527871	2.79490501	2.79440095	2.79490636	2.79570236	2.7989352	2.79816629	2.7988727	2.81327617
2024-03-23	2.77400926	2.77389432	2.77394887	2.77506065	2.77689287	2.77806705	2.7799659	2.78710096	2.79190599	2.79574168	2.79621693	2.79587991	2.79558896	2.79509323	2.79560641	2.79633706	2.8002917	2.79955406	2.80027796	2.81367878
2024-03-20	2.77400926	2.77396272	2.77394887	2.77506065	2.77689287	2.77805654	2.78002824	2.78723364	2.79209647	2.79582944	2.79625964	2.79608781	2.79561489	2.79539661	2.79589494	2.79661546	2.80068746	2.79987463	2.80040339	2.81561401
2024-03-19	2.77400926	2.77397563	2.77394887	2.77494622	2.77689287	2.77829181	2.78008739	2.78723335	2.79206894	2.79588735	2.79622787	2.79627125	2.79570238	2.79548207	2.79607993	2.79692012	2.80105774	2.80031987	2.80067133	2.81773556
2024-03-18	2.77400926	2.77401924	2.77383696	2.774889	2.77695145	2.77855369	2.78008728	2.78735873	2.79213978	2.79612003	2.79675974	2.79673248	2.79596964	2.79561208	2.7964108	2.79709669	2.80162975	2.80125371	2.80154849	2.81725622
2024-03-17	2.77400926	2.77401924	2.77383696	2.774889	2.77689287	2.77862399	2.78015692	2.78787271	2.7924627	2.79648001	2.79708533	2.79674445	2.79599235	2.79561636	2.79632836	2.79713309	2.80195266	2.80163517	2.80199399	2.81613187
2024-03-13	2.77400926	2.77401924	2.77383696	2.774889	2.77683428	2.77860876	2.78010956	2.78814295	2.79267641	2.79670894	2.79735436	2.79694197	2.79639978	2.79587863	2.7967562	2.79770436	2.8021193	2.80160058	2.80173264	2.81779068
2024-03-12	2.77400926	2.77401924	2.77383696	2.77500344	2.77695145	2.77871464	2.78024319	2.78837211	2.7931154	2.79697437	2.79755855	2.79705995	2.7964325	2.79590926	2.79670127	2.79761465	2.80197656	2.80149623	2.80240435	2.81692886
2024-03-11	2.77400926	2.77401924	2.77383696	2.77517508	2.77712723	2.778699	2.78045094	2.78864595	2.7938305	2.79753017	2.79811542	2.79750064	2.79674733	2.79636148	2.79701846	2.79791435	2.80291136	2.80249396	2.80333071	2.81653797
2024-03-10	2.77400926	2.77401924	2.77406078	2.77528952	2.77695145	2.77882181	2.78015095	2.78884986	2.79409502	2.79787136	2.79832408	2.79766415	2.79711925	2.79680644	2.7973985	2.79818828	2.80275271	2.80249375	2.80338894	2.82024277
2024-03-09	2.77400926	2.77401924	2.77406078	2.77528952	2.77689287	2.77874818	2.78010979	2.78886616	2.79448206	2.79809998	2.79852879	2.79775975	2.79749765	2.79725583	2.79776323	2.79847513	2.80287911	2.80237534	2.8032713	2.82024437
2024-03-06	2.77400926	2.77401924	2.77406078	2.77528952	2.77689287	2.77872632	2.7800304	2.78897467	2.79443411	2.79831564	2.79881765	2.7981952	2.79784378	2.79761701	2.79812197	2.79885677	2.80311445	2.80264957	2.80334448	2.82233002
2024-03-05	2.77429172	2.77430182	2.77406078	2.7752323	2.77689287	2.77869296	2.78009002	2.78885983	2.79435836	2.79823138	2.7987647	2.79820375	2.79775382	2.79752406	2.79793041	2.79874202	2.80288916	2.80195617	2.80200453	2.82428029
2024-03-04	2.77400926	2.77430182	2.77406078	2.77506065	2.77695145	2.77866932	2.78009	2.78893519	2.79440478	2.79820204	2.79910788	2.79829814	2.79791383	2.79755503	2.79789771	2.79885523	2.80297092	2.80182989	2.80186859	2.82412049
2024-03-03	2.77400926	2.77452755	2.77434056	2.77506065	2.77695145	2.77864626	2.7801523	2.78864297	2.7939033	2.79814712	2.79872844	2.79785852	2.79761818	2.79742945	2.79769253	2.79833776	2.80238679	2.80108487	2.80103821	2.82092252
2024-03-02	2.77400926	2.77436031	2.77439651	2.77511787	2.77701005	2.77860056	2.78022984	2.78876096	2.79407176	2.79843378	2.79905515	2.79808836	2.79787118	2.79778333	2.79803976	2.79881099	2.80280387	2.80160094	2.80165024	2.82193473
2024-02-28	2.77400926	2.77430182	2.77440842	2.77500344	2.77706864	2.77867948	2.7802734	2.7884833	2.79378122	2.79823338	2.79891843	2.79801584	2.79770537	2.7976276	2.7978795	2.79864655	2.80264495	2.80167497	2.80225106	2.81899692
2024-02-27	2.77400926	2.77426145	2.77434056	2.77511787	2.77736159	2.77870336	2.78064029	2.78843954	2.79373075	2.79809314	2.79889469	2.79825744	2.79799996	2.79783399	2.798071	2.79882027	2.80303049	2.80183396	2.8024436	2.81936791
2024-02-26	2.77372679	2.77418099	2.77406078	2.77511787	2.77771313	2.77913138	2.78008039	2.78842536	2.79368039	2.79823006	2.799247	2.7984117	2.79809621	2.79812244	2.79846689	2.79931688	2.80360177	2.80256764	2.80278104	2.82180739
2024-02-25	2.77389627	2.77407642	2.77450842	2.77517508	2.77747877	2.77904215	2.78008137	2.78802654	2.79313051	2.79779221	2.79868035	2.79801822	2.79785752	2.79770995	2.79811043	2.79890341	2.80338786	2.8025657	2.8027981	2.81984311
2024-02-24	2.77372679	2.77390621	2.77394887	2.77517508	2.77718582	2.77901683	2.77995677	2.78751623	2.7928293	2.79753847	2.79836212	2.79777697	2.79752024	2.79738039	2.79776306	2.79855038	2.80329694	2.80256043	2.80305089	2.82373098
2024-02-21	2.77372679	2.77373666	2.77372505	2.77471736	2.77648274	2.77863786	2.77952444	2.78723701	2.79263644	2.79740065	2.79831859	2.79770915	2.79730572	2.79689068	2.79735327	2.798145	2.80325102	2.80231412	2.80274595	2.82135938
2024-02-20	2.77372679	2.77373666	2.77372505	2.77471736	2.77648274	2.77833818	2.77921567	2.78733414	2.792476	2.79729456	2.79814619	2.79752989	2.79708629	2.79699655	2.79723593	2.79777936	2.80297945	2.80190261	2.80146423	2.81961079
2024-02-19	2.77372679	2.77383629	2.77366909	2.77431684	2.77630696	2.77805276	2.77921565	2.78783555	2.7930239	2.79784243	2.79861365	2.7979269	2.79765418	2.7972596	2.79752712	2.79825505	2.80282843	2.80161223	2.80093853	2.81906015
2024-02-18	2.77378329	2.77379532	2.77366909	2.77431684	2.77630696	2.77801311	2.77921648	2.78799704	2.79325631	2.79800401	2.79891978	2.79845104	2.79807311	2.79768389	2.79786889	2.79860625	2.80289407	2.80191155	2.80102836	2.81930275
2024-02-17	2.77372679	2.77379317	2.77366909	2.77448849	2.77630696	2.77800265	2.77922478	2.78824908	2.79354028	2.7981635	2.79915577	2.79867696	2.79808048	2.79753277	2.79797821	2.79864938	2.80301035	2.80188245	2.80127342	2.81464929
2024-02-14	2.77372679	2.77388198	2.77394887	2.77431684	2.77630696	2.77799181	2.77933908	2.78841008	2.79377713	2.79844781	2.79929422	2.79886455	2.79847332	2.79811722	2.79838246	2.79907692	2.80335619	2.80173597	2.80086988	2.81932266
2024-02-13	2.77372679	2.77384788	2.77394887	2.77443127	2.77636555	2.77803906	2.77927732	2.78843288	2.79388998	2.79874219	2.7997864	2.79951987	2.7990905	2.79853138	2.79900039	2.79984967	2.80394608	2.80234527	2.80158574	2.82048484
2024-02-12	2.77372679	2.77373666	2.77350123	2.77448849	2.77618978	2.77821324	2.77909202	2.78839765	2.79394667	2.79909133	2.7998568	2.79966267	2.79928599	2.79893391	2.79941329	2.80017756	2.80398326	2.80212216	2.80113266	2.8217542
2024-02-11	2.77372679	2.77373666	2.77350123	2.77448849	2.77630696	2.77832339	2.77909202	2.78821436	2.79368894	2.79900592	2.79989309	2.79968317	2.79939066	2.79893756	2.79949615	2.80031215	2.80395267	2.80210224	2.80111097	2.82173381
2024-02-10	2.77372679	2.77373666	2.77338932	2.77454571	2.77630696	2.77818247	2.77910352	2.78772744	2.79339633	2.79881748	2.79976694	2.79972437	2.79944846	2.79920547	2.79965613	2.80060759	2.80464877	2.80301241	2.8023975	2.82000371
2024-02-07	2.77372679	2.77373666	2.77338932	2.77443127	2.77636555	2.77817452	2.77928644	2.78689191	2.79262315	2.79780333	2.79881275	2.79872864	2.79854322	2.79839917	2.79881422	2.79947515	2.80349757	2.80149932	2.7998481	2.81792947
2024-02-06	2.77378329	2.7737561	2.77338932	2.77443127	2.77636555	2.77816552	2.77922418	2.78661706	2.79225955	2.79745351	2.79838196	2.7983898	2.7980098	2.7979418	2.79827867	2.79897639	2.80244408	2.80072949	2.79947572	2.81556264
2024-02-05	2.77378329	2.77394756	2.77394887	2.77443127	2.77659991	2.77819413	2.77910134	2.78645061	2.79182358	2.79721506	2.79791443	2.79758897	2.7976255	2.7976474	2.79797814	2.79864922	2.80209152	2.80060454	2.79910224	2.81652842
2024-02-04	2.77378329	2.77379466	2.77378101	2.77437406	2.77659991	2.77815499	2.77911965	2.7862946	2.79146413	2.79677362	2.79753568	2.79743278	2.79728646	2.79752066	2.79783155	2.79843591	2.80151896	2.79968656	2.79808346	2.81509482
2024-01-31	2.77372679	2.77379317	2.77378101	2.77437406	2.77659991	2.7781485	2.77910111	2.78632285	2.79166352	2.79665255	2.7976156	2.79760986	2.79734611	2.79739602	2.79787188	2.79870112	2.80160285	2.79919938	2.79806591	2.81674579
2024-01-30	2.77372679	2.77363582	2.7731655	2.77437406	2.7766585	2.77815797	2.7791022	2.78624671	2.79156615	2.79641275	2.79744458	2.79747671	2.79750865	2.79776836	2.79814088	2.79894212	2.80206659	2.79970751	2.79863047	2.81437945
2024-01-29	2.77372679	2.77365702	2.7731655	2.77437406	2.7766585	2.77809789	2.77903813	2.78557216	2.79101275	2.79589961	2.79678573	2.79690325	2.79672485	2.79696371	2.79742381	2.79820822	2.80141042	2.79913845	2.79746271	2.8157064
2024-01-28	2.77372679	2.77268889	2.77227436	2.77443127	2.77654132	2.77813088	2.77903735	2.78537727	2.7907407	2.79585995	2.79661707	2.79673619	2.79675906	2.79688821	2.79735748	2.79805671	2.80100885	2.79891745	2.79773084	2.81439578
2024-01-27	2.77303855	2.77285613	2.77204639	2.77443127	2.77654132	2.7781265	2.77911203	2.78553213	2.79087479	2.79603113	2.79708225	2.79715593	2.79709061	2.79733102	2.79771432	2.79848923	2.8015184	2.79965533	2.798569	2.81565264
2024-01-24	2.77372679	2.77288892	2.77204639	2.77454571	2.77654132	2.77822509	2.77916045	2.78556666	2.79098505	2.79594392	2.79714419	2.79723722	2.79715783	2.79719631	2.79758688	2.79843908	2.80160769	2.79932152	2.79821226	2.81521406
2024-01-23	2.77372679	2.77296257	2.77204639	2.77443127	2.77671709	2.77833265	2.77928543	2.78607909	2.7913562	2.79615822	2.79726019	2.79746578	2.79727357	2.79722962	2.7977805	2.79865611	2.80198179	2.79962448	2.79804976	2.81665782
2024-01-22	2.77372679	2.77284839	2.77204639	2.77443127	2.77677569	2.77836894	2.77934787	2.78647522	2.79147479	2.79619015	2.79779204	2.79760934	2.79742446	2.79746273	2.79787079	2.79873964	2.8018301	2.79968662	2.79787329	2.81642745
2024-01-21	2.77372679	2.77288447	2.77322145	2.77437406	2.77695145	2.77835868	2.77934923	2.78672881	2.79209946	2.79649303	2.79800008	2.79781101	2.79763576	2.79746298	2.79789558	2.79877082	2.80120443	2.79877233	2.79668517	2.81638546
2024-01-20	2.77341999	2.77300696	2.77238212	2.77448849	2.77701005	2.77837593	2.7794332	2.78703496	2.79241596	2.79674431	2.79824533	2.79832053	2.79804397	2.79787856	2.79831647	2.79894871	2.80172024	2.7997931	2.79780284	2.81648519
2024-01-17	2.77372679	2.77305847	2.77238212	2.774889	2.77712723	2.7785069	2.7795972	2.78742505	2.79290172	2.79697088	2.79825482	2.79846395	2.79829466	2.79824129	2.79843235	2.79890444	2.8016093	2.7997282	2.79724823	2.82062527
2024-01-16	2.77372679	2.77311976	2.77238212	2.774889	2.77724441	2.7785908	2.77972006	2.78720086	2.79246884	2.79655446	2.79765359	2.79815769	2.79787453	2.79793639	2.79809662	2.79868778	2.80143541	2.79904658	2.79673672	2.81808031
2024-01-15	2.77372679	2.77309933	2.77260594	2.774889	2.777303	2.77858106	2.77978215	2.78741075	2.79258862	2.79674788	2.7981881	2.79858568	2.79810065	2.79826742	2.79862217	2.79922517	2.80260968	2.7998343	2.79738045	2.82092957
2024-01-14	2.77351412	2.7733424	2.7726619	2.774889	2.77701005	2.77841654	2.77963262	2.78736941	2.79232904	2.79617509	2.7975519	2.79756398	2.79740124	2.79755927	2.79798512	2.79868493	2.80190816	2.79905862	2.79752102	2.81926596
2024-01-13	2.77372679	2.77339756	2.7726619	2.774889	2.77683428	2.77838053	2.77941262	2.78692917	2.79178385	2.79552271	2.79657746	2.7966121	2.79613721	2.7960832	2.79681174	2.79763158	2.80081443	2.79851233	2.79809154	2.81479534
2024-01-10	2.77372679	2.773446	2.77260594	2.774889	2.77677569	2.77840028	2.77922725	2.78674938	2.79130255	2.79483108	2.79580367	2.79559122	2.79560783	2.79555009	2.79624773	2.79689989	2.80033315	2.79886891	2.79868315	2.81687472
2024-01-09	2.77406575	2.7734549	2.77260594	2.77443127	2.7766585	2.77814337	2.77910368	2.78647356	2.79096956	2.79433643	2.79520433	2.79472934	2.7948405	2.79486487	2.7957265	2.79720093	2.7995116	2.79731812	2.79692238	2.81927714
2024-01-08	2.77406575	2.77347797	2.7726619	2.77460292	2.7766585	2.77813547	2.77904286	2.78646784	2.79099934	2.7944434	2.79528558	2.7948793	2.79481588	2.79472657	2.79568493	2.7963361	2.8000262	2.79821787	2.79795721	2.81570272
2024-01-07	2.77392397	2.77368347	2.7726619	2.77420241	2.7766585	2.77811182	2.77906655	2.78628236	2.79089516	2.79412525	2.79485637	2.79471459	2.79423956	2.79415746	2.79518995	2.79651102	2.79934919	2.79805002	2.79775079	2.81072472
2024-01-06	2.77406575	2.77373666	2.7726619	2.77454571	2.77659991	2.77805758	2.77904415	2.78630744	2.79100849	2.79438263	2.79530199	2.7949573	2.79468034	2.79439319	2.79549649	2.79676945	2.79988129	2.79840571	2.79741326	2.81188942
2024-01-03	2.77406575	2.7737851	2.7726619	2.77460292	2.77648274	2.77810482	2.77896876	2.78612845	2.79093193	2.79420196	2.79531476	2.79516442	2.79427645	2.79400034	2.79501005	2.79609876	2.79961825	2.79773733	2.79713277	2.80990496
2024-01-02	2.7744047	2.773794	2.7726619	2.77460292	2.77648274	2.7780971	2.77890703	2.78594933	2.79065136	2.7945061	2.79543361	2.79546761	2.79446469	2.79405858	2.79484965	2.79587308	2.79939755	2.79724376	2.79537099	2.81057101
2024-01-01	2.7744047	2.77385232	2.77338932	2.77477457	2.77624837	2.77811019	2.77903055	2.78657508	2.79140228	2.79568573	2.79631754	2.79683117	2.79613743	2.79573641	2.79648892	2.79745705	2.80037311	2.7980745	2.79739866	2.81077081
2023-12-31	2.77426292	2.77402257	2.77282977	2.77511787	2.77630696	2.77813501	2.77903324	2.78742631	2.79233429	2.79643111	2.79709023	2.79732449	2.79684634	2.7965617	2.79716517	2.79811344	2.80107238	2.79887622	2.79733656	2.817082
2023-12-30	2.7744047	2.77407575	2.77282977	2.77517508	2.7760726	2.7781264	2.77903058	2.78757039	2.7922436	2.79632412	2.79700273	2.79722808	2.79644272	2.79638932	2.79681711	2.79768534	2.80037452	2.79833129	2.79721775	2.81679109
2023-12-27	2.7744047	2.77412419	2.77282977	2.77517508	2.77618978	2.77805569	2.77896876	2.78706087	2.79146101	2.79578121	2.79650733	2.79618639	2.79560077	2.79543638	2.79583697	2.79665364	2.79924702	2.79716521	2.79586165	2.81607378
2023-12-26	2.7744612	2.77416605	2.77310954	2.77494622	2.77618978	2.77804499	2.77915404	2.78688804	2.79115847	2.79552828	2.79607817	2.795675	2.79529381	2.79487928	2.79528996	2.79611246	2.79887794	2.79737459	2.7967887	2.80961559
2023-12-25	2.7744612	2.7741901	2.77411674	2.77574725	2.77648274	2.77820094	2.77915399	2.78653743	2.7909469	2.79485753	2.79558637	2.79507193	2.79449508	2.79418977	2.79491696	2.79584758	2.79828398	2.79691574	2.79652291	2.8105207
2023-12-24	2.7743903	2.77427522	2.77350123	2.7755756	2.7766585	2.77830966	2.77921705	2.78613962	2.79048849	2.79439759	2.79508885	2.79456619	2.79398869	2.7936778	2.79438352	2.79533996	2.79806162	2.79687781	2.79669471	2.80772302
2023-12-23	2.7744612	2.77430182	2.77350123	2.77563281	2.77671709	2.77836632	2.77928689	2.78562058	2.79004701	2.79383192	2.79459578	2.79399958	2.79381902	2.79329876	2.7939017	2.79482932	2.79758013	2.79679251	2.7970658	2.81384516
2023-12-20	2.7744612	2.77430824	2.77406078	2.77569003	2.77671709	2.77836244	2.77933908	2.7854108	2.78975173	2.7938569	2.79471338	2.79411517	2.79392802	2.79319488	2.7939447	2.79491972	2.79828808	2.79798062	2.79868776	2.81129409
2023-12-19	2.77451769	2.77435136	2.77350123	2.77569003	2.77677569	2.77842165	2.77940085	2.78508575	2.78931758	2.79380429	2.79492533	2.79422668	2.7940303	2.79327518	2.79419891	2.79526268	2.7988482	2.79813129	2.79835987	2.81409962
2023-12-18	2.77451769	2.77405911	2.77327741	2.77586168	2.77695145	2.77841236	2.77927732	2.78479548	2.78899154	2.79366964	2.79458706	2.79386795	2.79379605	2.79304015	2.79396466	2.79507321	2.79843613	2.79750043	2.79614639	2.81575495
2023-12-17	2.77451769	2.77420098	2.77327741	2.77586168	2.77689287	2.77841381	2.77927732	2.78481302	2.78904054	2.79361486	2.79468938	2.79366759	2.79358868	2.7931641	2.79384346	2.79481441	2.79778517	2.79621409	2.7949714	2.81401213
2023-12-16	2.77451769	2.7742453	2.77327741	2.77597611	2.77683428	2.77839896	2.77928532	2.78494292	2.78942708	2.7941038	2.79506641	2.79425665	2.79387286	2.79357116	2.79402074	2.7948482	2.79761892	2.79604879	2.79480694	2.81382809
2023-12-13	2.77451769	2.77428567	2.77327741	2.77591889	2.77689287	2.77839909	2.77928614	2.78486132	2.78968388	2.79426116	2.79561011	2.79412168	2.79403667	2.79352841	2.7940489	2.79488255	2.79719096	2.79530475	2.79446466	2.81337228
2023-12-12	2.77457418	2.77432384	2.77327741	2.77597611	2.77712723	2.77846374	2.77940747	2.78440227	2.78954556	2.79376235	2.79445058	2.79348158	2.79288409	2.79257775	2.79272762	2.79332957	2.79578153	2.79399425	2.79270707	2.81331952
2023-12-11	2.77457418	2.7745264	2.77389292	2.77614776	2.77742018	2.77858568	2.7794688	2.78426047	2.78950298	2.79366862	2.79444627	2.79345559	2.79327298	2.79297124	2.79320361	2.79374969	2.79527568	2.79356996	2.79250934	2.81015626
2023-12-10	2.77462144	2.77471582	2.77490011	2.77620498	2.77753736	2.77869806	2.77954368	2.7841968	2.78956748	2.79353835	2.79427805	2.79328436	2.79298474	2.79312892	2.79318938	2.79367221	2.79506345	2.79343626	2.79168429	2.81317571
2023-12-06	2.77457418	2.77469743	2.77490011	2.77620498	2.77753736	2.77867506	2.77953168	2.78447259	2.78969638	2.79350218	2.79442292	2.79354009	2.79323976	2.79339516	2.79345066	2.79398697	2.7955076	2.79388562	2.79263653	2.8090119
2023-12-05	2.77457418	2.77468128	2.77490011	2.77620498	2.77753736	2.77876907	2.77946272	2.78431171	2.7894155	2.79361002	2.79431986	2.79374349	2.79334056	2.79338769	2.79358666	2.79427583	2.7955726	2.79365769	2.79195611	2.8095032
2023-12-04	2.77457418	2.77465854	2.77490011	2.77620498	2.77759595	2.77890823	2.77952447	2.78444727	2.78957566	2.79369614	2.79467115	2.79410359	2.79367881	2.79402115	2.79449031	2.79525303	2.79675187	2.79575645	2.79331347	2.81301258
2023-12-03	2.77457418	2.77369662	2.77450842	2.77620498	2.77759595	2.7789736	2.77964797	2.78445502	2.78961341	2.79333946	2.79432685	2.79355103	2.79335645	2.79348008	2.79379176	2.794406	2.79577713	2.79463641	2.79122127	2.81101286
2023-12-02	2.77457418	2.77347402	2.77450842	2.77620498	2.77759595	2.77895236	2.77995691	2.7843986	2.78958372	2.79339797	2.79450678	2.79373198	2.79342223	2.79355562	2.79378718	2.79436113	2.79573561	2.79353497	2.78990487	2.81037569
2023-11-29	2.77457418	2.77345408	2.77450842	2.77620498	2.77759595	2.77894497	2.77995676	2.78455095	2.78957071	2.79338821	2.79447524	2.79373514	2.79341732	2.79355971	2.79378361	2.79440287	2.79600664	2.79340777	2.78979074	2.8102285
2023-11-28	2.77457418	2.77349692	2.77450842	2.77689157	2.77818185	2.77963462	2.77942645	2.78453275	2.78957991	2.79331024	2.79375935	2.79312028	2.79289195	2.79325971	2.79347506	2.79403231	2.79561314	2.79251453	2.78927356	2.8106881
2023-11-27	2.77457418	2.77367817	2.77450842	2.77637662	2.77818185	2.77962883	2.77942391	2.78454793	2.78960209	2.793146	2.79386437	2.7931301	2.79308498	2.79355556	2.79371675	2.7941967	2.79543985	2.79228247	2.78966842	2.80868921
2023-11-26	2.77457418	2.7745844	2.77434056	2.77603333	2.77806467	2.77950757	2.77953027	2.78428921	2.78919844	2.79283737	2.79365227	2.7930762	2.7930617	2.79331372	2.79346929	2.79398784	2.79515016	2.7918974	2.78886886	2.80613582
2023-11-25	2.77429172	2.77430182	2.77406078	2.77517508	2.77753736	2.77929641	2.77831107	2.78450242	2.78944108	2.79279598	2.79348737	2.79287636	2.79327321	2.79322677	2.79328611	2.79374072	2.79521217	2.79213916	2.78868267	2.8070109
2023-11-22	2.77429172	2.77430182	2.77406078	2.77517508	2.77753736	2.77925142	2.77982599	2.78498844	2.78980457	2.79387764	2.79462547	2.79454381	2.79412335	2.79470272	2.79495746	2.79551989	2.79715487	2.79414507	2.79172643	2.81362071
2023-11-21	2.77429172	2.77415649	2.77338932	2.77528952	2.77753736	2.77907537	2.77988035	2.78543704	2.79071957	2.79554137	2.79602776	2.79584044	2.79539135	2.79645359	2.7966754	2.79726749	2.79869236	2.79667535	2.79427899	2.81362013
2023-11-20	2.77429172	2.7741906	2.77338932	2.7752323	2.77724441	2.77889124	2.77990853	2.7852515	2.79020327	2.79431916	2.79502221	2.79439578	2.79434714	2.7948318	2.79510057	2.79562862	2.79671412	2.79479106	2.79331205	2.8146488
2023-11-19	2.77429172	2.77393735	2.77338932	2.77500344	2.77718582	2.7787349	2.77932845	2.78479214	2.78986765	2.79336122	2.79420025	2.79325867	2.79323104	2.79325577	2.79379702	2.79447807	2.79601955	2.79446805	2.79337202	2.81142543
2023-11-15	2.7741972	2.77404161	2.77338932	2.77494622	2.77718582	2.778567	2.77867475	2.78509718	2.79008143	2.793734	2.79443781	2.79398568	2.79317367	2.793265	2.79366594	2.79429881	2.79640176	2.79492507	2.79364096	2.81480611
2023-11-14	2.77429172	2.77407575	2.77322145	2.77586168	2.77718582	2.77855429	2.77924245	2.78485696	2.78977511	2.79350885	2.79419501	2.79365266	2.79283157	2.7930379	2.79335754	2.79400535	2.7957865	2.79442996	2.79261744	2.81933009
2023-11-13	2.77423523	2.77410393	2.77327741	2.77591889	2.77724441	2.77855437	2.77919	2.78506516	2.7897526	2.79342847	2.79451709	2.79374792	2.79279427	2.79321924	2.79347359	2.79404921	2.7961428	2.79487715	2.79333181	2.81576441
2023-11-12	2.77429172	2.7741253	2.77327741	2.77591889	2.77701005	2.77835012	2.77894735	2.78427949	2.78891108	2.79231046	2.79344113	2.79250101	2.79201986	2.79254829	2.79287974	2.7933959	2.79532514	2.79378008	2.79347823	2.81272
2023-11-11	2.77429172	2.77399304	2.77355719	2.77591889	2.77695145	2.77815962	2.77876502	2.78386944	2.78810478	2.79126897	2.79193591	2.7915952	2.79108075	2.79139642	2.79141682	2.79173388	2.79327074	2.79207997	2.79173704	2.80694576
2023-11-08	2.77449406	2.7744625	2.77406078	2.77580446	2.77695145	2.77818448	2.77874249	2.78415664	2.78844127	2.79147147	2.79232344	2.79232744	2.79182756	2.79225445	2.79221721	2.79252047	2.79381671	2.79338005	2.79229991	2.80789315
2023-11-07	2.77451769	2.77447137	2.77406078	2.77580446	2.77701005	2.77818448	2.77883512	2.78449114	2.78873343	2.79174837	2.7930322	2.79319953	2.79220343	2.79281281	2.79279645	2.79313877	2.79471972	2.79399781	2.79210086	2.81493069
2023-11-06	2.77429172	2.77420493	2.77350123	2.77580446	2.77701005	2.77809437	2.77877383	2.78457252	2.78868143	2.79149754	2.79245295	2.79231941	2.79190247	2.79225036	2.79219295	2.79249569	2.79339282	2.79380161	2.79274419	2.80842721
2023-11-05	2.77451769	2.77452788	2.77411674	2.77586168	2.77706864	2.7780889	2.77877462	2.78408062	2.78766864	2.79111191	2.791933	2.79131084	2.7913319	2.79179963	2.79175823	2.79199998	2.79291126	2.7934817	2.79233963	2.81643153
2023-11-04	2.77429172	2.77451964	2.77462034	2.77569003	2.7766585	2.77778939	2.7784694	2.78444132	2.78810089	2.7916021	2.79259954	2.79243777	2.79168871	2.79270912	2.79281618	2.79319197	2.79426132	2.7948854	2.79425327	2.81063739
2023-11-01	2.7743364	2.77443868	2.77462034	2.77569003	2.7766585	2.77778305	2.77837018	2.78382857	2.78713872	2.79091005	2.79212565	2.79181086	2.79103059	2.79233297	2.79253361	2.79295813	2.79376308	2.7938743	2.79334178	2.80790223
2023-10-31	2.77429172	2.77435833	2.77434056	2.77528952	2.77636555	2.77747706	2.77809814	2.7832969	2.78654303	2.79006368	2.79090339	2.79029837	2.79021509	2.7906521	2.79087426	2.79134615	2.7925231	2.79187611	2.78990786	2.80535478
2023-10-29	2.77429172	2.77420098	2.77378101	2.77528952	2.77636555	2.77747415	2.77797543	2.78310566	2.78651855	2.78999074	2.79062443	2.78987252	2.78996919	2.79033567	2.79046769	2.79089941	2.7924699	2.7912074	2.78896554	2.80397407
2023-10-28	2.77429172	2.77390225	2.77333336	2.7752323	2.77630696	2.77747237	2.77816045	2.78274697	2.78615055	2.78943177	2.79000201	2.78923379	2.78931263	2.789855	2.79001871	2.79044777	2.79186608	2.79063572	2.78853483	2.80203601
2023-10-25	2.77429172	2.77328519	2.77294168	2.77448849	2.77536952	2.77718101	2.77803764	2.78268286	2.78597133	2.78920813	2.78992119	2.7893183	2.78942556	2.78986826	2.79002876	2.79045201	2.79204069	2.79079874	2.78873355	2.80230736
2023-10-24	2.77429172	2.77363813	2.77294168	2.77443127	2.77536952	2.77715915	2.77787148	2.78263222	2.78557376	2.78892268	2.78982911	2.78942499	2.7895397	2.78998134	2.7901376	2.79060224	2.79239234	2.79119798	2.7889464	2.80759498
2023-10-23	2.77429172	2.77373666	2.77294168	2.77443127	2.77536952	2.77691163	2.77765012	2.78243289	2.78559557	2.78881438	2.7893973	2.78925834	2.78930306	2.7898302	2.79012167	2.79069032	2.79282393	2.79221488	2.79091181	2.80524496
2023-10-22	2.77429172	2.77355541	2.7721583	2.77408798	2.77531093	2.7764192	2.77767139	2.7819119	2.78490256	2.78826973	2.78903632	2.78864638	2.78882493	2.78958318	2.78974579	2.79020848	2.79207703	2.79169727	2.7907555	2.80362336
2023-10-21	2.77429172	2.77358809	2.77204639	2.77408798	2.77531093	2.77641895	2.77754785	2.78162616	2.78472538	2.78802186	2.78879099	2.7886736	2.78887521	2.78951809	2.78962019	2.79001586	2.79187835	2.79161522	2.79157123	2.80212419
2023-10-18	2.77393727	2.77364801	2.77238212	2.77403076	2.77531093	2.7763572	2.77680666	2.78084563	2.78436565	2.78712493	2.78741558	2.78743533	2.78768817	2.78803324	2.78809604	2.78850749	2.79010994	2.78867921	2.78866051	2.79826129
2023-10-17	2.77429172	2.77373666	2.77204639	2.77385911	2.77507657	2.7762449	2.77680521	2.78066931	2.78407164	2.78688178	2.78707701	2.78671019	2.78708222	2.78756592	2.78744261	2.7877281	2.78939644	2.78747272	2.78728475	2.79753019
2023-10-16	2.77429172	2.7738174	2.77199044	2.77385911	2.77495939	2.77624619	2.77680527	2.78063633	2.78411942	2.78699797	2.78709243	2.78704207	2.78737527	2.78738168	2.78725246	2.78760549	2.78921017	2.78751555	2.78732411	2.79864974
2023-10-15	2.77429172	2.77320874	2.77193448	2.77363025	2.77478362	2.77612368	2.77655875	2.78040812	2.78407779	2.78650159	2.7866643	2.78665356	2.78671432	2.78694161	2.78693288	2.78732624	2.78891141	2.78774307	2.78692463	2.79797788
2023-10-14	2.77429172	2.77265511	2.77199044	2.77374468	2.7749008	2.77618429	2.77662046	2.78014003	2.78343953	2.78623644	2.78630569	2.78609592	2.78615478	2.78628633	2.78633202	2.78674508	2.788475	2.78719872	2.78631397	2.79808618
2023-10-11	2.77378329	2.77289666	2.77199044	2.77374468	2.7749008	2.77658394	2.77673656	2.78039726	2.7834026	2.78612324	2.78638766	2.78624963	2.78624019	2.78617748	2.78619435	2.78662909	2.78809353	2.78669874	2.78577043	2.79737493
2023-10-10	2.77429172	2.77300195	2.77182257	2.77374468	2.7754867	2.7771792	2.77754593	2.78025161	2.78340155	2.78590608	2.78645304	2.786352	2.78625311	2.78619387	2.78602311	2.78631838	2.78788965	2.78632465	2.7849729	2.79731894
2023-10-09	2.77429172	2.77312438	2.77182257	2.77374468	2.77577965	2.7772774	2.77803963	2.78080017	2.78400098	2.78667618	2.78708065	2.78679685	2.78667125	2.78652734	2.78640532	2.78674592	2.7879074	2.78600693	2.78391776	2.79803018
2023-10-08	2.77377387	2.77307462	2.77182257	2.77437406	2.7760726	2.77743033	2.77822519	2.78138222	2.78466854	2.78696758	2.7870982	2.78657964	2.78650987	2.78636889	2.78634171	2.78669818	2.78741588	2.78500692	2.78345445	2.79539579
2023-10-07	2.7738904	2.7733106	2.77148684	2.77448849	2.77618978	2.77741521	2.77827205	2.78120267	2.78473913	2.78685525	2.78704316	2.78657839	2.78635902	2.78602046	2.78583528	2.78608792	2.78719415	2.7847937	2.78301744	2.7946889
2023-10-04	2.77429172	2.77339756	2.77148684	2.77448849	2.7761312	2.7777015	2.7784106	2.78118979	2.78465928	2.78685185	2.78709459	2.78651757	2.78618478	2.7858354	2.78570638	2.78602722	2.78687695	2.78449545	2.78252503	2.79306823
2023-10-03	2.77429172	2.77349115	2.77159875	2.77494622	2.7761312	2.77769194	2.77853409	2.78169694	2.78516275	2.78760126	2.78772039	2.78736738	2.7868928	2.78660844	2.78637815	2.78658742	2.78747786	2.78475229	2.78249032	2.79601562
2023-10-02	2.77429172	2.7734694	2.77148684	2.77483179	2.7761312	2.77768726	2.77859627	2.78203962	2.78525768	2.78793884	2.7879015	2.78759883	2.7870342	2.78671599	2.78656325	2.78681516	2.7874666	2.78486634	2.78226526	2.79381612
2023-10-01	2.77429172	2.77358935	2.7731655	2.77506065	2.7766585	2.77783055	2.77865804	2.7820058	2.78534253	2.78780808	2.78772211	2.78740935	2.78694729	2.78656642	2.78628472	2.78643131	2.78696384	2.78473197	2.78194908	2.79329898
2023-09-30	2.77421786	2.77397966	2.7731655	2.774889	2.7766606	2.77782426	2.7786468	2.7821436	2.78538834	2.78781557	2.78794317	2.78781031	2.78730031	2.78672647	2.78640466	2.7865518	2.78711361	2.78478092	2.78200752	2.79341041
2023-09-27	2.77429172	2.77407575	2.7731655	2.77517508	2.776662	2.77782212	2.77865824	2.78201653	2.78527797	2.78759826	2.78790068	2.7875864	2.78704145	2.7865617	2.78625445	2.7864201	2.78689347	2.78441709	2.78181289	2.79404233
2023-09-26	2.77429172	2.77373237	2.77254999	2.77431684	2.77659991	2.77788376	2.77878173	2.78185166	2.78537363	2.78769547	2.78779319	2.7875705	2.78712777	2.78650131	2.7861495	2.78631413	2.78655837	2.78397113	2.78187448	2.79324527
2023-09-25	2.77429172	2.77387342	2.77254999	2.77403076	2.77648274	2.77792223	2.77878178	2.78185253	2.78528002	2.78767567	2.78774735	2.78740645	2.78710093	2.78659073	2.78621074	2.78632487	2.78688044	2.78423483	2.78163035	2.79378982
