DATE	1	7	30	90	180	270	360	720	1080	1440	1800	2160	2520	2880	3240	3600
2024-09-25	10.86473747	10.87565859	10.91802584	11.03856743	11.20913799	11.30910722	11.38943133	11.58958448	11.75056932	12.05495695	12.43608878	12.91139266	13.4243188	13.9800889	14.57721435	15.21879331
2024-09-24	10.82951357	10.86187694	10.91645812	11.03911425	11.21705397	11.3089609	11.38948701	11.57044874	11.7310981	12.00327659	12.34762031	12.80514266	13.29972989	13.84713777	14.43610129	15.06869058
2024-09-23	10.86359571	10.8874388	10.91594912	11.04747593	11.21687161	11.30893128	11.38946439	11.57058578	11.7111112	12.00326017	12.34833876	12.80580814	13.30033739	13.8429581	14.42610877	15.05213273
2024-09-22	10.81468783	10.85128669	10.91896918	11.03797776	11.20038664	11.30784603	11.38043849	11.57077421	11.7012317	12.01393115	12.34889504	12.82385746	13.33936375	13.87612885	14.45001491	15.06551076
2024-09-21	10.84450971	10.87386514	10.91203153	11.02956293	11.20027028	11.29869717	11.37133776	11.55170699	11.69158176	12.01449917	12.37211416	12.84309092	13.35254364	13.87993436	14.4430217	15.04632255
2024-09-18	10.82640528	10.84811916	10.91203153	11.02956293	11.20027028	11.29869717	11.37133776	11.55170699	11.69158176	12.01443843	12.38318934	12.87339813	13.40441867	13.95056153	14.53419846	15.16057608
2024-09-17	10.82746864	10.86125128	10.91203153	11.02956293	11.20027028	11.29869717	11.37133776	11.55185602	11.67168968	12.00506767	12.3615466	12.85007286	13.3799646	13.92463855	14.50663768	15.13121274
2024-09-16	10.84450971	10.87386514	10.91203153	11.02956293	11.20255407	11.31565357	11.38054463	11.57081703	11.6910744	12.03468537	12.40510292	12.89634039	13.42852896	13.97615555	14.56144475	15.18963774
2024-09-15	10.84450971	10.87386514	10.91203153	11.02956293	11.20255407	11.31565357	11.38049417	11.58014594	11.7306423	12.07638098	12.44845977	12.95396096	13.5026478	14.04612171	14.62458977	15.24494297
2024-09-14	10.81042757	10.84863572	10.91203153	11.02979949	11.21275037	11.33387116	11.39854424	11.646769	11.80927408	12.13717928	12.51138347	13.00806902	13.54639764	14.09192343	14.6738537	15.29802877
2024-09-11	10.85621863	10.86713115	10.90954083	11.03041659	11.21275558	11.33246538	11.38945221	11.63718657	11.80949366	12.13763239	12.50059372	12.97791182	13.49449749	14.04519566	14.63566986	15.26960428
2024-09-10	10.85303025	10.87694913	10.90526355	11.02934523	11.19239251	11.30662491	11.37137256	11.57049671	11.7510484	12.05588943	12.41444766	12.89968055	13.42558561	13.96317536	14.53689102	15.15203395
2024-09-09	10.87859186	10.89909626	10.91203153	11.02932467	11.19065752	11.28386251	11.32640486	11.4946047	11.65315668	11.97495089	12.30812981	12.82313612	13.38519825	13.90364824	14.45058657	15.03562566
2024-09-08	10.86155079	10.8864807	10.91203153	11.02932467	11.19065752	11.28543725	11.33504098	11.49455331	11.65302193	11.97459957	12.3525246	12.85977417	13.40992389	13.94790032	14.51968839	15.13268413
2024-09-07	10.85303025	10.88238917	10.92047412	11.02954236	11.19697572	11.26816033	11.3258341	11.46597047	11.63363389	11.95474991	12.30933155	12.82540386	13.38729548	13.92480693	14.49489762	15.10601426
2024-09-04	10.82640528	10.84811916	10.91203153	11.02956293	11.19698614	11.26559963	11.30751258	11.47553919	11.65332635	12.01765285	12.35368255	12.90101789	13.50067615	14.06181455	14.65666965	15.29552616
2024-09-03	10.83172891	10.8598022	10.90149017	11.03013718	11.19914489	11.28670715	11.34408951	11.50365439	11.71178658	12.10007383	12.48510566	13.05968751	13.68813484	14.29149509	14.93464313	15.62783765
2024-09-02	10.8252533	10.85766778	10.91210618	11.02909154	11.18174292	11.27640337	11.32561659	11.5418916	11.77133972	12.16234145	12.55003227	13.12805151	13.76044216	14.37841533	15.03891399	15.75168452
2024-09-01	10.82320837	10.85698926	10.9077254	11.01200991	11.17461889	11.27495752	11.31737547	11.56117123	11.78120592	12.18285927	12.5943557	13.18810578	13.83740231	14.46615091	15.13800731	15.86354009
2024-08-31	10.817244	10.85102415	10.90181423	11.01273671	11.20179165	11.30371929	11.35288224	11.60823544	11.86964067	12.26510623	12.70261321	13.31583463	13.98633541	14.62593857	15.30870289	16.04634604
2024-08-28	10.80936931	10.8310694	10.89505983	11.01275386	11.2017986	11.30654303	11.37107152	11.62725469	11.88902705	12.29605863	12.72405323	13.33789757	14.00983504	14.66110795	15.35800555	16.11171249
2024-08-27	10.80531524	10.83768745	10.89232481	11.01315497	11.19275027	11.29892363	11.37124379	11.58938406	11.8100659	12.18126191	12.59186302	13.18577421	13.83522502	14.46401664	15.1359174	15.86150076
2024-08-26	10.8189481	10.85128328	10.90598802	11.03052287	11.20933597	11.30491951	11.36193077	11.60827998	11.84956727	12.24404337	12.64675401	13.24913833	13.90918688	14.5235422	15.17657536	15.88054583
2024-08-25	10.817244	10.84955631	10.90433378	11.02935038	11.19153283	11.29603544	11.35305799	11.56042436	11.83075147	12.16131211	12.55814283	13.14979526	13.79735402	14.3941643	15.02720646	15.70871074
2024-08-24	10.81042757	10.84265355	10.89771849	11.02936752	11.19067836	11.28387644	11.32641356	11.55145004	11.77136468	12.14097158	12.52711805	13.10407033	13.73522517	14.30747636	14.9123172	15.561991
2024-08-21	10.83066384	10.84921706	10.90166493	11.02935723	11.19067315	11.28544596	11.33489655	11.52282267	11.73176849	12.09964207	12.48403204	13.04644337	13.66066837	14.23703783	14.8487229	15.50630254
2024-08-20	10.82746864	10.85682049	10.89505983	11.0110894	11.13640926	11.22213733	11.27114446	11.43772337	11.65432778	12.03981073	12.48934177	13.04877654	13.65526204	14.23503453	14.85166179	15.51484928
2024-08-19	10.81468783	10.84275584	10.88452016	11.01112197	11.13642489	11.22073852	11.26211855	11.41870755	11.63496469	11.99888507	12.37853319	12.92298667	13.5164352	14.07770383	14.67331457	15.31299979
2024-08-18	10.79969169	10.8319934	10.88686834	11.01111683	11.13556	11.2171936	11.28934244	11.43789639	11.62446803	11.99802811	12.37816342	12.92264356	13.51611653	14.07739359	14.67301557	15.31270735
2024-08-17	10.82320837	10.84717129	10.8754566	10.99476886	11.15235063	11.22059393	11.26192018	11.44743942	11.64484585	11.97710478	12.35500593	12.87420085	13.43826317	13.98825336	14.57321269	15.20101339
2024-08-14	10.84548617	10.85576181	10.88011563	10.99475172	11.1526233	11.22058871	11.2619167	11.4474377	11.64484419	11.97710314	12.35500431	12.87420085	13.43826317	13.98825336	14.57321269	15.20101184
2024-08-13	10.83172891	10.85558791	10.88415877	11.0115968	11.15083447	11.21143114	11.25265414	11.44743428	11.65474698	12.00859401	12.39966831	12.92149773	13.48786516	14.04080864	14.62904535	15.2604573
2024-08-12	10.81042757	10.83844098	10.8803854	11.01160708	11.15083968	11.21143462	11.2527568	11.42821461	11.6550514	11.98831259	12.35534326	12.87393593	13.43801986	13.99764006	14.59431164	15.23534347
2024-08-11	10.82746864	10.85127476	10.88002401	11.01089399	11.12665235	11.20253487	11.24378484	11.40976235	11.57633977	11.89491036	12.24667058	12.75337256	13.30447691	13.86018033	14.45357969	15.09116482
2024-08-10	10.81042757	10.84420493	10.89505983	11.01132767	11.14290633	11.21148514	11.25274462	11.43813963	11.6153188	11.95667725	12.31167665	12.83969968	13.41550605	13.97463398	14.5695689	15.20867974
2024-08-07	10.83492411	10.84635469	10.88657482	11.00292313	11.14309911	11.21152172	11.25277072	11.43815505	11.61532879	11.95650488	12.34499788	12.88845998	13.48005863	14.04872678	14.65358823	15.30380047
2024-08-06	10.80190703	10.8356826	10.88657482	11.00268658	11.13560168	11.21158792	11.25292037	11.41896107	11.61519571	11.99937758	12.31264162	12.8504064	13.44042476	14.00208788	14.59864328	15.23953911
2024-08-05	10.81042757	10.83977414	10.87808812	10.99428033	11.13651867	11.21943552	11.25345284	11.43785185	11.65462055	12.0404083	12.42254037	12.96305425	13.55187303	14.12459685	14.73456797	15.39042678
2024-08-04	10.7935569	10.82578109	10.88091476	11.01295441	11.18014688	11.25800461	11.30738903	11.51339955	11.75163728	12.20539802	12.64211083	13.20826006	13.82383154	14.43428036	15.08717246	15.79116604
2024-08-03	10.82746864	10.8523897	10.87808812	10.99499513	11.16368448	11.2507127	11.30749865	11.50375203	11.77196021	12.18453544	12.64148969	13.19038149	13.78435151	14.39578253	15.05212426	15.76012043
2024-07-31	10.74122206	10.75839523	10.87808812	10.99499513	11.16368448	11.2507127	11.30759958	11.48451523	11.77204671	12.1957022	12.642093	13.19035916	13.78432954	14.39576382	15.05210257	15.76009734
2024-07-30	10.76782488	10.8043568	10.87241109	10.9954631	11.16369317	11.24931215	11.29841707	11.49425867	11.76202415	12.20589709	12.68752411	13.22735308	13.80924983	14.40640709	15.04647422	15.73593162
2024-07-29	10.77208515	10.81028441	10.87378369	10.97768038	11.14380422	11.21162102	11.25294473	11.41838208	11.69391565	12.1562278	12.62459229	13.16031686	13.73829724	14.32577741	14.95453524	15.63131298
2024-07-28	10.76680242	10.80499951	10.86854779	10.97630219	11.11194578	11.15073198	11.20720095	11.35239111	11.61653149	12.02245479	12.44901766	12.96214141	13.51624054	14.07917709	14.68076171	15.32720741
2024-07-27	10.8046336	10.8339795	10.87218034	10.95800864	11.089714	11.15601714	11.1896294	11.34331059	11.56782601	11.91833233	12.31628253	12.8220621	13.36921316	13.93280145	14.53609626	15.18475104
2024-07-24	10.79233165	10.81157494	10.86103328	10.95878173	11.09763866	11.15745078	11.19834383	11.34353842	11.52778068	11.92869959	12.31775349	12.82284887	13.36993997	13.92390582	14.51550546	15.15093503
2024-07-23	10.83019521	10.85511568	10.88062293	10.96009992	11.11627543	11.17805836	11.23463191	11.39998978	11.63531569	12.06266796	12.49196258	13.00727268	13.56384419	14.12983507	14.73481586	15.38501062
2024-07-22	10.8061673	10.83551383	10.87370055	10.96011707	11.11628411	11.17549766	11.2165714	11.36212429	11.57674733	11.96981569	12.34918858	12.82509745	13.33899014	13.88424654	14.4686165	15.09594379
2024-07-21	10.79338649	10.82272949	10.86103328	10.96014964	11.11630148	11.17550811	11.21657836	11.36212771	11.57727466	11.89648474	12.29272932	12.76136947	13.26547096	13.80107414	14.37479675	14.99024778
2024-07-20	10.78060569	10.81437594	10.8653394	10.97638104	11.11194926	11.14945163	11.1981211	11.34358467	11.51848673	11.83474575	12.20617618	12.6456384	13.11755508	13.6330955	14.18589153	14.77803385
2024-07-17	10.78381452	10.79752905	10.86956239	10.97528912	11.09840456	11.16498832	11.19870229	11.31497785	11.48883658	11.83561913	12.1857514	12.63498275	13.11964917	13.63616361	14.18886915	14.78090276
2024-07-16	10.80991633	10.83926269	10.87737382	10.94902301	11.07741453	11.11808561	11.14409965	11.20302412	11.32347014	11.63143738	11.97199505	12.42324079	12.91052748	13.41992628	13.96403731	14.54675638
2024-07-15	10.80190703	10.83125181	10.86943684	10.94872988	11.06951418	11.11683313	11.13478663	11.21115565	11.36288501	11.67284733	12.01498212	12.46817578	12.95766176	13.46519483	14.00676814	14.58655649
2024-07-14	10.81110921	10.83602527	10.86166783	10.94892358	11.0695246	11.11683835	11.13479185	11.21130639	11.34306612	11.67281286	12.01566003	12.47475875	12.97107398	13.49382422	14.05313192	14.65284487
2024-07-13	10.77430049	10.80806816	10.85896674	10.94948583	11.0774371	11.11247122	11.10728085	11.19233681	11.33336794	11.71505187	12.08331773	12.55225911	13.05850144	13.58192928	14.1409546	14.74020534
2024-07-10	10.78807309	10.80062497	10.85677126	10.94954068	11.07743884	11.11528799	11.12559193	11.2394764	11.42142508	11.79665529	12.21248169	12.70181151	13.22865486	13.75361676	14.31220946	14.91067216
2024-07-09	10.79543142	10.82477355	10.86306079	10.95774295	11.07724954	11.11243986	11.10725648	11.21125671	11.36310625	11.69378543	12.05930718	12.58731723	13.16200504	13.64887877	14.15670097	14.69822738
2024-07-08	10.78060569	10.81437594	10.86525627	10.9576881	11.0772478	11.11243812	11.10725648	11.1925458	11.30424845	11.63183303	12.01699801	12.54400366	13.11615641	13.60020071	14.10492883	14.64307607
2024-07-07	10.78486596	10.81863625	10.86947756	10.95758182	11.07838362	11.12019863	11.10725648	11.183073	11.28448945	11.63179363	12.06197988	12.58123696	13.14155705	13.63531552	14.15292394	14.70546893
2024-07-06	10.75504408	10.79766884	10.87361742	10.94279374	11.0950961	11.10938095	11.08958575	11.14626442	11.20682583	11.5089674	11.88836113	12.40911732	12.97413192	13.45926285	13.96624032	14.50716712
2024-07-03	10.7497409	10.76575488	10.86939442	10.93987623	11.05722165	11.07047218	11.034167	11.09774588	11.26806077	11.41864333	11.74492869	12.23934681	12.77670197	13.24050774	13.72479145	14.24065764
2024-07-02	10.74328574	10.78590739	10.86204788	10.9548083	11.02294743	11.05547899	11.03504575	11.080491	11.26748187	11.53256339	11.88888821	12.40847099	12.97353069	13.48674794	14.02767344	14.60669895
2024-07-01	10.78912623	10.81846747	10.85681368	10.95790065	11.07839925	11.12302411	11.12557279	11.2111231	11.36288833	11.68299133	12.08112021	12.57587962	13.10986629	13.63812015	14.20016923	14.80273057
2024-06-30	10.76134928	10.79954413	10.86306079	10.95725098	11.06591742	11.09069826	11.11644944	11.19251154	11.32388103	11.65247234	12.06074408	12.54300145	13.06184194	13.57679083	14.1242849	14.71054958
2024-06-29	10.76560954	10.80380614	10.86728378	10.95665103	11.05571939	11.07109232	11.08936302	11.13703144	11.30522326	11.61304226	11.99659269	12.45679082	12.95162281	13.45411817	13.9890775	14.56143958
2024-06-26	10.77103713	10.78590568	10.87370055	10.9564899	11.06141584	11.11694636	11.13480925	11.22089396	11.34300956	11.67255347	12.01549299	12.45674295	12.93244792	13.41895658	13.93650597	14.48936565
2024-06-25	10.75078381	10.79340683	10.86947756	10.95610078	11.05648007	11.13444973	11.14402135	11.21135435	11.32294281	11.69316816	12.0825636	12.55270276	13.05890958	13.55412148	14.0789901	14.63983776
2024-06-24	10.79338649	10.82272949	10.86103328	10.95779438	11.08067609	11.14977041	11.19830729	11.35345316	11.49876099	11.81361557	12.19529237	12.66483036	13.17082721	13.70585226	14.27881737	14.89358024
2024-06-23	10.79764676	10.8269898	10.86525627	10.9576881	11.08067088	11.14699544	11.18051823	11.3250519	11.45978363	11.77305109	12.13073715	12.59611049	13.0987899	13.61534323	14.16633872	14.75648309
2024-06-22	10.81639194	10.84574096	10.88383132	10.95672988	11.07159651	11.13944049	11.18044863	11.26801813	11.40082601	11.75397466	12.07878646	12.55774891	13.07835919	13.61379827	14.18593337	14.7999186
2024-06-19	10.7642224	10.78344394	10.83300273	10.92308087	11.04409377	11.10342862	11.14396218	11.2493449	11.40170434	11.75450493	12.19031835	12.64376005	13.12767704	13.67231983	14.25922273	14.88978015
2024-06-18	10.76782488	10.79716081	10.83553585	10.92252377	11.03389921	11.08531207	11.12578856	11.21122417	11.40216347	11.7767925	12.19163525	12.67988263	13.20550999	13.72900802	14.28598411	14.88266479
2024-06-17	10.75674819	10.78608128	10.82455845	10.92427907	11.06220605	11.11569562	11.12576942	11.26788109	11.47984206	11.94243068	12.32251181	12.81457905	13.34731941	13.90350793	14.499268	15.13944396
2024-06-16	10.74652354	10.78028494	10.83131286	10.92411108	11.06219736	11.11850543	11.14407703	11.26778687	11.47957423	11.94209249	12.34458595	12.83882036	13.37261801	13.94468255	14.5596306	15.2214606
2024-06-15	10.75095422	10.78471573	10.83578865	10.94170696	11.0799293	11.14075917	11.18940319	11.30530292	11.53804777	11.96110489	12.40808701	12.89575311	13.41894857	13.98340021	14.5900714	15.24245574
2024-06-12	10.77529569	10.78783552	10.84406327	10.94149954	11.07992062	11.1420343	11.19832817	11.34333457	11.57670574	12.06518467	12.45148116	12.93777084	13.46360731	14.06018851	14.70570429	15.40202251
2024-06-11	10.75095422	10.78471573	10.83578865	10.94170696	11.0799293	11.14204126	11.19813154	11.38099965	11.67571368	12.12658218	12.62684982	13.16417408	13.74185907	14.36858742	15.04535258	15.7766706
2024-06-10	10.74839806	10.78215852	10.83325553	10.94078302	11.06297194	11.1330788	11.18911433	11.36282832	11.55654251	12.10661925	12.54186982	13.0588848	13.61744126	14.24493726	14.92475131	15.65977594
2024-06-09	10.76356462	10.79732959	10.84828456	10.94139327	11.07877264	11.13422153	11.19834383	11.32433416	11.55741252	12.00228172	12.47427861	12.99054794	13.54542593	14.17788176	14.86423688	15.60683943
2024-06-08	10.79849882	10.82341141	10.84921264	10.95809093	11.07840793	11.13159638	11.18003797	11.32440782	11.55721457	12.06548345	12.5422704	13.11063415	13.72612986	14.39383847	15.11705709	15.90138399
2024-06-05	10.77444364	10.79367448	10.84313519	10.92332085	11.05199065	11.10592139	11.16186261	11.30571917	11.53819083	12.02437885	12.49848054	13.0646044	13.67754195	14.3221808	15.01742463	15.7699077
2024-06-04	10.77634542	10.80125234	10.82709156	10.92421736	11.05992052	11.10330668	11.14377077	11.26772863	11.49922844	11.98370766	12.45586647	13.00745142	13.60350317	14.2717286	14.99770759	15.78540972
2024-06-03	10.77140351	10.79630841	10.822195	10.92236606	11.02911454	11.10100031	11.12595213	11.28709905	11.49927335	12.00428622	12.50058399	13.08000936	13.70704916	14.36419105	15.07329757	15.84154144
2024-06-02	10.77208515	10.80142282	10.83975884	10.92291117	11.04691768	11.11647428	11.12585295	11.28651149	11.55859527	12.04610168	12.56598092	13.18699984	13.86116096	14.55139833	15.29617118	16.10489111
2024-06-01	10.71584961	10.75846342	10.83469261	10.92402537	11.06219389	11.11568691	11.12576246	11.28646353	11.55811119	12.10887657	12.69043521	13.36426617	14.09667697	14.82640823	15.61357255	16.47045222
2024-05-29	10.74122206	10.75489526	10.82709156	10.92323	11.04693331	11.12161659	11.16208708	11.30521384	11.59680077	12.18168875	12.76796959	13.4586365	14.21079072	14.96500136	15.78021689	16.66914189
2024-05-28	10.75078381	10.78454525	10.83553585	10.92351112	11.05428312	11.12154343	11.16198267	11.31455817	11.62625296	12.23413249	12.83512616	13.53641454	14.30028245	15.06656211	15.89538037	16.79979322
2024-05-27	10.81997057	10.83602697	10.83654875	10.92397909	11.06561002	11.15024597	11.19845346	11.36152474	11.71465777	12.29546927	12.92152199	13.62924165	14.39909239	15.17276087	16.00996133	16.92383401
2024-05-26	10.8189481	10.83500409	10.83553585	10.92449677	11.07238324	11.14088111	11.18929182	11.34284123	11.65561532	12.21171688	12.80997711	13.49761089	14.24537617	15.01720899	15.8546372	16.76910007
2024-05-25	10.83598918	10.84318886	10.81864897	10.92608065	11.09870154	11.15888791	11.20769166	11.32361642	11.62559255	12.1909216	12.77710512	13.46850537	14.22148722	14.9817512	15.80436008	16.70177895
2024-05-22	10.82640528	10.83344419	10.81011986	10.90830307	11.06715223	11.15536216	11.18077925	11.34307591	11.62608495	12.16960099	12.7654023	13.46306664	14.22270067	14.98351442	15.80611226	16.70351661
2024-05-21	10.83428507	10.84591485	10.83372212	10.89502174	10.99531097	11.08729444	11.13481273	11.28653034	11.59753271	12.19329384	12.79174174	13.47790826	14.22401301	15.0249042	15.89857178	16.85495682
2024-05-20	10.8411015	10.85273407	10.84035097	10.87076291	11.0089755	11.06877898	11.11646162	11.26781428	11.5585803	12.13058954	12.7706423	13.47042201	14.22965166	15.02130915	15.88216235	16.82371114
2024-05-19	10.83803411	10.84966542	10.83726983	10.86149444	10.98878263	11.03386977	11.08896802	11.24901772	11.55914921	12.15283443	12.7715878	13.53295309	14.36642523	15.18344311	16.06793193	17.03654226
2024-05-18	10.83172891	10.84335764	10.83102103	10.86066478	10.97297324	11.03400217	11.08906372	11.24877276	11.59861232	12.21608377	12.86155317	13.62938688	14.46897126	15.3146466	16.23400771	17.24285673
2024-05-15	10.81788644	10.82981125	10.83532716	10.88023538	11.0246199	11.06990952	11.12527349	11.30533033	11.65665334	12.29834386	12.94920102	13.68442213	14.48530013	15.34005666	16.2747199	17.30132638
2024-05-14	10.81042757	10.82205097	10.81020469	10.92514986	11.06222342	11.12406755	11.1795577	11.43802657	11.79355571	12.42034924	13.12351714	13.88472648	14.71312264	15.54442068	16.44664093	17.43504671
2024-05-13	10.75930435	10.78863678	10.82709156	10.92323	11.04410071	11.10599978	11.16151633	11.38120349	11.71494389	12.33790199	12.96753693	13.69039708	14.47808698	15.26886202	16.12531071	17.06123744
2024-05-12	10.75078381	10.78454525	10.83553585	10.92301744	11.04409029	11.10599107	11.16161203	11.36229044	11.67572199	12.25365381	12.90035442	13.63317548	14.43122584	15.20894827	16.04821489	16.96439753
2024-05-11	10.80190703	10.81795944	10.81860656	10.91508259	11.04429349	11.10860055	11.1796012	11.41910153	11.77409614	12.37854364	13.07868123	13.82446473	14.63464137	15.41688239	16.26015095	17.18049004
2024-05-08	10.80510905	10.81702521	10.82282955	10.91497631	11.04428828	11.10859706	11.17959772	11.41910153	11.77394476	12.39978545	13.10176736	13.8615991	14.68839699	15.48605813	16.34665524	17.28689251
2024-05-07	10.88165925	10.88887084	10.863865	10.9119731	11.00575735	11.05556783	11.1338696	11.37204075	11.72570006	12.33849464	13.01347729	13.7793989	14.61503479	15.40811149	16.26223466	17.19515785
2024-05-06	10.84229437	10.85392573	10.84174223	10.91203652	10.99787437	11.05564796	11.13377911	11.40066984	11.75550324	12.33749978	13.03442104	13.80296993	14.64018427	15.46149148	16.35049113	17.32372828
2024-05-05	10.84024944	10.85188167	10.83975884	10.92093817	11.00674381	11.06336317	11.13404709	11.35286047	11.71612165	12.29665292	12.96832837	13.70622494	14.50872285	15.29203336	16.13764568	17.06098195
2024-05-04	10.82320837	10.83483531	10.82278713	10.90365769	10.99017027	11.05447561	11.12508382	11.33427803	11.65698937	12.23420309	12.85672511	13.6109338	14.4358253	15.21576108	16.05500051	16.97113272
2024-05-01	10.81788644	10.82981125	10.83545271	10.90334057	10.99526408	11.08585731	11.12536224	11.34354356	11.67676002	12.233924	12.83280863	13.60983105	14.46322586	15.25247074	16.10026279	17.02621476
2024-04-30	10.8189481	10.8305733	10.81864897	10.9224552	11.0271503	11.09704428	11.15250434	11.3619941	11.73561615	12.29624086	12.92117005	13.71751734	14.59228864	15.39734818	16.26234311	17.2078833
2024-04-29	10.86155079	10.86472226	10.82643495	10.92224264	11.02910933	11.1035645	11.14345581	11.36184507	11.75513062	12.38077798	13.08129392	13.87799349	14.74859187	15.55343791	16.41832567	17.36337295
2024-04-28	10.81042757	10.82205097	10.81020469	10.92467504	11.04526258	11.11766928	11.1884966	11.47549637	11.93258568	12.56807168	13.2790919	14.10142043	15.00224514	15.80625551	16.66647495	17.60547813
2024-04-24	10.79338649	10.80875519	10.8114195	10.9424749	11.08252049	11.16331428	11.23393761	11.55143291	11.99066996	12.65043684	13.34400716	14.1178276	14.96234756	15.78127729	16.66597145	17.63343472
2024-04-23	10.85894521	10.86600769	10.84250234	10.93120257	11.04687079	11.13002163	11.21583185	11.49466636	11.91199493	12.54590231	13.23294558	13.97421184	14.78029676	15.57280999	16.42898746	17.36389778
2024-04-22	10.84450971	10.85614198	10.8438953	10.90608838	11.04444459	11.10604333	11.1610465	11.47585609	11.91340225	12.50485353	13.1416925	13.90080011	14.73114688	15.511582	16.35035171	17.26526171
2024-04-21	10.84450971	10.85614198	10.84385288	10.89772841	11.04462694	11.10607294	11.16106738	11.47616443	11.87384266	12.41929035	13.1427418	13.84292419	14.59755526	15.41544032	16.30879519	17.2871911
2024-04-20	10.8061673	10.82221975	10.82274472	10.89825637	11.04465299	11.10993839	11.1884705	11.47602054	11.87343011	12.4193199	13.07350286	13.80439824	14.59990052	15.35829379	16.17357849	17.06171303
2024-04-17	10.82746864	10.83909562	10.82692359	10.88880619	11.02673002	11.09319451	11.17979087	11.38099451	11.75527368	12.27419955	12.89684812	13.62864161	14.42692464	15.16323229	15.95122697	16.8083461
2024-04-16	10.78381452	10.792863	10.80155171	10.88257521	11.04546057	11.11129713	11.1981124	11.39037994	11.75468148	12.29478304	12.91942177	13.6146474	14.36973276	15.11979245	15.92931933	16.81135355
2024-04-15	10.79764676	10.81369743	10.81421729	10.88254435	11.04372211	11.09054322	11.16156679	11.36185192	11.75553485	12.29639025	12.87507239	13.57793754	14.34505735	15.0841086	15.87882841	16.74387235
2024-04-14	10.76356462	10.78846801	10.81442598	10.92453276	11.06221647	11.12149814	11.16185043	11.33276375	11.75587088	12.25463062	12.85237711	13.60558922	14.43073764	15.15890296	15.93408011	16.77644938
2024-04-13	10.80137876	10.81145731	10.81864897	10.92492188	11.07240582	11.14346272	11.20680943	11.48539398	11.8527878	12.41877651	13.05067297	13.81721309	14.6564535	15.42188365	16.24127824	17.13400706
2024-04-10	10.75399946	10.77000837	10.80858777	10.95933541	11.07960106	11.13944049	11.17954378	11.43769254	11.81376552	12.37784921	13.05339919	13.82861401	14.67517158	15.45779667	16.29771975	17.21408904
2024-04-09	10.73374274	10.75420652	10.76693982	10.69997575	10.75466721	10.77033144	10.76197164	11.06175781	11.48718972	12.16323453	12.87515185	13.68406626	14.5680512	15.35981224	16.20738731	17.13284503
2024-04-08	10.73374274	10.75420652	10.76706537	10.72652642	10.78011194	10.79840861	10.8427541	11.11830339	11.52512241	12.18154756	12.89416893	13.67918129	14.53474356	15.35387715	16.23844935	17.20678898
2024-04-07	10.75078381	10.76682209	10.76698223	10.70734665	10.74688843	10.83677912	10.88876413	11.1467766	11.52436552	12.15911881	12.84712576	13.62834158	14.48090788	15.29621303	16.17642133	17.13982493
2024-04-06	10.74226327	10.75829806	10.7584124	10.68150222	10.72343052	10.78211591	10.83415278	11.07155437	11.42719575	12.05667744	12.76172896	13.55126413	14.41231781	15.22300105	16.09669802	17.05271226
2024-04-01	10.69863131	10.71780721	10.76693982	10.69652514	10.69707749	10.76152749	10.79769592	11.06243787	11.40800733	12.05734725	12.78595521	13.56531579	14.41282799	15.22238681	16.09608297	17.05209661
2024-03-31	10.53351013	10.60266292	10.75402313	10.64621104	10.69378119	10.77735683	10.79899229	11.02404991	11.42801585	12.0792917	12.85463301	13.65304409	14.52011947	15.34895228	16.24441853	17.22541696
2024-03-30	10.66557845	10.70374939	10.76681427	10.67194919	10.70972257	10.77970501	10.81619668	11.04300407	11.42725563	12.12076404	12.87713855	13.66299276	14.51663926	15.34960707	16.2516147	17.24020945
2024-03-27	10.73800301	10.76733012	10.804811	10.67099955	10.70967742	10.7796754	10.81637417	11.00490561	11.4079358	12.07944602	12.87853977	13.65406545	14.49250073	15.30664271	16.18685073	17.15022938
2024-03-26	10.76356462	10.78846801	10.81358953	10.74355834	10.81252439	10.87202626	10.9250261	11.15537749	11.57246882	12.27416671	13.02804742	13.84862784	14.74405677	15.55975808	16.43556858	17.39326882
2024-03-25	10.76796973	10.78474982	10.8189934	10.74638156	10.86222418	10.89236906	10.96147775	11.13604304	11.54222148	12.24232288	13.00600247	13.82578452	14.71953834	15.53330193	16.40692644	17.36215088
2024-03-24	10.75930435	10.78420599	10.80953451	10.77807986	10.82989162	10.88441694	10.90764945	11.11736296	11.52342731	12.22255859	12.96184771	13.81593958	14.75209563	15.57118707	16.446974	17.40461983
2024-03-23	10.75930435	10.78420599	10.8092834	10.72645785	10.80498701	10.86388775	10.87133875	11.04153433	11.48515194	12.18311373	12.91993425	13.74555363	14.64786679	15.45697975	16.32406284	17.27188146
2024-03-20	10.77549337	10.80039994	10.82574441	10.8140687	10.88341567	10.94393503	10.99808774	11.15401738	11.62075677	12.28337823	13.04778456	13.92181296	14.88014434	15.69944718	16.57295265	17.52763711
2024-03-19	10.75504408	10.78437647	10.82220178	10.77874838	10.85161975	10.91845166	10.92585265	11.0596577	11.52327759	12.24495615	13.00910981	13.84155972	14.75041753	15.58849192	16.49073818	17.47906709
2024-03-18	10.75721341	10.76990608	10.82700843	10.90552442	11.03092073	11.12478351	11.1799788	11.39873588	11.92315532	12.60222044	13.39767207	14.25722228	15.1970253	16.03860818	16.94113154	17.92864109
2024-03-17	10.77634542	10.80125234	10.82700843	10.90651177	11.04874645	11.13985683	11.18085755	11.3990425	11.86300499	12.57024363	13.35342487	14.20939557	15.14575465	15.98334179	16.881353	17.86375946
2024-03-13	10.77634542	10.80125234	10.8271747	10.94290859	11.10205167	11.19689435	11.25283511	11.47454738	11.93102366	12.58814132	13.32439975	14.16374085	15.08326946	15.89424677	16.76100889	17.7073679
2024-03-12	10.79233165	10.80855914	10.84601104	10.97003007	11.15073027	11.27794327	11.38012353	11.66453949	12.10674037	12.77258833	13.52029537	14.33392789	15.22245577	16.03102055	16.89770665	17.84360161
2024-03-11	10.77634542	10.80434827	10.84644538	10.98085843	11.19582253	11.33295488	11.48923833	11.81683911	12.25384827	12.89468236	13.64913336	14.43253685	15.28476828	16.06344297	16.89659585	17.80354599
2024-03-10	10.78316185	10.80682706	10.83616361	10.98111213	11.19583469	11.33014333	11.47104209	11.79785412	12.22398853	12.89569857	13.63952102	14.40848546	15.24434168	16.0351363	16.88513931	17.81168179
2024-03-09	10.76612078	10.79399498	10.836525	10.98111213	11.19240987	11.30400323	11.45254829	11.78867424	12.1946062	12.8320191	13.53581912	14.33571047	15.21083468	15.99678345	16.83676773	17.75181462
2024-03-06	10.75351038	10.78543686	10.84162007	10.99673501	11.17849525	11.3183728	11.44366159	11.77877834	12.22467389	12.89653254	13.67552144	14.44835034	15.28644481	16.09633778	16.96976749	17.92331111
2024-03-05	10.75536275	10.77602974	10.84463335	10.99666301	11.17849004	11.31696005	11.43450866	11.77868241	12.24520808	12.87516925	13.62782795	14.40975577	15.26028282	16.05857734	16.91634853	17.8518282
2024-03-04	10.77344844	10.80120461	10.84406836	10.99666301	11.17849004	11.31696005	11.43455912	11.76902461	12.24499848	12.91870848	13.65176714	14.43380397	15.28597231	16.08081641	16.93406705	17.86424737
2024-03-03	10.80838264	10.82773309	10.84417016	10.99664244	11.17849004	11.32259883	11.47095856	11.80684214	12.3244437	13.00309784	13.74113894	14.50275843	15.33044581	16.14316376	17.02109653	17.97973527
2024-03-02	10.79338649	10.81676096	10.84694929	11.01528567	11.21205916	11.34172398	11.4979806	11.87352515	12.4036943	13.08657115	13.85332765	14.62331223	15.45915227	16.29271818	17.19549942	18.18259134
2024-02-28	10.85142498	10.85815194	10.83727662	11.01549823	11.21206957	11.33749969	11.47083154	11.81643485	12.30421559	12.95950608	13.69444931	14.45333905	15.27786281	16.0974696	16.98442938	17.9536795
2024-02-27	10.83598918	10.84663257	10.8375939	11.01549823	11.21206957	11.33890895	11.47998273	11.81637661	12.30422058	12.93792608	13.6474175	14.40237166	15.22383405	16.02872103	16.89779031	17.84645667
2024-02-26	10.85303025	10.85946464	10.83723081	11.01549823	11.21206957	11.34314021	11.50729014	11.84490463	12.34372195	12.97967259	13.69154794	14.47544348	15.3312307	16.14627863	17.02419654	17.98280428
2024-02-25	10.80190703	10.82117641	10.83788572	10.99729725	11.18869329	11.33518461	11.45307728	11.75007388	12.16515734	12.74741467	13.42135178	14.18717623	15.02346232	15.81511372	16.66661283	17.59549077
2024-02-24	10.80821223	10.82313694	10.82710514	10.99756466	11.18528237	11.30623296	11.41665	11.67428979	12.02662974	12.57964394	13.22043349	13.98548827	14.82267303	15.58963778	16.41081966	17.30520343
2024-02-21	10.81618404	10.82755238	10.83595662	10.9973401	11.18527021	11.306226	11.41654385	11.69327992	12.06642721	12.62167774	13.26469854	14.03251225	14.87291234	15.64364139	16.46905827	17.36819809
2024-02-20	10.79168239	10.81082142	10.82796365	10.99755095	11.1841396	11.29282149	11.38023837	11.62664658	11.9878836	12.51759467	13.1772891	13.92798419	14.74670499	15.49643013	16.29831466	17.17064736
2024-02-19	10.83394425	10.8489852	10.85250755	11.01512454	11.21205047	11.3262082	11.39854598	11.6449224	12.06699446	12.62300422	13.31219418	14.0979526	14.95659901	15.72345882	16.54202385	17.43303354
2024-02-18	10.81042757	10.83401701	10.86348665	11.01486228	11.21203831	11.32901801	11.41662738	11.68278276	12.14596892	12.7713308	13.47095089	14.2534991	15.10811284	15.92812685	16.81282905	17.77991896
2024-02-17	10.80190703	10.82538899	10.85521882	11.01507312	11.20976668	11.31911836	11.4526614	11.75926917	12.22462731	12.89719742	13.62900212	14.435727	15.31733185	16.15437761	17.05705414	18.04441527
2024-02-14	10.78176959	10.80019195	10.85333722	10.9984046	11.21013487	11.31917933	11.45280931	11.73998269	12.22499328	12.87646454	13.57117244	14.33999699	15.17887862	16.02471285	16.94308976	17.94908369
2024-02-13	10.80190703	10.83002265	10.87168492	10.9974361	11.20105528	11.30871876	11.43461829	11.71165338	12.1655782	12.7918437	13.46940046	14.23784359	15.07720225	15.90486508	16.80074351	17.78087783
2024-02-12	10.8189481	10.84285643	10.87132183	10.9974361	11.20105528	11.30590025	11.41647425	11.68297118	12.14641141	12.72859107	13.41266549	14.21059566	15.08434005	15.88265407	16.73842733	17.67207741
2024-02-11	10.79338649	10.82139462	10.86341539	10.99764866	11.2010657	11.30590547	11.416429	11.69276945	12.12628145	12.70684526	13.40157085	14.16710973	15.00159839	15.81265206	16.68850809	17.64562916
2024-02-10	10.79901005	10.82708868	10.86887355	10.99750809	11.20220152	11.3164932	11.43475053	11.70225766	12.12586558	12.70627888	13.40094971	14.20527982	15.08589257	15.91698627	16.8128368	17.7929076
2024-02-07	10.80085048	10.81940853	10.87185798	10.99792978	11.20896953	11.30997995	11.44376774	11.70192363	12.16535862	12.81325788	13.53939515	14.34036404	15.21526617	16.05515067	16.96228006	17.95510164
2024-02-06	10.80190703	10.83002265	10.87168492	10.99694242	11.19200001	11.29827387	11.41664304	11.64462092	12.12634466	12.7727525	13.47291974	14.28131516	15.16671909	16.00375683	16.90635289	17.89403551
2024-02-05	10.77634542	10.80835116	10.86421112	11.01387492	11.19164398	11.29258458	11.38002086	11.64541574	12.04676469	12.69813939	13.42971858	14.21113826	15.06222967	15.89977964	16.80679016	17.79988443
2024-02-04	10.79764676	10.82549809	10.8679828	11.01377035	11.19163877	11.29680887	11.40730391	11.67395404	12.07606218	12.72915417	13.42760215	14.20727466	15.05855795	15.88536984	16.77898769	17.75655049
2024-01-31	10.77651583	10.80852334	10.8643774	11.01387149	11.19164398	11.2954031	11.39825887	11.65494849	12.04676802	12.64426737	13.33622258	14.09753767	14.92714048	15.74301642	16.62552573	17.59054712
2024-01-30	10.77955425	10.79231575	10.86854779	11.01377035	11.19163877	11.29539961	11.39825713	11.65479775	12.06661352	12.68703008	13.38201049	14.14603145	14.97877847	15.80925969	16.70952802	17.69501492
2024-01-29	10.75078381	10.79131333	10.87320682	11.01210419	11.17469357	11.29569227	11.39825017	11.67383413	12.10694997	12.6649625	13.35655654	14.11934687	14.95064326	15.75781129	16.62926247	17.58142013
2024-01-28	10.77634542	10.80835116	10.86421112	11.01212647	11.17470225	11.29569749	11.398104	11.70307818	12.06619432	12.68568718	13.35760421	14.10624795	14.92228514	15.74770276	16.64350918	17.62396297
2024-01-27	10.8189481	10.84285643	10.87132183	10.99477915	11.15694947	11.28191149	11.40727607	11.69384006	12.02635693	12.63249811	13.31281695	14.06577502	14.88624451	15.68269889	16.54208427	17.4804369
2024-01-24	10.8189481	10.84285643	10.87132183	10.99477915	11.15867404	11.29604763	11.39839285	11.67532785	11.91687397	12.51579867	13.22464689	13.97394851	14.78796671	15.58732579	16.45117242	17.39493722
2024-01-23	10.87751486	10.8854885	10.87808812	10.99475686	11.16038819	11.31440631	11.4166935	11.70324092	12.02606415	12.62072556	13.40468144	14.21377784	15.09400206	15.93583765	16.84510104	17.84072191
2024-01-22	10.87007132	10.88135605	10.87023427	10.99477915	11.15953719	11.30663884	11.41702064	11.62681788	11.93692241	12.53816339	13.27113703	14.04353814	14.88339064	15.70713927	16.59846845	17.57382611
2024-01-21	10.87007132	10.88135605	10.87023427	10.99477915	11.15953719	11.30663884	11.41681879	11.66500713	11.98621512	12.62202742	13.40750335	14.19058981	15.03989794	15.86470692	16.75607151	17.73107189
2024-01-20	10.86581105	10.87704119	10.86609951	10.99478943	11.1595424	11.29959603	11.37119507	11.6462945	11.94734588	12.5594643	13.29413397	14.01653917	14.79710442	15.59988038	16.47141929	17.42406662
2024-01-17	10.81735647	10.8315655	10.86956239	10.97745239	11.14260414	11.27240204	11.34436793	11.51272977	11.83020917	12.35176934	13.02540067	13.74237784	14.51995779	15.29255564	16.12742851	17.03834611
2024-01-16	10.83922698	10.85972036	10.87277078	10.97744382	11.14031688	11.25122136	11.30789192	11.46583	11.71174832	12.26923016	12.91696962	13.61352869	14.36867787	15.14977192	15.99773793	16.92410643
2024-01-15	10.87007132	10.88171065	10.86956239	10.97745239	11.13575625	11.21425663	11.271268	11.41845916	11.67361268	12.16564452	12.80554477	13.50835111	14.27100286	15.02519105	15.83921153	16.72662804
2024-01-14	10.88165925	10.89330163	10.8810454	10.97742325	11.13916717	11.24062492	11.28957909	11.45680601	11.65297203	12.16434102	12.78237755	13.48277567	14.24407953	14.99646656	15.80844384	16.69356158
2024-01-13	10.86581105	10.88188114	10.88222628	10.97742154	11.13916543	11.24062318	11.28998106	11.38010033	11.63392833	12.12458261	12.71676492	13.42465239	14.19633303	14.95644402	15.77697746	16.67205545
2024-01-10	10.8604789	10.86960312	10.87800498	10.97743182	11.14031167	11.25121613	11.30824168	11.39871703	11.69276451	12.20759459	12.89609075	13.60630258	14.37463518	15.1154444	15.91216471	16.77944296
2024-01-09	10.84450971	10.86057277	10.86111641	10.97747296	11.13749124	11.23287138	11.28971134	11.41767633	11.75248234	12.27078976	12.93967302	13.6512998	14.42271919	15.16717032	15.96800047	16.83989962
2024-01-08	10.85303025	10.8643097	10.85326426	10.97749525	11.13750339	11.23287835	11.28941378	11.47460219	11.85095795	12.43862616	13.11876855	13.8280363	14.59641717	15.34737146	16.15624262	17.03700399
2024-01-07	10.89137266	10.90271727	10.89133905	11.01205105	11.17466578	11.29003781	11.36201429	11.60716311	12.02767775	12.64642291	13.31581077	14.03592582	14.81826823	15.57018931	16.37839584	17.25784469
2024-01-06	10.82389001	10.84880961	10.87450138	10.98634204	11.16052365	11.29043498	11.36203691	11.63601831	12.04731198	12.68847969	13.33773895	14.04516752	14.81397016	15.55428756	16.34953526	17.21406749
2024-01-03	10.69437104	10.71122666	10.8531455	10.99483229	11.15783868	11.28406458	11.37114286	11.62666714	12.00792706	12.56062498	13.17719342	13.86810866	14.61912721	15.37130361	16.18343159	17.06789721
2024-01-02	10.76782488	10.8043568	10.87241109	10.99694242	11.1942838	11.31945979	11.4529955	11.72162123	12.10553599	12.66318455	13.26253183	13.91306758	14.61777877	15.39316072	16.23882117	17.16197903
2024-01-01	10.75078381	10.78709905	10.85587373	10.99736753	11.19430464	11.31383495	11.4166152	11.68340457	12.08631597	12.66502324	13.24159457	13.95324527	14.73164607	15.49911316	16.32716129	17.22969879
2023-12-31	10.74226327	10.7826853	10.8649373	11.0143686	11.20184028	11.32207798	11.47090462	11.77879376	12.18479158	12.74672352	13.32706273	14.06986365	14.88498869	15.68723712	16.55437585	17.50170601
2023-12-30	10.79338649	10.82716028	10.87808812	10.99594478	11.20218589	11.32212501	11.4708385	11.79806139	12.19441157	12.78877374	13.41890937	14.182395	15.01892565	15.83197737	16.7100718	17.66974257
2023-12-27	10.80936931	10.82862471	10.87808812	10.99594478	11.20218589	11.32212501	11.47073757	11.81716629	12.22423805	12.83105707	13.46382476	14.23007648	15.06982898	15.88679477	16.76932206	17.73399622
2023-12-26	10.76560954	10.80211327	10.87026142	10.99749095	11.20448183	11.3362716	11.46185609	11.79810079	12.18423264	12.81034881	13.44271882	14.20751723	15.04559468	15.84988555	16.71687136	17.66360608
2023-12-25	10.70818113	10.75701775	10.86566177	11.01584963	11.2278668	11.34000291	11.48866757	11.88365231	12.34356392	12.97895188	13.63216298	14.42258499	15.29006159	16.10874738	16.99006858	17.95273756
2023-12-24	10.73800301	10.78279441	10.87770298	11.0155308	11.23013496	11.36259286	11.53423735	11.95056486	12.40291744	12.97596401	13.61541965	14.41779896	15.30025262	16.10487327	16.96711211	17.90763825
2023-12-23	10.69966059	10.75702627	10.89162578	11.03390834	11.26598092	11.40008367	11.5796888	12.02707697	12.45142664	13.03717437	13.70427411	14.50065347	15.37425529	16.19449524	17.07692609	18.04064135
2023-12-20	10.69011248	10.70787161	10.86680532	11.03306325	11.23884115	11.37440171	11.56129767	12.02744012	12.45181756	13.04862351	13.66962788	14.46140777	15.3326592	16.14452476	17.01686869	17.9690076
2023-12-19	10.72777836	10.77222973	10.86821355	11.03201419	11.22072366	11.35773449	11.55248406	11.9506488	12.38228012	12.98674333	13.60453259	14.39191551	15.25806001	16.06400733	16.92968584	17.87431938
2023-12-18	10.77634542	10.81454471	10.87808812	10.99618305	11.21352495	11.3537593	11.52534543	11.91217006	12.38295882	13.02056048	13.68800271	14.45653717	15.29708951	16.11446889	16.99695025	17.96094877
2023-12-17	10.79338649	10.83159107	10.89497669	10.99590364	11.20444884	11.34470973	11.51624818	11.89301719	12.37336877	12.99976521	13.66560098	14.43272037	15.27163078	16.10327219	17.00375137	17.98869911
2023-12-16	10.76782488	10.81488397	10.90350411	11.01439774	11.26861205	11.41427206	11.57092739	11.98791132	12.50188046	13.16833052	13.84503546	14.58424527	15.38961248	16.26056546	17.21338218	18.25888862
2023-12-13	10.7642224	10.79322782	10.90097099	11.01440459	11.26861552	11.4142738	11.57092913	11.98791132	12.50188046	13.16833216	13.84503546	14.58424527	15.38961248	16.26056546	17.21338218	18.25888862
2023-12-12	10.74226327	10.78700358	10.88205322	11.02526553	11.25940047	11.40945724	11.58921064	11.98785993	12.50163094	13.16812531	13.84477435	14.61020373	15.44674157	16.34615275	17.33123047	18.4142105
2023-12-11	10.84024944	10.86400625	10.89286095	11.03429574	11.27731824	11.4274954	11.60745734	12.00710187	12.48079732	13.1453912	13.84459757	14.624407	15.47651249	16.36819071	17.34188451	18.41148472
2023-12-10	10.80395196	10.8317786	10.87431814	11.02542666	11.25940916	11.41369721	11.61659461	12.00720979	12.48077237	13.14549463	13.82111248	14.58517567	15.42012591	16.29548696	17.25066591	18.29883341
2023-12-06	10.85047409	10.86941048	10.88696336	11.07626872	11.28326131	11.47261433	11.59932063	11.88183997	12.36170101	12.93338517	13.64105685	14.3833377	15.18968814	16.0238632	16.9310538	17.92402834
2023-12-05	10.82947267	10.8477441	10.90159028	11.07591903	11.28324394	11.47260039	11.59931193	11.88183483	12.36169768	12.93338352	13.64105361	14.38333609	15.18968814	16.02386008	16.93105225	17.92402527
2023-12-04	10.82746864	10.85548733	10.89735541	11.03418946	11.27845406	11.43526984	11.60804027	11.91080309	12.40159496	12.99705314	13.72079687	14.488078	15.32320755	16.16913662	17.08771647	18.09355323
2023-12-03	10.84450971	10.86500356	10.87808812	10.99570822	11.1954144	11.32863652	11.46211885	11.739772	12.24469905	12.92992778	13.67557334	14.49228631	15.38496906	16.25494996	17.19744525	18.23092126
2023-12-02	10.87569488	10.89126439	10.89302553	11.01260472	11.18825911	11.33930786	11.48029769	11.77793555	12.28394257	13.00370362	13.79025474	14.62266431	15.53156632	16.41902175	17.38136351	18.43754203
2023-11-29	10.84876998	10.87369636	10.89928282	11.0125053	11.19844672	11.35752197	11.49850611	11.81574623	12.36334787	13.13160102	13.97478975	14.83480524	15.77326571	16.7033139	17.71542063	18.82902039
2023-11-28	10.82129466	10.83216559	10.87477454	10.99636475	11.18750711	11.32174003	11.416429	11.73978056	12.28496396	13.07045468	13.93400992	14.7920582	15.72673579	16.65247974	17.65968558	18.76769567
2023-11-27	10.86155079	10.88204991	10.89497669	10.99334782	11.13563468	11.22287941	11.3247274	11.66467481	12.16707535	12.95606346	13.78887947	14.64240206	15.57354701	16.50373912	17.51725102	18.63309806
2023-11-26	10.94249588	10.94564087	10.90715024	11.01073629	11.15681227	11.27336536	11.35239153	11.68344054	12.16611219	12.9657921	13.77603816	14.64741789	15.60149542	16.53006275	17.53905796	18.64953124
2023-11-25	10.85303025	10.87795838	10.90342097	10.99469344	11.15573898	11.25365838	11.32510326	11.63550271	12.16741637	12.92481227	13.68373742	14.52038005	15.43615495	16.32747131	17.29413882	18.35563927
2023-11-22	10.87697636	10.88590789	10.91182284	10.98456274	11.13565899	11.21444302	11.27051454	11.55055244	12.00955562	12.69232945	13.41224707	14.21730471	15.09736454	15.9607956	16.89701725	17.92396832
2023-11-21	10.83598918	10.86534281	10.90329542	10.96870502	11.132552	11.25137291	11.30713497	11.61726629	12.05816962	12.75390919	13.47799918	14.27441939	15.14407812	16.02125188	16.97564371	18.02363868
2023-11-20	10.75504408	10.80209963	10.89058743	10.96007593	11.11798958	11.19930524	11.27037185	11.5799301	11.96977645	12.60588141	13.3430876	14.11940591	14.9638514	15.80418517	16.71554987	17.71395688
2023-11-19	10.79338649	10.82716028	10.87792185	10.9588503	11.10781065	11.18325816	11.27046408	11.54212628	11.89043603	12.52188933	13.25427694	14.05075308	14.91929313	15.76866345	16.68887215	17.69765913
2023-11-15	10.8189481	10.85272896	10.903253	10.95772238	11.10014302	11.1840525	11.27034575	11.57073481	11.92990579	12.58496958	13.32171894	14.10949075	14.96759063	15.83055245	16.76872096	17.79827759
2023-11-14	10.80085048	10.82254537	10.88619816	10.92273461	11.06468609	11.14947776	11.24309924	11.53271343	11.93076582	12.60808455	13.34654363	14.14851782	15.02349528	15.90245176	16.85874665	17.90926357
2023-11-13	10.81042757	10.84420493	10.89413854	10.82172072	10.98154571	11.02879191	11.10639861	11.41042527	11.79520257	12.46508033	13.19485305	13.98680327	14.85013166	15.71492021	16.65504009	17.68715001
2023-11-12	10.92545481	10.93069825	10.88585204	10.81640682	10.95115306	10.97971348	11.03379114	11.28716928	11.67850669	12.32116334	13.06470305	13.87500123	14.75883156	15.60725755	16.52498853	17.53128021
2023-11-11	10.87007132	10.88614144	10.88644927	10.97486401	11.10179985	11.20517919	11.3065242	11.66560667	12.08790294	12.79525348	13.56885815	14.43874799	15.3928839	16.30559548	17.29514118	18.38346349
2023-11-08	10.8871124	10.9031878	10.90333784	10.97784494	11.15610543	11.26498994	11.39743406	11.79828065	12.28511867	13.04753507	13.885199	14.80548427	15.81643943	16.78856289	17.8458595	19.012305
2023-11-07	10.89455082	10.90653092	10.91190598	11.00381107	11.18499233	11.31599848	11.47930757	11.9219529	12.443194	13.23705162	14.06364095	15.00886226	16.05105124	17.07898345	18.20286845	19.44697263
2023-11-06	10.91693427	10.9241552	10.89915726	10.98699342	11.18537441	11.30479061	11.40687237	11.78778178	12.34490303	13.15604741	13.95406494	14.87650858	15.89309504	16.9060176	18.01402054	19.23989629
2023-11-05	10.8871124	10.9031878	10.90333784	10.97808149	11.16159868	11.23992813	11.34291494	11.693357	12.16631347	12.96548182	13.82294186	14.73958751	15.74477572	16.74417517	17.83663849	19.04466348
2023-11-04	10.86853763	10.88460712	10.88484592	10.96008964	11.11713337	11.18971567	11.26146079	11.52225567	11.96972156	12.71416227	13.6012728	14.49166712	15.46268113	16.42528891	17.47558606	18.6348665
2023-11-01	10.98769903	10.98632436	10.88311702	10.94043848	11.07758646	11.12381671	11.17952116	11.40894868	11.81271252	12.5694983	13.44802532	14.32771674	15.28621876	16.22265537	17.24172376	18.36487708
2023-10-31	10.90517593	10.91682454	10.90409794	10.91981882	11.01571746	11.07233435	11.14322264	11.34237873	11.81417806	12.57219396	13.47384254	14.36923976	15.34499455	16.28693586	17.31098824	18.43981531
2023-10-29	10.84450971	10.87386514	10.9114869	10.91078004	11.0056983	11.04911729	11.08886709	11.24804645	11.6572522	12.36311177	13.22693848	14.09173827	15.03279939	15.94812876	16.94302624	18.038562
2023-10-28	10.83360343	10.8585253	10.88374988	10.90311602	11.00477437	11.04008166	11.07979942	11.2289878	11.65804236	12.30004794	13.1809884	14.01834569	14.92522064	15.80829468	16.76658147	17.81966828
2023-10-25	10.8681968	10.88869695	10.90118647	10.91005152	10.98647452	11.02327508	11.07072131	11.20100451	11.57923758	12.21657135	13.06937703	13.88558665	14.76896136	15.63873366	16.58312644	17.62040143
2023-10-24	10.83492411	10.84752248	10.9030019	10.89967398	10.94932082	10.98069595	11.04314245	11.2019141	11.52038976	12.17510393	12.98014958	13.78835653	14.6653416	15.52711116	16.46235166	17.48921605
2023-10-23	10.8189481	10.85272896	10.90296118	10.89032836	10.93140826	10.96140183	11.01602992	11.14533255	11.44218052	12.11391655	12.91604521	13.70728142	14.56422879	15.41693383	16.34311371	17.35967136
2023-10-22	10.83598918	10.86091202	10.88603019	10.88239351	10.93161146	10.95558014	10.97998895	11.13565591	11.48257185	12.11470785	12.90377639	13.68107878	14.52225281	15.37086865	16.29365302	17.30636084
2023-10-21	10.85729052	10.87335711	10.87319834	10.84828853	10.90969749	10.90720721	10.96158737	11.04120373	11.3854287	11.97056594	12.76114025	13.51766942	14.33370625	15.14575283	16.0259122	16.98958062
2023-10-18	10.87433159	10.89040346	10.89008521	10.84786684	10.9119587	10.92279267	10.96174746	11.04125854	11.36536195	11.99174536	12.73930289	13.51729917	14.36173157	15.17792115	16.0602524	17.02637329
2023-10-17	10.90306966	10.91016386	10.88590464	10.85633138	10.91634219	10.95909371	10.99843402	11.05972793	11.40383528	12.05374538	12.80555937	13.58758459	14.43672008	15.23773512	16.10061602	17.04406701
2023-10-16	10.89563293	10.90284854	10.87758591	10.88358999	10.95199537	10.99765932	11.05310801	11.10952778	11.48156045	12.11483918	12.84660355	13.63026301	14.48274138	15.28756685	16.15475846	17.10309537
2023-10-15	10.9121304	10.919259	10.8945152	10.89596625	11.03665538	11.10352966	11.14383516	11.28565672	11.6759632	12.35075478	13.15521172	13.95486029	14.82215815	15.64715692	16.53730955	17.51144403
2023-10-14	10.94982354	10.94947839	10.8956299	10.93817921	11.0436509	11.10331713	11.14362808	11.29501817	11.69566564	12.37206554	13.0968874	13.86973007	14.71052779	15.52078943	16.39555975	17.3521466
2023-10-11	10.83918267	10.85061841	10.89042115	10.92016336	11.01687411	11.07473653	11.10763756	11.228921	11.61783068	12.25809622	12.97531179	13.74067186	14.57276369	15.38300231	16.25888058	17.21707185
2023-10-10	10.8903502	10.90642693	10.90612715	10.88188954	10.93614778	10.99519965	11.03437582	11.19206445	11.55998096	12.23939246	12.95674232	13.73329732	14.57871788	15.40059089	16.28954757	17.26287145
2023-10-09	10.94675615	10.95132129	10.90847024	10.89011752	10.93595847	10.99516655	11.03424879	11.21106315	11.58021738	12.17489872	12.977665	13.77322446	14.63517195	15.4938079	16.42675193	17.45101354
2023-10-08	10.93397535	10.93406013	10.87895172	10.88447107	10.97236713	11.03130907	11.07062387	11.26769266	11.63816359	12.27837108	13.07724756	13.89764666	14.78972488	15.66207807	16.60874758	17.64862737
2023-10-07	10.89137266	10.89858653	10.87344945	10.9004145	10.95391619	11.01321168	11.05246765	11.23000189	11.57925089	12.23768675	13.00027919	13.82029472	14.71427485	15.58118024	16.52097757	17.55303106
2023-10-04	10.77631815	10.80044086	10.87868365	10.89929686	10.93581606	10.99516307	11.03414786	11.23008069	11.59911303	12.30140726	13.09202853	13.93162278	14.84732804	15.73620049	16.70096078	17.76177119
2023-10-03	10.70818113	10.76408587	10.87767074	10.89833693	10.92221058	10.99529546	11.03424009	11.23005328	11.60905242	12.31178437	13.14927112	13.98839914	14.90047145	15.79825943	16.77445311	17.84848062
2023-10-02	10.75078381	10.80226841	10.9030019	10.89770098	10.91427376	10.9466351	10.97087777	11.13532017	11.54159933	12.24155293	13.05142385	13.86360989	14.74528277	15.62373613	16.57918829	17.62940068
2023-10-01	10.75504408	10.80209963	10.89025318	10.87982055	10.88865536	10.93194501	10.97059936	11.11651504	11.52194846	12.24224572	13.05282994	13.86496	14.7465747	15.62503166	16.58048965	17.63070893
2023-09-30	10.76543913	10.80806645	10.88383302	10.91391524	10.89926153	10.95745451	10.98923584	11.14457028	11.57085689	12.28314511	13.14214011	13.94947103	14.82223977	15.69489335	16.64389184	17.68641124
2023-09-27	10.78807309	10.80295885	10.89025318	10.8788349	10.86828534	10.89245093	10.91626817	11.02233693	11.39533315	12.09797576	12.89968462	13.66391518	14.4889326	15.33347926	16.2529114	17.26180331
2023-09-26	10.80190703	10.8356826	10.88611503	10.89664334	10.8917172	10.95484329	10.9710309	11.14485121	11.55151709	12.24116056	13.07382397	13.86301782	14.71584307	15.579311	16.51909991	17.55114872
2023-09-25	10.64853737	10.72215106	10.88603019	10.88042051	10.89998574	10.95913203	10.99775886	11.19222718	11.59985994	12.34551451	13.16311144	13.9823077	14.8721667	15.73927171	16.67947763	17.71163434
