DATE	1	7	30	90	180	270	360	720	1080	1440	1800	2160	2520	2880	3240	3600
2024-09-25	10.62999974	10.62999974	10.65137838	10.88134492	11.05427688	11.15934184	11.28938046	11.4532014	11.51162581	11.71778074	12.04114428	12.44615928	12.88377841	13.36008209	13.88795675	14.47442211
2024-09-24	10.59579478	10.61663474	10.64986185	10.88188136	11.06204794	11.15919807	11.2894355	11.43436091	11.49267151	11.66797308	11.95628306	12.34477387	12.7654986	13.23447112	13.75506737	14.33328032
2024-09-23	10.62889102	10.6414238	10.64936946	10.89008444	11.06186893	11.15916898	11.28941314	11.43449583	11.47321521	11.66795725	11.95697222	12.34540888	12.76607534	13.23052221	13.74565719	14.31771095
2024-09-22	10.58139791	10.60636466	10.65229093	10.88076643	11.04568575	11.15810272	11.28049176	11.43468135	11.46359799	11.67824156	11.95750581	12.36263182	12.80312544	13.26186161	13.76817015	14.33029034
2024-09-21	10.61035712	10.62826051	10.64557976	10.87251122	11.04557152	11.14911394	11.27149642	11.41590832	11.45420423	11.678789	11.97977819	12.38098469	12.8156379	13.26545702	13.76158448	14.31224764
2024-09-18	10.5927764	10.60329289	10.64557976	10.87251122	11.04557152	11.14911394	11.27149642	11.41590832	11.45420423	11.67873046	11.99040178	12.40990431	12.86488601	13.33218492	13.8474477	14.41968038
2024-09-17	10.593809	10.61602799	10.64557976	10.87251122	11.04557152	11.14911394	11.27149642	11.41605505	11.43484024	11.66969926	11.96964151	12.38764696	12.84167028	13.30769313	13.8214931	14.39206999
2024-09-16	10.61035712	10.62826051	10.64557976	10.87251122	11.0478135	11.16577364	11.28059668	11.43472352	11.45371034	11.69824373	12.01142185	12.43179617	12.88777537	13.35636589	13.87310615	14.44700709
2024-09-15	10.61035712	10.62826051	10.64557976	10.87251122	11.0478135	11.16577364	11.2805468	11.44390849	11.49222781	11.73842845	12.05301085	12.48677861	12.95814088	13.42246927	13.93257126	14.49901066
2024-09-14	10.57726088	10.60379383	10.64557976	10.87274329	11.05782313	11.18367246	11.29838783	11.50950364	11.5687721	11.79702365	12.11336888	12.53840937	12.99967525	13.4657423	13.97896423	14.54892731
2024-09-11	10.62172733	10.62173011	10.64317037	10.87334868	11.05782825	11.18229128	11.2894011	11.50006906	11.56898585	11.79746034	12.10301907	12.5096329	12.9504033	13.42159434	13.94300563	14.52219973
2024-09-10	10.61863118	10.63125126	10.63903272	10.87229765	11.03783796	11.15690296	11.27153082	11.43440813	11.51209218	11.71867943	12.02038556	12.4349834	12.88498108	13.34410234	13.84998334	14.4116482
2024-09-09	10.64345336	10.65272883	10.64557976	10.87227748	11.03613474	11.13453885	11.22708388	11.35968703	11.41679924	11.64067379	11.91840276	12.36194351	12.84663891	13.28786168	13.76870849	14.30218933
2024-09-08	10.62690524	10.64049467	10.64557976	10.87227748	11.03613474	11.13608604	11.23561999	11.35963644	11.41666807	11.6403352	11.96098738	12.39690411	12.87011246	13.32967063	13.83378324	14.39345355
2024-09-07	10.61863118	10.63652683	10.65374674	10.87249104	11.04233727	11.11911143	11.22651973	11.3314946	11.39779474	11.62120482	11.9195555	12.36410742	12.84862993	13.30785221	13.81043721	14.36837583
2024-09-04	10.5927764	10.60329289	10.64557976	10.87251122	11.0423475	11.11659553	11.20841038	11.34091569	11.41696441	11.6818284	11.96209812	12.43625951	12.95626907	13.43729571	13.96278162	14.54657411
2024-09-03	10.59794603	10.61462272	10.63538253	10.87307458	11.04446672	11.13733372	11.24456373	11.3685971	11.47387266	11.76126276	12.08816253	12.58766454	13.13423498	13.65429573	14.22455556	14.85904702
2024-09-02	10.59165775	10.61255283	10.64565198	10.87204877	11.02738334	11.12721022	11.22630474	11.40624436	11.53184481	11.82127403	12.15044179	12.65289852	13.20288072	13.73641715	14.3227498	14.97550038
2024-09-01	10.58967197	10.61189483	10.64141421	10.85529115	11.02038972	11.12578968	11.21815906	11.42522653	11.54144908	11.84104837	12.19295796	12.71020325	13.27594365	13.81930889	14.41606823	15.08067833
2024-08-31	10.58388013	10.60611006	10.63569601	10.85600418	11.04706503	11.15404818	11.25325463	11.47156461	11.6275361	11.92031501	12.29680133	12.83208411	13.41733488	13.97027477	14.57681614	15.25257099
2024-08-28	10.57623324	10.58675859	10.6291621	10.85602099	11.04707185	11.15682252	11.27123327	11.49029042	11.64640782	11.95014582	12.31736715	12.8531369	13.4396445	14.00350247	14.62324558	15.31403514
2024-08-27	10.57229644	10.59317656	10.62651637	10.8564145	11.03818917	11.14933644	11.27140354	11.45300408	11.5695429	11.83950889	12.19056691	12.70797843	13.27387661	13.81729246	14.41410012	15.07876073
2024-08-26	10.58553494	10.60636135	10.63973355	10.87345295	11.05447124	11.1552274	11.26219837	11.47160846	11.6079956	11.90001539	12.24321976	12.76844146	13.3440931	13.87353164	14.45238864	15.09666884
2024-08-25	10.58388013	10.6046866	10.6381333	10.8723027	11.03699402	11.14649878	11.25342835	11.42449119	11.58967932	11.82028199	12.15822165	12.67364676	13.23792338	13.75129661	14.31172456	14.93509209
2024-08-24	10.57726088	10.59799253	10.63173398	10.87231952	11.0361552	11.13455254	11.22709248	11.41565534	11.5318691	11.80067853	12.12846188	12.63001531	13.17894069	13.66939469	14.20353072	14.79713134
2024-08-21	10.59691177	10.60435759	10.63555158	10.87230943	11.03615008	11.1360946	11.23547723	11.38746964	11.4933241	11.76084664	12.08713268	12.57502677	13.1081594	13.60284502	14.14364253	14.74476741
2024-08-20	10.593809	10.61173116	10.6291621	10.85438811	10.98287959	11.07389372	11.17246343	11.30368332	11.41793925	11.70318336	12.09222591	12.57725311	13.10302684	13.60095232	14.14641014	14.75280392
2024-08-19	10.58139791	10.59809172	10.61896651	10.85442006	10.98289494	11.07251939	11.16354205	11.28496088	11.39909021	11.66374069	11.98593549	12.45722246	12.97123009	13.45230777	13.9784565	14.56300459
2024-08-18	10.56683557	10.58765466	10.62123803	10.85441502	10.98204588	11.0690365	11.19045067	11.30385366	11.38887221	11.66291478	11.9855808	12.45689506	12.97092757	13.45201464	13.97817493	14.5627296
2024-08-17	10.58967197	10.60237368	10.61019883	10.83837715	10.99852913	11.07237734	11.16334598	11.31324945	11.40870905	11.64274964	11.96336754	12.41067027	12.89701666	13.3677958	13.88418829	14.45770362
2024-08-14	10.61130533	10.61070448	10.61470576	10.83836033	10.9987968	11.0723722	11.16334254	11.31324777	11.40870743	11.64274806	11.96336598	12.41067027	12.89701666	13.3677958	13.88418829	14.45770218
2024-08-13	10.59794603	10.61053585	10.61861692	10.85488588	10.99704073	11.06337487	11.15418724	11.31324439	11.41834732	11.67309782	12.00620884	12.45580169	12.94410683	13.41744954	13.93676717	14.51359881
2024-08-12	10.57726088	10.59390731	10.61496673	10.85489597	10.99704584	11.06337829	11.15428872	11.29432125	11.41864366	11.65355132	11.96369111	12.41041748	12.89678566	13.37666426	13.90405765	14.48998425
2024-08-11	10.593809	10.60635309	10.61461714	10.8541964	10.9733013	11.05463426	11.14542066	11.27615369	11.34202164	11.56353363	11.85944949	12.29537403	12.77000524	13.2467936	13.77152717	14.35441288
2024-08-10	10.57726088	10.599497	10.6291621	10.85462186	10.98925773	11.06342792	11.15427668	11.30409315	11.37996587	11.62306233	11.92180498	12.37774872	12.87541193	13.35492834	13.88075686	14.46491231
2024-08-07	10.6010488	10.60158176	10.62095409	10.84637674	10.98944698	11.06346387	11.15430248	11.30410833	11.37997559	11.62289619	11.95376756	12.42427655	12.93669562	13.42493052	13.95987977	14.55435445
2024-08-06	10.56898682	10.59123232	10.62095409	10.84614468	10.9820868	11.0635289	11.1544504	11.28521049	11.37984604	11.66421535	11.9227306	12.38796523	12.89906878	13.38086653	13.90813686	14.49392942
2024-08-05	10.57726088	10.59520016	10.61274444	10.83789788	10.982987	11.07123919	11.1549767	11.30380981	11.41822425	11.70375928	12.0281483	12.49545557	13.00487339	13.49661185	14.03614023	14.63580928
2024-08-04	10.56087824	10.58163016	10.61547881	10.85621774	11.02581651	11.10913341	11.20828827	11.37819191	11.51266542	11.8627704	12.23876591	12.72943478	13.2630601	13.78919791	14.3681959	15.01262491
2024-08-03	10.593809	10.60743432	10.61274444	10.83859912	11.00965549	11.10196909	11.20839662	11.36869324	11.53244882	11.84266379	12.23817009	12.71237477	13.22557931	13.75282551	14.33519022	14.98343268
2024-07-31	10.51005731	10.51628154	10.61274444	10.83859912	11.00965549	11.10196909	11.20849638	11.34975323	11.53253303	11.85342592	12.2387488	12.71235346	13.22555845	13.75280783	14.33516979	14.98341098
2024-07-30	10.53589058	10.56085357	10.60725274	10.83905821	11.00966402	11.10059305	11.1994202	11.35934635	11.52277654	11.86325138	12.28232748	12.74765363	13.24921679	13.7628635	14.32986943	14.96068792
2024-07-29	10.54002761	10.56660198	10.60858053	10.82161281	10.99013918	11.06356142	11.15447448	11.28464043	11.45647616	11.81538192	12.22196168	12.68368662	13.18185719	13.68668533	14.24328841	14.86231488
2024-07-28	10.53489769	10.56147685	10.60351556	10.82026076	10.95886397	11.00373781	11.10926044	11.21966762	11.38114637	11.68645634	12.053546	12.49458452	12.9710453	13.45369968	13.98546966	14.57636403
2024-07-27	10.57163452	10.58958071	10.60702953	10.80231422	10.93703918	11.00893049	11.09189238	11.2107272	11.33373389	11.58610688	11.92622306	12.36091866	12.83146329	13.31540535	13.84923491	14.44241213
2024-07-24	10.55968843	10.5678535	10.59624636	10.80307264	10.94481877	11.01033905	11.10050589	11.21095151	11.29475167	11.59609847	11.92763404	12.36166941	12.83215329	13.30700085	13.82984408	14.41061487
2024-07-23	10.5964567	10.61007789	10.61519651	10.80436583	10.96311436	11.03058604	11.13637373	11.2665319	11.39943188	11.72521233	12.09473986	12.53764949	13.01623833	13.50156086	14.03637366	14.63071646
2024-07-22	10.57312385	10.59106865	10.60850011	10.80438265	10.96312288	11.02807014	11.11852237	11.22925062	11.34241838	11.63572467	11.95778739	12.36381504	12.80277074	13.26953114	13.78568768	14.35890656
2024-07-21	10.56071276	10.57867081	10.59624636	10.8044146	10.96313993	11.02808041	11.11852925	11.229254	11.34293171	11.56505096	11.90363022	12.30300481	12.73297452	13.19095064	13.69733549	14.25952046
2024-07-20	10.54830167	10.57056981	10.60041191	10.82033812	10.95886738	11.00247986	11.10028574	11.21099705	11.28570445	11.50554916	11.82060623	12.19257241	12.592549	13.032246	13.51943915	14.05997543
2024-07-17	10.55141768	10.55423225	10.60449704	10.81926691	10.94557064	11.01774469	11.1008602	11.18283159	11.25684145	11.50639089	11.80101426	12.18240463	12.59453705	13.03514473	13.52224325	14.06267307
2024-07-16	10.57676444	10.59470418	10.61205347	10.79349902	10.92496488	10.97166268	11.04688989	11.07260516	11.09586509	11.30960791	11.59597369	11.98035716	12.39600514	12.83084574	13.31051398	13.84250493
2024-07-15	10.56898682	10.58693548	10.60437559	10.79321146	10.91720916	10.97043211	11.03768473	11.08061123	11.13423359	11.34951732	11.637208	12.02323482	12.44075257	12.87361503	13.35075458	13.87992902
2024-07-14	10.57792281	10.59156463	10.5968602	10.79340149	10.91721939	10.97043725	11.03768989	11.08075965	11.11494084	11.3494841	11.63785827	12.02951639	12.45348561	12.90066381	13.3944164	13.94226008
2024-07-13	10.54217887	10.56445273	10.59424729	10.79395307	10.92498704	10.96614653	11.01049748	11.06208274	11.10550013	11.39019252	11.70275726	12.10346844	12.5364858	12.98390463	13.47712101	14.02440524
2024-07-10	10.55555306	10.55723458	10.59212348	10.79400688	10.92498875	10.96891402	11.02859651	11.10849503	11.19121956	11.46883895	11.82665464	12.24617368	12.69802276	13.14611335	13.63839562	14.18469541
2024-07-09	10.56269854	10.58065308	10.59820768	10.80205356	10.92480291	10.96611572	11.0104734	11.08071074	11.13444896	11.3696967	11.67972573	12.13692145	12.63474804	13.04715788	13.49194973	13.9849333
2024-07-08	10.54830167	10.57056981	10.60033149	10.80199975	10.9248012	10.96611401	11.0104734	11.0622885	11.07715369	11.30998922	11.63914168	12.09559096	12.59122116	13.00116731	13.44319473	13.93307446
2024-07-07	10.5524387	10.57470132	10.60441498	10.80189549	10.92591623	10.97373872	11.0104734	11.05296186	11.05791924	11.30995124	11.68228945	12.13111956	12.61533553	13.03434345	13.48839282	13.99174254
2024-07-06	10.52347949	10.55436781	10.60841969	10.78738792	10.94232275	10.96311033	10.99300731	11.01672118	10.9823174	11.19157578	11.5157499	11.96688032	12.4563887	12.86801055	13.31258861	13.80527911
2024-07-03	10.51832972	10.52341869	10.60433456	10.78452576	10.90514167	10.92488237	10.93823035	10.96895122	11.0419267	11.1045247	11.37816583	11.80488265	12.26895647	12.66133278	13.08521072	13.5546799
2024-07-02	10.51206129	10.54296194	10.59722784	10.79917458	10.87149491	10.91015153	10.93909892	10.95196256	11.04136317	11.21431674	11.51625549	11.96626358	12.45581792	12.89397821	13.37044157	13.89886902
2024-07-01	10.55657573	10.57453765	10.59216451	10.80220828	10.92593157	10.97651477	11.02857759	11.08057918	11.13423682	11.35929374	11.70064934	12.1260075	12.58524957	13.03699324	13.53288479	14.0831978
2024-06-30	10.52960229	10.5561864	10.59820768	10.80157093	10.91367825	10.94475455	11.01955989	11.06225477	11.09626507	11.32988064	11.68110404	12.09463464	12.53965714	12.97904987	13.46142279	13.99651988
2024-06-29	10.53373933	10.56031957	10.60229281	10.80098236	10.90366691	10.92549167	10.99278716	11.00763066	11.07810262	11.29187935	11.61956838	12.01237112	12.43501943	12.86314991	13.3340949	13.85631156
2024-06-26	10.5390099	10.54296028	10.60850011	10.80082428	10.90925908	10.97054336	11.03770708	11.09019929	11.11488579	11.34923411	11.63769803	12.01232543	12.41681555	12.82992957	13.28458709	13.78854036
2024-06-25	10.51934246	10.55023465	10.60441498	10.80044255	10.90441367	10.98774046	11.0468125	11.08080687	11.09535176	11.3691018	11.70203388	12.10389178	12.53687327	12.9576321	13.41876764	13.93002949
2024-06-24	10.56071276	10.57867081	10.59624636	10.80210401	10.92816673	11.00279307	11.10046977	11.22071328	11.26650239	11.48518466	11.8101662	12.21088568	12.64312347	13.1009859	13.60694953	14.16862384
2024-06-23	10.56484979	10.58280232	10.60033149	10.80199975	10.92816162	11.00006665	11.08288672	11.19275022	11.22855978	11.44609007	11.74824318	12.14531212	12.57473408	13.01547383	13.50102582	14.03971122
2024-06-22	10.58305272	10.60098659	10.61830015	10.80105971	10.91925337	10.9926439	11.08281793	11.13659639	11.17116735	11.42770491	11.69841075	12.1087069	12.55533797	13.01401415	13.51947855	14.08055369
2024-06-19	10.53239231	10.54057297	10.56913088	10.76804897	10.89225412	10.95726216	11.04675402	11.11821127	11.17202236	11.42821596	11.805395	12.19078007	12.60215839	13.06930478	13.58849681	14.16505062
2024-06-18	10.53589058	10.55387514	10.5715813	10.76750244	10.88224619	10.9394626	11.02879086	11.08067869	11.1724693	11.44969591	11.80665819	12.22524879	12.67604993	13.12286324	13.61369861	14.15836005
2024-06-17	10.5251343	10.54313057	10.56096226	10.76922445	10.91003482	10.96931451	11.02877195	11.13646147	11.24808571	11.60933199	11.93219835	12.35377822	12.81067822	13.2877291	13.81455289	14.39980981
2024-06-16	10.51520543	10.53750947	10.56749617	10.76905964	10.91002629	10.97207515	11.04686754	11.13636871	11.247825	11.60900606	11.95337242	12.37690965	12.83469573	13.32663051	13.87139773	14.47693017
2024-06-15	10.51950794	10.5418063	10.57182585	10.78632175	10.92743361	10.9939395	11.09166879	11.17330593	11.3047462	11.62732952	12.01428427	12.43123578	12.87868012	13.36321059	13.90006452	14.49667193
2024-06-12	10.54314528	10.54483178	10.57983034	10.78611827	10.92742509	10.99519232	11.10049041	11.21075081	11.3423779	11.72763784	12.05590904	12.47132975	12.92107738	13.43575946	14.00895865	14.64671276
2024-06-11	10.51950794	10.5418063	10.57182585	10.78632175	10.92743361	10.99519916	11.10029606	11.24783476	11.43875741	11.78681055	12.22412715	12.68736725	13.18523866	13.72713183	14.32881317	14.99899483
2024-06-10	10.51702572	10.53932641	10.56937543	10.78541535	10.91078669	10.98639352	11.09138328	11.2299438	11.32274995	11.76757099	12.14261216	12.58689857	13.06712129	13.61030832	14.21524021	14.88907864
2024-06-09	10.53175355	10.55403881	10.58391383	10.78601401	10.92629813	10.98751626	11.10050589	11.19204355	11.32359686	11.66701426	12.07777695	12.52169047	12.99875276	13.54695492	14.15825239	14.83930237
2024-06-08	10.5656772	10.57933212	10.58481161	10.80239494	10.9259401	10.98493703	11.08241202	11.19211607	11.32340416	11.7279258	12.14299641	12.63627861	13.17030596	13.75098877	14.39633894	15.11626299
2024-06-05	10.54231787	10.55049421	10.57893256	10.7682844	10.90000643	10.95971131	11.06444714	11.17371577	11.30488546	11.68831068	12.10099205	12.59235631	13.12417853	13.6832873	14.30251278	14.99263567
2024-06-04	10.54416464	10.55784298	10.56341268	10.76916391	10.90779113	10.95714235	11.04656483	11.13631137	11.26695742	11.64911325	12.06011555	12.53782004	13.05388901	13.63562053	14.2839448	15.00721224
2024-06-03	10.53936569	10.55304851	10.55867597	10.76734773	10.87754911	10.95487633	11.02895254	11.15538292	11.26700115	11.66894613	12.10300974	12.60705596	13.15219149	13.72297818	14.3551296	15.05999296
2024-06-02	10.54002761	10.5580083	10.57566643	10.76788249	10.89502634	10.97007955	11.0288545	11.15480443	11.32474821	11.70924635	12.16574015	12.70914795	13.29849918	13.89984985	14.56501475	15.307621
2024-06-01	10.48541881	10.51634767	10.57076559	10.76897556	10.91002289	10.96930595	11.02876507	11.15475721	11.32427698	11.76974652	12.28511989	12.87829824	13.52208881	14.15967661	14.86391883	15.65135857
2024-05-29	10.51005731	10.51288739	10.56341268	10.76819528	10.89504168	10.97513188	11.06466902	11.17321823	11.36193945	11.83992026	12.35949285	12.96834788	13.63042392	14.2906181	15.02085161	15.83818671
2024-05-28	10.51934246	10.54164098	10.5715813	10.76847107	10.90225694	10.97506	11.06456582	11.18241839	11.39060975	11.89046365	12.42391115	13.0425649	13.71538385	14.38657173	15.12930366	15.96103832
2024-05-27	10.58652783	10.59156628	10.57256114	10.76893016	10.91337648	11.00326031	11.10061425	11.22866033	11.47666763	11.94957781	12.50678424	13.13114198	13.80919012	14.48690733	15.23720717	16.07767404
2024-05-26	10.58553494	10.59057432	10.5715813	10.76943801	10.9200257	10.99405931	11.09155871	11.21026508	11.41919261	11.86886028	12.39978754	13.00553786	13.66325798	14.33994338	15.0909349	15.93217752
2024-05-25	10.60208306	10.59851165	10.5552457	10.77099186	10.94586218	11.01175103	11.10974546	11.19133688	11.38996688	11.84881855	12.36825588	12.97776491	13.64057875	14.30644319	15.0435878	15.86887538
2024-05-22	10.5927764	10.58906159	10.54699502	10.75355149	10.91489046	11.00828697	11.08314472	11.21049614	11.3904462	11.82827052	12.35703024	12.97257519	13.64173075	14.30810907	15.04523786	15.87050931
2024-05-21	10.60042825	10.60115522	10.56982678	10.74052209	10.84436439	10.94141029	11.03771052	11.15482298	11.36265196	11.85110483	12.38229571	12.98673728	13.64297664	14.34721373	15.13230909	16.01290874
2024-05-20	10.6070475	10.60776828	10.57623923	10.71672342	10.85777876	10.9232188	11.01957193	11.13639569	11.32473363	11.7906727	12.36205658	12.97959379	13.64832975	14.34381716	15.11685597	15.98352837
2024-05-19	10.60406884	10.6047924	10.57325868	10.70763075	10.83795556	10.88892043	10.99239673	11.11788914	11.32528745	11.81211151	12.36296353	13.03926193	13.7781772	14.49699981	15.2917994	16.18365375
2024-05-18	10.59794603	10.59867532	10.56721387	10.70681683	10.82243559	10.88905051	10.99249132	11.11764796	11.3637029	11.87306893	12.44926062	13.13128055	13.87553037	14.62095962	15.44819674	16.37765151
2024-05-15	10.58450399	10.58553848	10.57137942	10.7260162	10.87313676	10.92432956	11.02828176	11.17333292	11.42020308	11.95234824	12.53333467	13.18379605	13.89103236	14.64496681	15.48653634	16.43263059
2024-05-14	10.57726088	10.57801281	10.54707709	10.77007872	10.91005187	10.97753995	11.08193731	11.30398184	11.55347101	12.06993261	12.70054316	13.37492958	14.10731809	14.83804802	15.64843828	16.55836798
2024-05-13	10.52761652	10.54560881	10.56341268	10.76819528	10.89226094	10.95978832	11.06410487	11.24803546	11.47694616	11.99047293	12.55092295	13.18949743	13.88418448	14.57770279	15.3458343	16.20687466
2024-05-12	10.51934246	10.54164098	10.5715813	10.76798675	10.89225071	10.95977976	11.06419947	11.22941422	11.4387655	11.90927759	12.48647977	13.13489569	13.83969636	14.52109684	15.27323142	16.11581597
2024-05-11	10.56898682	10.57404498	10.55520467	10.76020241	10.89245019	10.96234359	11.08198031	11.28534879	11.53452805	12.02964188	12.6575354	13.31742687	14.03281105	14.71755104	15.47281643	16.31900802
2024-05-08	10.57209621	10.57313899	10.5592898	10.76009815	10.89244507	10.96234016	11.08197687	11.28534879	11.53438069	12.05011397	12.67968021	13.35286106	14.08384453	14.78290762	15.55427948	16.4190584
2024-05-07	10.64643202	10.64281255	10.59898564	10.7571519	10.85461953	10.91023882	11.03677831	11.23901408	11.48741677	11.99104411	12.59499011	13.27442436	14.01419734	14.70926437	15.4747787	16.33280019
2024-05-06	10.60820587	10.60892392	10.57758508	10.75721412	10.84688086	10.91031755	11.03668887	11.26720146	11.51642875	11.99008529	12.6150799	13.2969162	14.03807327	14.75969728	15.55789183	16.45369512
2024-05-05	10.60622009	10.60694165	10.57566643	10.76594692	10.85558793	10.91789776	11.03695375	11.22012974	11.47809264	11.95071857	12.55168212	13.20460063	13.91326897	14.59959485	15.35745042	16.20663441
2024-05-04	10.58967197	10.59041065	10.55924877	10.74899423	10.8393178	10.90916571	11.02809428	11.201834	11.42053019	11.89053168	12.44462942	13.11367233	13.8440629	14.52753352	15.2796216	16.12214908
2024-05-01	10.58450399	10.58553848	10.57150088	10.74868312	10.84431835	10.9399983	11.02836948	11.21095657	11.43977597	11.8902627	12.42168811	13.11262008	13.8700759	14.56221645	15.32224612	16.17394279
2024-04-30	10.58553494	10.58627749	10.5552457	10.76743517	10.87562084	10.95098953	11.05519725	11.22912244	11.49706962	11.95032144	12.50644665	13.21537602	13.99260304	14.69909529	15.47488084	16.34476595
2024-04-29	10.62690524	10.61939404	10.56277751	10.76722665	10.877544	10.95739565	11.04625352	11.22897571	11.51606602	12.03179526	12.66004157	13.36850485	14.14099117	14.8465674	15.62177316	16.49097306
2024-04-28	10.57726088	10.57801281	10.54707709	10.76961291	10.89340154	10.97125363	11.09077269	11.34087352	11.68881008	12.21230214	12.84977445	13.58170233	14.38179963	15.08542709	15.85546097	16.71862487
2024-04-24	10.56071276	10.565119	10.54825224	10.78707513	10.92997737	11.01609994	11.13568747	11.41563847	11.74535235	12.29168271	12.91204283	13.5973583	14.34392243	15.0618279	15.85498681	16.74491247
2024-04-23	10.62437503	10.62064061	10.57832037	10.77601662	10.8949803	10.98338984	11.11779139	11.35974775	11.66876596	12.19093611	12.80550972	13.4603179	14.17109055	14.86486997	15.63181361	16.49146655
2024-04-22	10.61035712	10.61107316	10.57966786	10.7513788	10.89259851	10.95983111	11.06364049	11.3412277	11.67013592	12.15137478	12.71797743	13.39026729	14.12442959	14.80702234	15.55776052	16.39871894
2024-04-21	10.61035712	10.61107316	10.57962682	10.74317741	10.89277753	10.95986021	11.06366113	11.34153128	11.63162654	12.06891209	12.71898395	13.33504118	13.99760296	14.71618858	15.51862581	16.41933917
2024-04-20	10.57312385	10.57817649	10.55920774	10.74369536	10.89280311	10.96365801	11.0907469	11.34138961	11.63122494	12.06894057	12.65256818	13.29827912	13.99982946	14.66219707	15.39128917	16.20732186
2024-04-17	10.593809	10.59454216	10.5632502	10.73442444	10.87520824	10.94720712	11.08216779	11.2478297	11.51620528	11.92907882	12.48311643	13.1305694	13.83561296	14.47790481	15.18189569	15.96908062
2024-04-16	10.55141768	10.54970726	10.53870659	10.72831165	10.8935959	10.96499298	11.10027714	11.25707033	11.5156288	11.94891645	12.50476965	13.1172159	13.78131724	14.43686325	15.16126476	15.97190852
2024-04-15	10.56484979	10.56991181	10.5509587	10.72828138	10.89188927	10.94460222	11.06415475	11.22898246	11.51645952	11.95046542	12.4622286	13.08218679	13.75789137	14.40314949	15.11371631	15.90845586
2024-04-14	10.53175355	10.54544514	10.55116058	10.76947333	10.91004505	10.9750155	11.0644351	11.20034308	11.51678663	11.910219	12.4404587	13.10857246	13.83923288	14.4738145	15.1657481	15.93908808
2024-04-13	10.56847383	10.56773942	10.5552457	10.76985506	10.92004786	10.99659574	11.10887345	11.35061843	11.61113063	12.06841686	12.63066917	13.31050725	14.05351863	14.72227617	15.45504357	16.27530002
2024-04-10	10.52246509	10.52754358	10.54551295	10.80361581	10.92711138	10.9926439	11.08192355	11.30365296	11.5731443	12.02897261	12.63328423	13.32138618	14.07128885	14.75620646	15.50819581	16.35060121
2024-04-09	10.50279434	10.51221947	10.50522461	10.54917585	10.60812609	10.62999343	10.6691872	10.93351841	11.25523831	11.82213475	12.46230482	13.18345646	13.96959297	14.6636317	15.42312771	16.27420737
2024-04-08	10.50279434	10.51221947	10.50534606	10.57522289	10.633105	10.65757931	10.74903415	10.98919156	11.29216397	11.83978419	12.48054648	13.17879516	13.93797201	14.65802427	15.45237953	16.34373696
2024-04-07	10.51934246	10.52445363	10.50526564	10.55640693	10.60048971	10.69527842	10.79451134	11.01722546	11.29142718	11.81816817	12.43542147	13.13028311	13.88686253	14.60354376	15.39396634	16.28077058
2024-04-06	10.5110684	10.5161873	10.49697557	10.53105274	10.57746124	10.6415717	10.74053244	10.94316381	11.19683703	11.71943888	12.35350667	13.0567346	13.82174581	14.53437378	15.31888908	16.19885841
2024-04-01	10.46869859	10.4769206	10.50522461	10.54579069	10.55159066	10.62134353	10.70449777	10.93418797	11.17815802	11.72008442	12.37674511	13.07014292	13.82223015	14.53379344	15.31830987	16.19827953
2024-03-31	10.30835393	10.36525741	10.49272959	10.49643098	10.54835471	10.63689589	10.70577913	10.89639229	11.19763536	11.74123369	12.44262262	13.15385462	13.92408847	14.65337131	15.45800084	16.36125287
2024-03-30	10.43660186	10.46328777	10.50510315	10.52168092	10.56400424	10.63920299	10.72278428	10.91505401	11.19689533	11.78120323	12.46421051	13.1633478	13.92078449	14.65398995	15.46477765	16.37516226
2024-03-27	10.50693137	10.5249463	10.54185948	10.52074928	10.56395991	10.63917389	10.72295971	10.87754336	11.17808839	11.74138242	12.4655546	13.15482923	13.89786832	14.61339763	15.40378794	16.29055389
2024-03-26	10.53175355	10.54544514	10.55035143	10.59193173	10.66492407	10.72990882	10.83035338	11.02569365	11.33825345	11.92904718	12.60896616	13.34048368	14.13668573	14.85253864	15.63801119	16.51908418
2024-03-25	10.53603124	10.54183937	10.55557888	10.59470141	10.71371401	10.74989566	10.86638289	11.00665751	11.30880911	11.89835724	12.58782008	13.31868624	14.11340889	14.82754311	15.61103824	16.48982395
2024-03-24	10.52761652	10.54131198	10.54642878	10.62579843	10.68197336	10.74208269	10.81317796	10.98826564	11.29051387	11.87930913	12.5454657	13.30929204	14.14431751	14.86333664	15.64875194	16.52975755
2024-03-23	10.52761652	10.54131198	10.54618587	10.57515562	10.65752468	10.72191271	10.77728777	10.91360695	11.25325462	11.84129361	12.50526124	13.24212867	14.04536674	14.75543464	15.5330037	16.40494351
2024-03-20	10.54333723	10.55701635	10.56210951	10.66110461	10.73451755	10.80055935	10.90256891	11.02435453	11.38525948	11.9379249	12.62789853	13.41031807	14.26588192	14.98451559	15.7673889	16.64543085
2024-03-19	10.52347949	10.5414773	10.55868253	10.62645427	10.70330372	10.77552188	10.83117035	10.93145069	11.29036813	11.90089509	12.59080072	13.33373918	14.14272439	14.87968609	15.68996565	16.59976041
2024-03-18	10.52558607	10.52744439	10.56333226	10.75082554	10.87932224	10.97824338	11.08235354	11.26529734	11.67963007	12.24521349	12.9635196	13.73037087	14.56671624	15.3049517	16.11411133	17.0224954
2024-03-17	10.54416464	10.55784298	10.56333226	10.75179417	10.89682162	10.99305295	11.08322212	11.26559924	11.62107658	12.21439539	12.92107653	13.68473388	14.51804189	15.25273653	16.05781651	16.96148713
2024-03-13	10.54416464	10.55784298	10.5634931	10.78750059	10.94915099	11.04909244	11.15436612	11.33993917	11.68728952	12.23164454	12.89323491	13.64116944	14.45872092	15.16856039	15.94448575	16.81443194
2024-03-12	10.55968843	10.56492887	10.58171452	10.81410761	10.99693843	11.12872319	11.28018045	11.52699996	11.85834137	12.40940789	13.08114299	13.80356456	14.59085893	15.29778297	16.07321712	16.94253267
2024-03-11	10.54416464	10.56084531	10.58213469	10.82473058	11.04120519	11.18277221	11.38803162	11.6769498	12.00154392	12.5270777	13.20472769	13.89765878	14.65001598	15.32841537	16.07217105	16.90486832
2024-03-10	10.55078389	10.56324916	10.57218857	10.82497946	11.04121713	11.18000986	11.3700461	11.65825772	11.97247687	12.52805709	13.19550729	13.87470855	14.61163655	15.3016715	16.06138218	16.91251842
2024-03-09	10.53423577	10.55080503	10.57253816	10.82497946	11.03785501	11.15432716	11.35176648	11.64921948	11.94387458	12.46668512	13.09603378	13.80526553	14.57982632	15.26543608	16.01582957	16.85622525
2024-03-06	10.52199016	10.54250564	10.57746691	10.840306	11.02419512	11.16844528	11.34298269	11.63947625	11.97314404	12.52886084	13.23003982	13.91274825	14.65160762	15.35949408	16.14107845	17.01748362
2024-03-05	10.52378894	10.53338292	10.58038181	10.84023537	11.02419001	11.16705726	11.33393576	11.63938181	11.9931331	12.50827167	13.184291	13.87592071	14.62677044	15.32381837	16.09077261	16.95026815
2024-03-04	10.54135146	10.55779669	10.57983527	10.84023537	11.02419001	11.16705726	11.33398564	11.62987301	11.99292906	12.5502332	13.20725408	13.89886788	14.65115903	15.34482964	16.10745854	16.96194591
2024-03-03	10.57527511	10.58352315	10.57993374	10.84021519	11.02419001	11.17259737	11.36996355	11.66710707	12.07026521	12.63156462	13.2929818	13.9646653	14.69338042	15.40373482	16.18941619	17.07053932
2024-03-02	10.56071276	10.57288273	10.58262215	10.85850478	11.05714457	11.19138788	11.39667265	11.73276125	12.14741189	12.71201317	13.40059609	14.07969961	14.81556927	15.54503242	16.35365535	17.26128515
2024-02-28	10.61707235	10.61302236	10.57326525	10.85871331	11.0571548	11.1872375	11.36983799	11.67655177	12.05057411	12.58955246	13.24819591	13.91750856	14.64346019	15.36056341	16.1548859	17.04603906
2024-02-27	10.60208306	10.60185125	10.57357216	10.85871331	11.0571548	11.1886221	11.3788832	11.67649443	12.05057896	12.56875444	13.2030818	13.86887468	14.59216741	15.29561042	16.07329591	16.94521729
2024-02-26	10.61863118	10.61429538	10.57322093	10.85871331	11.0571548	11.19277932	11.40587438	11.7045823	12.08903167	12.6089882	13.24541284	13.93860095	14.69412556	15.40667772	16.19233553	17.07342512
2024-02-25	10.56898682	10.57716469	10.57385447	10.84085758	11.03420646	11.18496292	11.35228934	11.61121466	11.91520752	12.38514643	12.98623377	13.66353185	14.40194237	15.09379624	15.85559081	16.70923374
2024-02-24	10.57510963	10.57906594	10.56342581	10.84111991	11.03085798	11.15651787	11.31628391	11.53659982	11.78035749	12.22345507	12.7935078	13.47107806	14.21132093	14.88076869	15.61470458	16.43627619
2024-02-21	10.58285084	10.5833479	10.57198834	10.84089962	11.03084605	11.15651102	11.316179	11.55529696	11.81909844	12.26396572	12.83596797	13.51594908	14.25901615	14.93179079	15.66954919	16.49551014
2024-02-20	10.55905795	10.56712275	10.5642563	10.84110646	11.02973614	11.14334107	11.28029396	11.48969169	11.74263997	12.16365423	12.7521226	13.41620677	14.13919985	14.79270699	15.50875606	16.30975294
2024-02-19	10.60009729	10.60413275	10.58799896	10.85834671	11.05713605	11.17614359	11.29838956	11.50768554	11.81965063	12.26524414	12.88152701	13.57839326	14.33846498	15.00720156	15.73826254	16.556475
2024-02-18	10.57726088	10.58961708	10.59861964	10.85808942	11.05712411	11.17890423	11.31626155	11.54496176	11.8965285	12.40819593	13.0338105	13.72681816	14.48230624	15.20056998	15.99328595	16.88265179
2024-02-17	10.56898682	10.58124991	10.59062172	10.85829626	11.05489406	11.1691778	11.35187827	11.62026809	11.9730987	12.52950163	13.18541729	13.90070286	14.68093055	15.41432956	16.22327828	17.13135801
2024-02-14	10.54943191	10.55681464	10.58880154	10.84194392	11.05525551	11.1692377	11.35202447	11.60127917	11.97345495	12.50952003	13.12994558	13.80935579	14.54948849	15.29182352	16.11595543	17.0417176
2024-02-13	10.56898682	10.58574348	10.60655028	10.84099379	11.04634215	11.15896018	11.33404411	11.57338694	11.91561721	12.42796552	13.03232329	13.71187944	14.45296094	15.17859248	15.98190474	16.88355342
2024-02-12	10.58553494	10.59818926	10.60619904	10.84099379	11.04634215	11.15619097	11.3161102	11.54514728	11.89695924	12.36700493	12.97790166	13.68587903	14.4597373	15.15760773	15.92322017	16.78124825
2024-02-11	10.56071276	10.57737631	10.59855071	10.84120231	11.04635237	11.15619611	11.31606548	11.55479437	11.87736369	12.3460471	12.9672594	13.64438408	14.38118562	15.09147049	15.87621008	16.75637892
2024-02-10	10.56617364	10.58289821	10.60383069	10.84106442	11.0474674	11.16659858	11.33417483	11.56413619	11.87695885	12.34550124	12.96666358	13.68080657	14.46121119	15.19004447	15.99329326	16.89486503
2024-02-07	10.56796084	10.57545025	10.60671769	10.84147811	11.0541115	11.1601993	11.34308761	11.56380731	11.91540345	12.44860374	13.09946399	13.80970603	14.58403341	15.32058089	16.13402738	17.04737629
2024-02-06	10.56898682	10.58574348	10.60655028	10.84050948	11.03745265	11.14869805	11.31627703	11.5073887	11.87742522	12.40956611	13.03569907	13.75336068	14.53794471	15.27202447	16.0813595	16.98995574
2024-02-05	10.54416464	10.56472717	10.59932047	10.85712079	11.03710314	11.1431083	11.28007897	11.50817126	11.79995791	12.3376567	12.99425942	13.68639679	14.43874657	15.1737878	15.98759899	16.90142536
2024-02-04	10.56484979	10.58135572	10.60296902	10.85701821	11.03709802	11.14725868	11.30704606	11.53626926	11.82847762	12.36754762	12.99222928	13.68271008	14.43526078	15.16017356	15.96141678	16.8606784
2024-01-31	10.54433012	10.56489415	10.59948131	10.85711743	11.03710314	11.1458775	11.29810576	11.51755694	11.79996115	12.2857368	12.90457565	13.57799734	14.31049821	15.02567939	15.81689816	16.70458521
2024-01-30	10.54728065	10.54917656	10.60351556	10.85701821	11.03709802	11.14587408	11.29810404	11.51740852	11.8192798	12.32694995	12.94849659	13.62427086	14.35952128	15.08826541	15.89600502	16.80281642
2024-01-29	10.51934246	10.54820444	10.6080225	10.85538365	11.02046304	11.14616161	11.29809716	11.5361512	11.85854541	12.30568201	12.92408051	13.59880801	14.33281082	15.03965744	15.82041714	16.69600311
2024-01-28	10.54416464	10.56472717	10.59932047	10.85540551	11.02047156	11.14616675	11.29795269	11.56494405	11.81887173	12.32565571	12.92508547	13.58630881	14.30588875	15.03010699	15.83383358	16.73600618
2024-01-27	10.58553494	10.59818926	10.60619904	10.83838724	11.00304378	11.13262197	11.30701854	11.55584846	11.78009192	12.274394	12.88212438	13.54768892	14.27167318	14.96869195	15.73831944	16.60104844
2024-01-24	10.58553494	10.59818926	10.60619904	10.83838724	11.00473677	11.14651076	11.2982382	11.53762187	11.67351547	12.16192331	12.79754941	13.46006664	14.17837211	14.87858435	15.65270569	16.52065298
2024-01-23	10.64240752	10.63953247	10.61274444	10.83836538	11.00641954	11.16454821	11.31632691	11.56510427	11.77980692	12.26304805	12.97024315	13.68891551	14.46891003	15.20785506	16.02367723	16.93982489
2024-01-22	10.6351793	10.63552495	10.60514699	10.83838724	11.00558413	11.15691665	11.31665026	11.48986035	11.69303168	12.18347762	12.84214394	13.52647015	14.26896383	14.99178299	15.79141771	16.68886244
2024-01-21	10.6351793	10.63552495	10.60514699	10.83838724	11.00558413	11.15691665	11.31645075	11.52746038	11.74101578	12.26430273	12.97295	13.66678913	14.41754571	15.14065143	15.93983608	16.83672084
2024-01-20	10.63104227	10.63134054	10.6011472	10.83839733	11.00558924	11.14999707	11.27135538	11.50903647	11.70317842	12.20400667	12.86420319	13.5007073	14.18704709	14.89044581	15.67177262	16.54804339
2024-01-17	10.58398935	10.58723969	10.60449704	10.82138915	10.98896107	11.12327892	11.24483892	11.37753246	11.58915141	12.00383778	12.60642733	13.23909829	13.92393497	14.6000883	15.34782869	16.18534991
2024-01-16	10.60522721	10.61454336	10.60760069	10.82138074	10.98671568	11.10246885	11.20878533	11.3313563	11.47383541	11.9242895	12.50241749	13.11614841	13.78031577	14.46518759	15.2256961	16.07793019
2024-01-15	10.6351793	10.63586883	10.60449704	10.82138915	10.98223854	11.06615092	11.17258555	11.28471633	11.43671219	11.82445742	12.39553592	13.01578634	13.68758696	14.34748475	15.0764082	15.89224101
2024-01-14	10.64643202	10.64710938	10.61560518	10.82136056	10.98558702	11.09205782	11.19068458	11.32247153	11.4166195	11.82320115	12.37331333	12.99138185	13.66202701	14.32034612	15.04743357	15.86114858
2024-01-13	10.63104227	10.63603416	10.61674751	10.82135888	10.98558531	11.09205611	11.19108189	11.24694932	11.39808136	11.78488343	12.31037602	12.93591971	13.61669835	14.28253321	15.01780096	15.84092634
2024-01-10	10.62586437	10.62412734	10.61266402	10.82136897	10.98671057	11.10246371	11.20913104	11.26527879	11.45535558	11.86488738	12.48238994	13.10925316	13.78597142	14.43275526	15.14510986	15.94190295
2024-01-09	10.61035712	10.61537	10.59632678	10.82140933	10.98394176	11.08443995	11.1908153	11.28394557	11.51348804	11.92579259	12.52419517	13.1521902	13.83162047	14.48162543	15.19769166	15.99875043
2024-01-08	10.61863118	10.61899395	10.58873097	10.82143119	10.9839537	11.0844468	11.19052118	11.33999314	11.60934936	12.08754724	12.69598819	13.32083493	13.9965225	14.65187776	15.37496359	16.18408791
2024-01-07	10.65586445	10.65624037	10.62556279	10.85533151	11.02043576	11.1406061	11.26228093	11.47050882	11.78137767	12.28781423	12.88499614	13.51920635	14.20713917	14.86239397	15.58417032	16.39174471
2024-01-06	10.5903339	10.60396247	10.60927479	10.83011017	11.00655252	11.14099632	11.26230329	11.49891883	11.80049067	12.32834703	12.9060302	13.52802491	14.20305876	14.84737015	15.55699166	16.35058094
2024-01-03	10.46456156	10.470539	10.58861608	10.83843937	11.00391671	11.13473738	11.27130379	11.48971193	11.76215132	12.20512528	12.75203082	13.35907259	14.01808253	14.67448863	15.40056806	16.21313686
2024-01-02	10.53589058	10.56085357	10.60725274	10.84050948	11.03969463	11.16951326	11.3522085	11.583201	11.85716897	12.30396849	12.8338896	13.4019731	14.01680237	14.69513902	15.45272968	16.3016021
2024-01-01	10.51934246	10.54411757	10.59125525	10.84092652	11.03971509	11.16398684	11.31624951	11.54557398	11.83845919	12.30574055	12.81380605	13.44031128	14.12490349	14.79524189	15.53592159	16.36527907
2023-12-31	10.5110684	10.53983726	10.60002293	10.8576051	11.04711277	11.17208563	11.36991023	11.63949143	11.93432051	12.38448033	12.89578931	13.55159035	14.27048095	14.97297964	15.7498947	16.62104781
2023-12-30	10.56071276	10.58296765	10.61274444	10.83953076	11.04745205	11.17213184	11.36984487	11.65846179	11.94368512	12.4250068	12.98389096	13.65896953	14.39763544	15.10972886	15.89651712	16.7790528
2023-12-27	10.57623324	10.5843878	10.61274444	10.83953076	11.04745205	11.17213184	11.36974511	11.67727193	11.97271977	12.46575795	13.02697494	13.70446794	14.44596106	15.16151981	15.95231443	16.83947058
2023-12-26	10.53373933	10.55867788	10.60517325	10.8410476	11.04970597	11.1860309	11.36096649	11.65850058	11.93377642	12.44580008	13.00672958	13.68294154	14.42295397	15.12664833	15.90292041	16.77328265
2023-12-25	10.47797216	10.5149457	10.60072375	10.85905804	11.07266283	11.18969692	11.38746747	11.74273216	12.08887783	12.60829361	13.18844926	13.88816255	14.65504123	15.37121855	16.16019645	17.04515334
2023-12-24	10.50693137	10.53994307	10.61237187	10.85874526	11.07488947	11.21189159	11.43250952	11.80861234	12.14665566	12.60541401	13.17238863	13.88359565	14.6647162	15.36755832	16.13857783	17.00274641
2023-12-23	10.4696981	10.51495397	10.62584016	10.8767742	11.11007919	11.2487264	11.47743461	11.88394397	12.19387705	12.66440634	13.25762011	13.96265672	14.73497143	15.45223233	16.24199215	17.12780939
2023-12-20	10.46042619	10.46728537	10.60182997	10.87594515	11.08343627	11.22349382	11.45925646	11.88430152	12.19425759	12.67544061	13.22438655	13.92520786	14.69548173	15.40502068	16.18543473	17.06045208
2023-12-19	10.4970025	10.52969779	10.60319223	10.87491598	11.06565046	11.20711823	11.45054491	11.80869498	12.1265662	12.61580273	13.1619455	13.85889726	14.6246602	15.32894857	16.10333266	16.97141663
2023-12-18	10.54416464	10.57073348	10.61274444	10.83976451	11.05858353	11.2032126	11.42372058	11.77080991	12.12722689	12.64839447	13.24201217	13.92056025	14.66171327	15.37662417	16.16667708	17.05287435
2023-12-17	10.56071276	10.58726449	10.62908168	10.8394904	11.04967357	11.19432138	11.41472868	11.75195255	12.11789143	12.62835275	13.22052385	13.89783389	14.63754375	15.36604564	16.17308185	17.07896804
2023-12-16	10.53589058	10.57106249	10.63733072	10.85763369	11.11266216	11.26266653	11.46877466	11.84538259	12.24299145	12.79080989	13.392642	14.04242132	14.74955093	15.51465485	16.37049595	17.33302758
2023-12-13	10.53239231	10.55006106	10.6348803	10.85764042	11.11266557	11.26266824	11.46877638	11.84538259	12.24299145	12.79081148	13.392642	14.04242132	14.74955093	15.51465485	16.37049595	17.33302758
2023-12-12	10.5110684	10.54402499	10.6165801	10.86829533	11.10361922	11.25793595	11.48684618	11.845332	12.24274855	12.79061212	13.39239154	14.06719128	14.80378705	15.59551691	16.48147636	17.47907693
2023-12-11	10.60622009	10.61869967	10.62703501	10.87715425	11.12120896	11.27565849	11.50488157	11.86427706	12.22246801	12.76870181	13.39222197	14.08074427	14.83205038	15.61633816	16.49150952	17.47651389
2023-12-10	10.5709726	10.58744635	10.60909753	10.86845341	11.10362774	11.26210173	11.51391302	11.86438331	12.22244372	12.76880149	13.36969447	14.04330911	14.77851917	15.54764834	16.4056069	17.37058772
2023-12-06	10.61614896	10.62394052	10.62132994	10.91833107	11.12704323	11.31998793	11.49683908	11.74094778	12.10653342	12.56437806	13.1969805	13.85071218	14.55975062	15.29102078	16.10462089	17.01815803
2023-12-05	10.59575506	10.60292917	10.63547936	10.91798801	11.12702618	11.31997424	11.49683048	11.74094273	12.10653019	12.56437648	13.19697739	13.85071064	14.55975062	15.29101784	16.10461943	17.01815514
2023-12-04	10.593809	10.61043831	10.63138275	10.87704999	11.12232399	11.28329689	11.50545775	11.76946404	12.14536829	12.62573896	13.27346915	13.95065701	14.6865087	15.42827374	16.2521537	17.1775625
2023-12-03	10.61035712	10.61966683	10.61274444	10.83929869	11.04080454	11.17852941	11.3612262	11.60107173	11.99263758	12.56104596	13.23008959	13.95467265	14.74514264	15.50934937	16.35548778	17.30672984
2023-12-02	10.64064018	10.64513373	10.62719422	10.85587469	11.03378023	11.18901403	11.37919452	11.63864647	12.03083929	12.63214845	13.34009493	14.07908136	14.88431633	15.66436285	16.52868779	17.5010156
2023-11-29	10.61449415	10.62809683	10.63324723	10.85577715	11.04378134	11.20690943	11.39719207	11.67587378	12.10813657	12.75541133	13.51710563	14.28150954	15.11377621	15.9329594	16.84327697	17.8691232
2023-11-28	10.58781362	10.58782164	10.60953904	10.83994276	11.033042	11.1717536	11.31606548	11.60108016	12.03183356	12.6964807	13.47798858	14.24071965	15.06960255	15.88493176	16.79079001	17.81145949
2023-11-27	10.62690524	10.63619783	10.62908168	10.83698306	10.98211919	11.07462282	11.22542584	11.52713319	11.91707461	12.58623458	13.33877574	14.09791543	14.92417113	15.74440302	16.65665616	17.68489717
2023-11-26	10.70550881	10.69786628	10.64085782	10.85404169	11.00290909	11.12422537	11.25276961	11.54560939	11.91613701	12.59561069	13.32645802	14.10270161	14.95070425	15.76927334	16.67719224	17.70034932
2023-11-25	10.61863118	10.63222999	10.6372503	10.83830315	11.00185545	11.10486323	11.22579735	11.49841117	11.91740657	12.55611582	13.23792078	13.98148013	14.79373653	15.57786686	16.44654632	17.42400233
2023-11-22	10.6418846	10.63993917	10.64537789	10.82836462	10.98214306	11.06633404	11.17184081	11.41477158	11.76373665	12.33205729	12.9775003	13.69228091	14.47210223	15.2314351	16.0725679	17.01810159
2023-11-21	10.60208306	10.61999583	10.63712884	10.8128077	10.97909295	11.10261775	11.20803715	11.48045612	11.81106006	12.39140562	13.0405714	13.74678062	14.51645027	15.28855363	16.14661223	17.11182177
2023-11-20	10.52347949	10.55866465	10.6248357	10.80434229	10.96479712	11.05146115	11.17169977	11.44369598	11.72501352	12.24874179	12.91116076	13.59886434	14.34535011	15.08347105	15.90167594	16.82062757
2023-11-19	10.56071276	10.58296765	10.6125836	10.80313991	10.95480454	11.03569485	11.17179093	11.40647542	11.6477794	12.16779327	12.82597131	13.53335475	14.30304824	15.04991046	15.87655294	16.80530278
2023-11-15	10.58553494	10.60776332	10.63708781	10.80203339	10.94727728	11.0364753	11.17167397	11.43464256	11.68620133	12.22858773	12.8906634	13.58940315	14.34889999	15.1083826	15.95174836	16.89991444
2023-11-14	10.56796084	10.57849226	10.62058973	10.76770928	10.91246946	11.00250554	11.144743	11.39720781	11.68703852	12.25086511	12.91447588	13.62664339	14.40197367	15.1763124	16.0365276	17.00427469
2023-11-13	10.57726088	10.599497	10.62827089	10.66861149	10.83085112	10.88393142	11.00962546	11.27680639	11.55507415	12.11304282	12.76897039	13.47233285	14.23738907	14.99913436	15.84469251	16.79542105
2023-11-12	10.68896069	10.68337541	10.62025491	10.66339838	10.80101487	10.83571175	10.93785884	11.15545207	11.44147627	11.97434082	12.64412718	13.3656496	14.15071234	14.89741569	15.72221999	16.64885646
2023-11-11	10.6351793	10.64016567	10.62083264	10.81884986	10.94890378	11.05723231	11.20743345	11.52805068	11.84000403	12.43125175	13.12772566	13.90358554	14.75265669	15.55719878	16.44749026	17.45016549
2023-11-08	10.65172742	10.65669667	10.63716988	10.82177424	11.00221519	11.11599651	11.29729051	11.65867767	12.03198415	12.67439161	13.4311679	14.25353101	15.15476365	16.01350183	16.96611422	18.04146595
2023-11-07	10.65895068	10.65993872	10.64545831	10.84724784	11.03057326	11.16611251	11.37821586	11.78044182	12.18586297	12.8570408	13.60233399	14.44759747	15.37749488	16.28788844	17.30231767	18.45018447
2023-11-06	10.68068663	10.67703018	10.63312578	10.8307492	11.03094835	11.15510075	11.30661952	11.64834078	12.09018139	12.77897187	13.49722586	14.32130351	15.22753747	16.12447194	17.12447531	18.25547032
2023-11-05	10.65172742	10.65669667	10.63716988	10.82200631	11.00760787	11.09137322	11.24340276	11.55537286	11.91633295	12.59531166	13.37144925	14.19065129	15.08672894	15.97156473	16.95743059	18.07189267
2023-11-04	10.63368997	10.63867773	10.61928164	10.80435574	10.96395659	11.04203937	11.16289191	11.38691139	11.72496008	12.35309897	13.15881862	13.9540818	14.81891944	15.67028401	16.61741932	17.68656006
2023-11-01	10.74940436	10.73731981	10.61760918	10.78507734	10.92513367	10.9772935	11.0819012	11.27535258	11.57211926	12.21367707	13.01181971	13.79763779	14.651393	15.47883775	16.39718586	17.43268866
2023-10-31	10.66926843	10.66992114	10.63790517	10.7648488	10.86439729	10.92671196	11.04602304	11.20980971	11.5735459	12.21627505	13.03658425	13.83725971	14.70719243	15.53956935	16.46241379	17.50315317
2023-10-29	10.61035712	10.62826051	10.64505291	10.75598147	10.85456156	10.90390115	10.99229697	11.11693286	11.42078604	12.0147692	12.79974755	13.57246345	14.41080662	15.2194676	16.11589562	17.12585418
2023-10-28	10.59976633	10.61338442	10.61822137	10.74846283	10.85365454	10.89502363	10.98333431	11.09816826	11.42155522	11.95399056	12.75567106	13.50243112	14.30867558	15.08735366	15.94973356	16.92002814
2023-10-25	10.63335901	10.64264391	10.63508874	10.75526677	10.83568971	10.87851112	10.97436133	11.07061671	11.34484252	11.87353885	12.64861058	13.37575037	14.16032918	14.92715402	15.77696979	16.73265727
2023-10-24	10.6010488	10.60271425	10.6368449	10.74508608	10.79921617	10.83667704	10.94710185	11.07151227	11.28755697	11.83357405	12.56302132	13.28297187	14.06195665	14.82169413	15.66323343	16.60930347
2023-10-23	10.58553494	10.60776332	10.63680551	10.73591774	10.78163154	10.81772051	10.92030331	11.0158037	11.21142399	11.77460387	12.50153077	13.20560874	13.96596413	14.71759964	15.55094433	16.48749245
2023-10-22	10.60208306	10.615699	10.62042725	10.7281334	10.78183102	10.8120007	10.88467971	11.00627635	11.25074303	11.77536649	12.48976221	13.18060577	13.92611377	14.67407769	15.50436609	16.4373645
2023-10-21	10.62276821	10.62776783	10.60801429	10.69467534	10.76031823	10.76447418	10.86649124	10.91328144	11.1561788	11.63644774	12.35294197	13.02467801	13.74711509	14.46139038	15.25222846	16.13949565
2023-10-18	10.63931633	10.64429883	10.62434989	10.69426165	10.76253805	10.77978693	10.86664948	10.91333541	11.13664478	11.6568597	12.33199502	13.02432471	13.77372123	14.49178271	15.28456742	16.17409185
2023-10-17	10.66722308	10.66346183	10.62030579	10.70256563	10.76684129	10.81545278	10.90291118	10.93151984	11.17409673	11.71661307	12.39554992	13.09139215	13.84491237	14.54829438	15.32257875	16.19072928
2023-10-16	10.66000148	10.65636767	10.61225863	10.72930718	10.80184176	10.85334358	10.956952	10.98055134	11.24975848	11.77549307	12.43492055	13.13211656	13.88860319	14.59537493	15.37356592	16.24623372
2023-10-15	10.67602172	10.672282	10.62863525	10.74144868	10.88495191	10.95736142	11.04662846	11.15396284	11.43900031	12.00285998	12.73094541	13.44185235	14.21083211	14.93511224	15.73382297	16.63020447
2023-10-14	10.71262451	10.70158778	10.62971357	10.78286092	10.89181936	10.95715262	11.04642379	11.16317986	11.4581797	12.02339852	12.67499923	13.36061976	14.10485464	14.81572144	15.60033396	16.4804169
2023-10-11	10.60518418	10.60571658	10.62467486	10.76518681	10.86553278	10.92907212	11.01085007	11.09810248	11.38241107	11.91355902	12.55838079	13.23747041	13.97406683	14.68554145	15.47162008	16.35340594
2023-10-10	10.65487157	10.65983787	10.63986813	10.72763899	10.78628429	10.85092695	10.93843674	11.06181458	11.32609711	11.89553301	12.54056848	13.23043352	13.97971949	14.70215898	15.50049989	16.39647137
2023-10-09	10.70964584	10.70337496	10.64213473	10.7357109	10.78609845	10.85089443	10.93831119	11.08052016	11.34579631	11.83337628	12.56063805	13.26853261	14.03331477	14.79022953	15.62970835	16.57338161
2023-10-08	10.69723475	10.68663565	10.61357985	10.73017155	10.82184057	10.88640454	10.97426502	11.13627595	11.40220419	11.93309919	12.65616019	13.38725822	14.18004124	14.9492096	15.8010978	16.75919815
2023-10-07	10.65586445	10.65223451	10.6082572	10.74581255	10.80372741	10.86862381	10.95631906	11.0991667	11.34485548	11.89388911	12.58233016	13.31344779	14.10841195	14.87277809	15.71844279	16.66930881
2023-10-04	10.54413816	10.55705602	10.61332053	10.74471612	10.78595865	10.85089101	10.93821143	11.09924428	11.36419032	11.95530062	12.67033847	13.41967877	14.23472741	15.01923977	15.88793707	16.86558743
2023-10-03	10.47797216	10.52180014	10.61234069	10.7437744	10.77260224	10.85102108	10.93830259	11.09921729	11.37386584	11.96530171	12.72524703	13.47385565	14.28517968	15.07787246	15.95714645	16.94712042
2023-10-02	10.51934246	10.55882832	10.6368449	10.7431505	10.76481072	10.80321217	10.87567405	11.00594579	11.30820347	11.89761519	12.63138943	13.3547798	14.13784965	14.9129845	15.77326115	16.74111927
2023-10-01	10.52347949	10.55866465	10.62451238	10.72560924	10.73966132	10.78877913	10.87539886	10.9874308	11.28907429	11.89828288	12.63273819	13.35606809	14.13907616	14.9142085	15.77448665	16.74234943
2023-09-30	10.53357384	10.56445108	10.6183018	10.75905721	10.75007332	10.81384227	10.89381952	11.01505318	11.33668432	11.93770023	12.71840679	13.43670983	14.21090961	14.98021317	15.83419395	16.79472636
2023-09-27	10.55555306	10.55949789	10.62451238	10.72464229	10.71966421	10.7499761	10.82169687	10.89470574	11.16582031	11.75924071	12.48583728	13.16422799	13.89448088	14.63875254	15.46599877	16.395467
2023-09-26	10.56898682	10.59123232	10.62050931	10.74211293	10.74266711	10.81127673	10.87582541	11.01532978	11.31785795	11.89723704	12.6528762	13.35421485	14.10990075	14.87101205	15.71667455	16.66753886
2023-09-25	10.42005374	10.48113312	10.62042725	10.72619782	10.75078427	10.81549044	10.90224384	11.06197481	11.3649174	11.9978096	12.73852302	13.4680431	14.25830827	15.02214142	15.8677059	16.81844368
