DATE	1	7	30	90	180	270	360	720	1080	1440	1800	2160	2520	2880	3240	3600	5400	7200	9000	10800
2024-09-25	2.8296811	2.82870234	2.82769828	2.82959039	2.8305102	2.83105581	2.83126982	2.83174737	2.83541634	2.83868915	2.84203079	2.84487062	2.84794559	2.85221934	2.85665376	2.86132426	2.88989312	2.92890244	2.98055417	3.04968061
2024-09-24	2.82782805	2.82870234	2.82769828	2.82940784	2.83069401	2.83105581	2.83145494	2.83154416	2.83502083	2.83956379	2.84202959	2.84361047	2.84680063	2.85175183	2.8570748	2.86271101	2.88873749	2.92997445	2.97337296	3.05154071
2024-09-23	2.82782805	2.82870234	2.82805551	2.82959039	2.83014257	2.8308699	2.83145494	2.83154022	2.8356486	2.84067987	2.8430194	2.84407014	2.84665211	2.85245586	2.85859477	2.86369644	2.88768467	2.92621955	2.96565716	3.03561086
2024-09-22	2.82874716	2.82870234	2.82805551	2.82959039	2.83014257	2.8308699	2.83145494	2.83081157	2.83421071	2.83808225	2.84035296	2.84224034	2.84442969	2.85012947	2.85608994	2.86008994	2.88421919	2.91761479	2.96234616	3.01980017
2024-09-21	2.82782805	2.82870234	2.82805551	2.83013803	2.83106164	2.83214547	2.8323846	2.83201655	2.83637403	2.8409971	2.8437475	2.84540738	2.84756518	2.8532386	2.85915857	2.86328522	2.88773962	2.92043378	2.9568284	3.02623326
2024-09-18	2.82782805	2.82863297	2.82805551	2.83032058	2.83124545	2.83247966	2.83276094	2.83245054	2.8367366	2.84085383	2.84440743	2.84561047	2.84900775	2.85430359	2.85953022	2.86401971	2.887842	2.92311141	2.96492906	3.01190636
2024-09-17	2.82782805	2.82833948	2.82805551	2.83032058	2.83161308	2.83250448	2.83275058	2.83183404	2.83616027	2.83978076	2.84352858	2.84482774	2.84968635	2.85495927	2.85998109	2.86467488	2.89118533	2.92737327	2.97384733	3.02092069
2024-09-16	2.82782805	2.82798195	2.8268052	2.82995548	2.83142926	2.83249608	2.83238053	2.83183937	2.83615175	2.84032462	2.84379017	2.84533343	2.85099206	2.85663202	2.86186014	2.86667908	2.89545349	2.93409341	2.98274198	3.04011
2024-09-15	2.82782805	2.82697343	2.8268052	2.82995548	2.83159416	2.83246685	2.83238038	2.8317868	2.836437	2.84113729	2.84536329	2.84677053	2.85332679	2.85843935	2.86282396	2.86809687	2.89624168	2.93742842	2.97897822	3.06528819
2024-09-14	2.82782805	2.82687205	2.8268052	2.83013803	2.83176634	2.83248498	2.83238055	2.83237994	2.83675772	2.84186582	2.84529944	2.84725136	2.85419391	2.8594356	2.86387079	2.86942855	2.89578297	2.93565826	2.98075936	3.05884816
2024-09-11	2.82782805	2.82687205	2.8268052	2.82995548	2.83179689	2.83251021	2.83201073	2.83295439	2.83757804	2.84272484	2.84689224	2.84806259	2.85466622	2.86045416	2.86538317	2.87100755	2.89794519	2.9383622	2.99455595	3.05622228
2024-09-10	2.8261603	2.82687205	2.8268052	2.82977293	2.83234833	2.83272898	2.83386162	2.8352637	2.84112692	2.84659344	2.85054232	2.85125362	2.85791456	2.86433661	2.87008526	2.8763207	2.90248531	2.9424821	2.99885259	3.04793704
2024-09-09	2.8261603	2.82687205	2.82751966	2.8288602	2.83179689	2.83248738	2.83386225	2.83760722	2.8428803	2.84790658	2.85095826	2.85187581	2.85584359	2.86192044	2.86820657	2.87439098	2.9028314	2.93304401	2.98115326	3.03960255
2024-09-08	2.8269875	2.82687205	2.82751966	2.8288602	2.83179689	2.83244748	2.8336815	2.83663489	2.84123374	2.84574871	2.84857798	2.85001345	2.85396112	2.85959709	2.86525027	2.87035346	2.89772188	2.92354517	2.96608369	3.03720181
2024-09-07	2.8261603	2.82687205	2.82751966	2.8288602	2.83179689	2.8324345	2.83386183	2.83628643	2.84026831	2.8443456	2.84680877	2.84778649	2.85271773	2.85809192	2.86290782	2.86745409	2.89633615	2.9216329	2.95534017	3.03938658
2024-09-04	2.8261603	2.82680962	2.82751966	2.82904275	2.83179689	2.83249422	2.83367678	2.83545868	2.84040847	2.84426201	2.84780125	2.84902217	2.85502705	2.8595633	2.86308359	2.86772842	2.89897424	2.92680728	2.96708014	3.03729961
2024-09-03	2.825975	2.82663442	2.82751966	2.82959039	2.83179689	2.83248628	2.83386184	2.83475464	2.84013339	2.84406558	2.84669444	2.84871936	2.85610223	2.86059885	2.86361018	2.86796329	2.89808534	2.92718221	2.96358007	3.03357359
2024-09-02	2.825975	2.82559672	2.82626935	2.82849511	2.83142926	2.8331008	2.83423193	2.8360467	2.84242324	2.84655186	2.84968525	2.85164178	2.85999103	2.86446445	2.86718374	2.87217367	2.90273983	2.93318091	2.96872866	3.05185364
2024-09-01	2.825975	2.82509246	2.82626935	2.82849511	2.83142926	2.8331008	2.83442166	2.83802721	2.84331296	2.84760713	2.85066869	2.85251814	2.86021598	2.86511356	2.86826913	2.87264769	2.90186555	2.93305205	2.9706166	3.08084556
2024-08-31	2.825975	2.82504176	2.82626935	2.82849511	2.83106164	2.83265151	2.83425727	2.83952732	2.84364126	2.84843658	2.85095672	2.85193945	2.85944427	2.86462559	2.8679829	2.8726831	2.900362	2.93526686	2.98749513	3.07172532
2024-08-28	2.825975	2.82504176	2.82626935	2.82758237	2.83032639	2.83179944	2.83386157	2.83708962	2.84036948	2.84559633	2.84794108	2.84994438	2.85556266	2.85967103	2.86269783	2.86694553	2.89424556	2.93214608	2.98963033	3.08734204
2024-08-27	2.825975	2.82504176	2.82626935	2.82758237	2.83032639	2.83179944	2.83238125	2.83568795	2.83932417	2.84385577	2.8469971	2.84963852	2.85526795	2.85946585	2.86267306	2.86689211	2.8941043	2.93230351	2.9974329	3.1290995
2024-08-26	2.82690152	2.82604229	2.82591211	2.82813001	2.8305102	2.83124172	2.83185093	2.83560741	2.83886664	2.84525313	2.84849133	2.85089895	2.85574098	2.85974307	2.86309022	2.86787181	2.89326725	2.93099823	2.98319505	3.08994863
2024-08-25	2.82690152	2.82595691	2.82591211	2.82831256	2.8305102	2.83115436	2.83166404	2.83347375	2.83605224	2.84230753	2.846552	2.84856855	2.85239113	2.85598679	2.85913601	2.86342673	2.88850049	2.92064758	2.96844371	3.0581195
2024-08-24	2.82690152	2.82595691	2.82591211	2.82794747	2.83032639	2.83111101	2.83109882	2.83153289	2.83479143	2.84091725	2.84532762	2.84680051	2.85037304	2.85533694	2.8600219	2.86354631	2.8900379	2.91991786	2.96097441	3.06691381
2024-08-21	2.82690152	2.82595691	2.82591211	2.82703473	2.83032639	2.83142763	2.83201961	2.83150186	2.83479111	2.84229273	2.84694389	2.84849513	2.8516095	2.85657892	2.861787	2.86583549	2.89297661	2.9214305	2.96963661	3.07051246
2024-08-20	2.82690152	2.82595691	2.82448318	2.82648709	2.82885588	2.82996407	2.83090873	2.8311982	2.83490177	2.84138922	2.84659023	2.8482051	2.85082155	2.85519068	2.85992625	2.86430163	2.8923594	2.91656661	2.97479153	3.06569105
2024-08-19	2.82690152	2.82595691	2.82448318	2.82575691	2.82885588	2.82994036	2.82960716	2.82988802	2.83350017	2.8385678	2.84125013	2.84273756	2.84547649	2.84986249	2.85469606	2.85976798	2.88339626	2.90582908	2.95248087	3.05886846
2024-08-18	2.82690152	2.82595691	2.82448318	2.82575691	2.82885588	2.82994036	2.82960401	2.82853516	2.83240604	2.83731716	2.83914414	2.84033025	2.84281826	2.84730867	2.8521014	2.85601922	2.88045781	2.9011828	2.94309215	3.02752077
2024-08-17	2.82690152	2.82595691	2.82448318	2.82776492	2.82977495	2.830684	2.83034477	2.83092022	2.8347497	2.84032489	2.84187957	2.84293351	2.84578377	2.85043263	2.85511574	2.85883043	2.88284063	2.90047984	2.94547774	3.03328497
2024-08-14	2.82690152	2.82595691	2.82448318	2.82831256	2.82922351	2.83014252	2.83015964	2.83068057	2.83459283	2.83905583	2.83959713	2.8405445	2.8432547	2.84723931	2.85146848	2.85572374	2.87865207	2.89692357	2.94527167	3.02160717
2024-08-13	2.82578969	2.82494412	2.82376871	2.82922529	2.82903969	2.83019625	2.83034475	2.83092649	2.83444879	2.83851661	2.84001103	2.84068853	2.84329305	2.84771824	2.85239517	2.85745193	2.88109851	2.89634222	2.95010141	3.04457839
2024-08-12	2.82578969	2.82484859	2.82341148	2.82922529	2.82903969	2.83034514	2.83034842	2.83112152	2.83375466	2.83757718	2.83903314	2.83933962	2.84245133	2.84664148	2.85056822	2.8554309	2.87809511	2.905967	2.93543898	3.01734547
2024-08-11	2.82578969	2.82485873	2.82341148	2.82922529	2.82903969	2.83036104	2.83052984	2.83129317	2.83431987	2.83849748	2.83959488	2.84009298	2.84327674	2.84764259	2.85178773	2.85728879	2.88067417	2.90997208	2.94618857	3.03183916
2024-08-10	2.82578969	2.82485873	2.82341148	2.82922529	2.82903969	2.83107907	2.83127037	2.83228406	2.83607617	2.83977247	2.84013317	2.84184523	2.84464562	2.84847966	2.85245689	2.85774659	2.88227608	2.9154387	2.95840192	3.05649279
2024-08-07	2.82578969	2.82485873	2.82341148	2.82849511	2.82903969	2.831104	2.83145537	2.83209238	2.83570827	2.83898216	2.83929948	2.841348	2.84402085	2.84763052	2.85176754	2.85648796	2.8811928	2.91550725	2.96215365	3.08864212
2024-08-06	2.82578969	2.82485873	2.82484041	2.82849511	2.82959113	2.83165824	2.8318254	2.83183836	2.83446067	2.83831062	2.83963761	2.84161426	2.84390383	2.84716742	2.85097874	2.85567829	2.88214885	2.91029347	2.94947951	3.07009847
2024-08-05	2.82578969	2.82485873	2.82484041	2.82849511	2.82903969	2.8314399	2.8318269	2.83069699	2.83412943	2.83717159	2.83908859	2.84100244	2.84262413	2.84512372	2.84838473	2.85313362	2.87720078	2.90430166	2.94010664	3.0454693
2024-08-04	2.82578969	2.82485873	2.82448318	2.82904275	2.8305102	2.8331008	2.8335085	2.83439232	2.83806569	2.84208431	2.84508143	2.84660432	2.84768246	2.85068201	2.85454326	2.8583748	2.88329124	2.91105512	2.94296205	3.08207458
2024-08-03	2.82578969	2.82485873	2.82430456	2.82940784	2.83106164	2.83309459	2.83367644	2.83371489	2.83737371	2.84114633	2.84264067	2.84522001	2.84673723	2.84960351	2.85324185	2.85732463	2.88265437	2.90831858	2.93836053	3.05661313
2024-07-31	2.82578969	2.82485873	2.82412595	2.82922529	2.83106164	2.83309331	2.83367644	2.8331528	2.83575459	2.83900331	2.84004192	2.84043621	2.84174018	2.84434307	2.84714092	2.8491812	2.87532752	2.89602232	2.91938065	3.016011
2024-07-30	2.82578969	2.82485873	2.82519765	2.82940784	2.83014257	2.83308529	2.83312107	2.83248773	2.8351749	2.83789662	2.83903056	2.83951142	2.8412646	2.84393824	2.84666615	2.85058371	2.87114334	2.89202698	2.91579656	3.00948015
2024-07-29	2.82578969	2.82485873	2.82537626	2.82940784	2.83069401	2.83308098	2.83315852	2.83368761	2.83717986	2.83986291	2.84202244	2.84200075	2.84247729	2.84470661	2.84763053	2.85076298	2.86947273	2.89062753	2.91551406	3.01573411
2024-07-28	2.82578969	2.82485873	2.82305424	2.82849511	2.83069401	2.8330781	2.8331344	2.83328125	2.83698904	2.84022328	2.84248618	2.84223859	2.84210429	2.84392457	2.8464957	2.84970727	2.86894617	2.88985907	2.91750004	3.01122367
2024-07-27	2.82578969	2.82485873	2.82305424	2.82776492	2.83106164	2.83327336	2.83313543	2.83379383	2.8381616	2.84274963	2.84536938	2.84567532	2.84478898	2.84613375	2.84877037	2.85237309	2.87245082	2.89602181	2.92828576	3.02913915
2024-07-24	2.82578969	2.82485873	2.82305424	2.82721728	2.83069401	2.83290349	2.83294922	2.83329061	2.83801449	2.8431522	2.84541284	2.8464795	2.84575485	2.84750481	2.85089705	2.85448457	2.87709404	2.90477215	2.94296158	3.05217119
2024-07-23	2.825975	2.82350655	2.82126808	2.82630455	2.83032639	2.83293277	2.832764	2.83330842	2.83825657	2.84345224	2.84618012	2.8478201	2.84743685	2.84940697	2.85284444	2.85645374	2.88096871	2.91345594	2.95555448	3.07258368
2024-07-22	2.825975	2.82395106	2.82126808	2.82520927	2.83032639	2.83293716	2.83279069	2.83354173	2.83847356	2.84335758	2.8466324	2.84824276	2.84785999	2.85004421	2.85384097	2.85717432	2.88389808	2.91576309	2.95801021	3.08683255
2024-07-21	2.825975	2.82412662	2.82126808	2.82520927	2.83161308	2.83306347	2.83313216	2.8335685	2.83872095	2.84375853	2.84699282	2.84791559	2.84702458	2.8494579	2.85360333	2.85695031	2.88265937	2.91303933	2.95324988	3.07012351
2024-07-20	2.825975	2.82425736	2.82126808	2.82520927	2.83124545	2.83347261	2.83331626	2.83380409	2.8392404	2.84493276	2.84779515	2.84838359	2.84706323	2.84952563	2.8540229	2.85673825	2.88023423	2.90937513	2.94805597	3.07088505
2024-07-17	2.82690152	2.82428137	2.82126808	2.82593945	2.8319807	2.83365056	2.83350742	2.83694587	2.84351024	2.84980794	2.8528606	2.85295054	2.85170287	2.85444987	2.85881638	2.86204767	2.88738908	2.91515218	2.95388606	3.0949329
2024-07-16	2.82690152	2.82443877	2.82055361	2.82575691	2.83142926	2.8333277	2.83351638	2.83780958	2.84329133	2.85135181	2.85263989	2.85210129	2.85041516	2.85314144	2.8580775	2.86065866	2.88466069	2.90926731	2.94322927	3.05938486
2024-07-15	2.82653091	2.82489821	2.82073223	2.82575691	2.83142926	2.833638	2.8337552	2.83818413	2.84366633	2.85036645	2.85208866	2.85075401	2.84926938	2.85142257	2.85503263	2.85770474	2.87948305	2.90144786	2.92843165	3.06694116
2024-07-14	2.82690152	2.82504176	2.82073223	2.82575691	2.83142926	2.83363643	2.83370408	2.83814899	2.84347218	2.85011529	2.85227679	2.85076254	2.84896814	2.85068401	2.85389565	2.85569989	2.87785098	2.89774607	2.92671977	3.03917258
2024-07-13	2.82690152	2.8251725	2.82073223	2.82575691	2.83142926	2.83388456	2.83407626	2.83894279	2.8446487	2.85121469	2.85377055	2.85308948	2.85139468	2.85313295	2.85676382	2.85919009	2.88095437	2.9025046	2.93245359	3.04281944
2024-07-10	2.82782805	2.82519651	2.82073223	2.82575691	2.83124545	2.83384638	2.83444841	2.83943249	2.84502899	2.85284683	2.85529162	2.85445221	2.85310554	2.85515043	2.859261	2.86202214	2.8837056	2.90788396	2.94067764	3.05702798
2024-07-09	2.82782805	2.82535392	2.82091084	2.82685219	2.83142926	2.8340047	2.8348177	2.83946756	2.84628854	2.85400941	2.85662099	2.85639658	2.85483764	2.85658028	2.86019911	2.86335058	2.88538686	2.90895714	2.93984717	3.06552464
2024-07-08	2.8274405	2.82581336	2.82144669	2.82703473	2.83179689	2.83462433	2.83543231	2.84029898	2.84773834	2.85602644	2.85841382	2.85900916	2.85784223	2.86019251	2.86447437	2.86773448	2.89078215	2.91297068	2.94118902	3.08863555
2024-07-07	2.82782805	2.82595691	2.82144669	2.82703473	2.83179689	2.83462294	2.8353783	2.84276735	2.85008515	2.85793603	2.86059466	2.86145472	2.86085092	2.86315551	2.86751804	2.87157175	2.89573702	2.92126784	2.95527736	3.07940832
2024-07-06	2.82782805	2.82608764	2.82144669	2.82703473	2.83179689	2.83444179	2.83537633	2.84286431	2.85040212	2.8583528	2.86079136	2.86153227	2.8612461	2.86375106	2.86770144	2.87206355	2.89759364	2.92498184	2.96222682	3.08124411
2024-07-03	2.82782805	2.82651187	2.82287563	2.82703473	2.83179689	2.83456635	2.83589864	2.84325891	2.85060314	2.85897192	2.8609728	2.86168824	2.86129682	2.86388685	2.86790467	2.87228061	2.89937516	2.93197019	2.97390436	3.10828073
2024-07-02	2.82893988	2.82642595	2.82412595	2.82758237	2.8319807	2.83549784	2.83611594	2.84368918	2.85182008	2.85934769	2.8613305	2.86231462	2.86205077	2.86452328	2.86859471	2.87331912	2.90118821	2.93490719	2.98124349	3.1097356
2024-07-01	2.82856927	2.82675092	2.82412595	2.82758237	2.8319807	2.83506357	2.83563499	2.84369283	2.85260281	2.86012139	2.86221379	2.86331949	2.86317657	2.86544784	2.86914157	2.8733156	2.90246637	2.93255027	2.97510938	3.13277158
2024-06-30	2.82893988	2.82687205	2.82412595	2.82758237	2.8319807	2.83506631	2.83537944	2.8442916	2.85333914	2.86074715	2.86232023	2.86341897	2.86307269	2.86554398	2.86902864	2.87290722	2.90172334	2.93008306	2.96768277	3.11076938
2024-06-29	2.82893988	2.82699051	2.82412595	2.82794747	2.83253214	2.83513565	2.83537852	2.84404291	2.85257388	2.86031166	2.86188432	2.86292992	2.86293416	2.86530999	2.8685527	2.87237331	2.89969509	2.92792531	2.96462829	3.10505663
2024-06-26	2.8300517	2.82700438	2.82412595	2.82794747	2.83253214	2.83507951	2.83574445	2.84346046	2.85232604	2.85946268	2.86170476	2.86249158	2.86251062	2.86478919	2.8674531	2.87127152	2.89835148	2.92598188	2.96190186	3.09039728
2024-06-25	2.8300517	2.82719542	2.82412595	2.82849511	2.83234833	2.83541494	2.83574531	2.8440772	2.85242731	2.8598875	2.86235384	2.86300778	2.86275107	2.86483536	2.86795111	2.87177431	2.89733136	2.92471971	2.96039777	3.08823612
2024-06-24	2.82958665	2.82779157	2.82412595	2.82849511	2.83234833	2.83571589	2.83599197	2.84397656	2.85196446	2.85959348	2.86271556	2.86248569	2.86210267	2.8645279	2.86803269	2.87188083	2.89798234	2.92359919	2.95890798	3.08612038
2024-06-23	2.8300517	2.82797022	2.82412595	2.82849511	2.83271596	2.83557358	2.83629946	2.84415656	2.85271247	2.86066645	2.86355443	2.86361612	2.86337076	2.86578428	2.86889046	2.87281905	2.89878715	2.92420285	2.95888037	3.07814641
2024-06-22	2.8300517	2.8281271	2.82412595	2.82849511	2.83289977	2.83609072	2.83645396	2.84511117	2.85443297	2.86280609	2.86594669	2.86567537	2.86526838	2.86747508	2.87063744	2.87465221	2.90003395	2.92579268	2.96116188	3.0920925
2024-06-19	2.83116353	2.82815592	2.82412595	2.82849511	2.83308358	2.83630492	2.83663903	2.84610533	2.85526958	2.86390351	2.86703058	2.86666898	2.86609489	2.86798601	2.8712546	2.87464702	2.89984721	2.92622557	2.96083115	3.09208177
2024-06-18	2.83116353	2.82834481	2.82501903	2.82995548	2.83289977	2.83633281	2.83682414	2.84547881	2.85394494	2.86284578	2.86641276	2.86587007	2.86519252	2.86695939	2.86999519	2.87400206	2.89810855	2.92334905	2.95705825	3.11313612
2024-06-17	2.83069848	2.82889614	2.82501903	2.82995548	2.83289977	2.83624902	2.83682851	2.84562619	2.85384967	2.8626882	2.86665477	2.86633074	2.8655057	2.86732716	2.87080344	2.87421115	2.89839858	2.92226037	2.95470195	3.10001401
2024-06-16	2.83116353	2.82906839	2.82501903	2.82849511	2.83289977	2.83624671	2.83700926	2.84682239	2.85550037	2.86458658	2.86819241	2.86780335	2.86712685	2.86886337	2.87236243	2.87653698	2.90046812	2.92534076	2.95808169	3.08051933
2024-06-15	2.83116353	2.82922527	2.82501903	2.8288602	2.83289977	2.8363975	2.83700926	2.8463746	2.85485423	2.86372764	2.86696179	2.8669797	2.86654869	2.86868793	2.87233072	2.87674546	2.90232206	2.92652799	2.95866771	3.09035829
2024-06-12	2.83134884	2.82937859	2.82501903	2.82831256	2.83289977	2.83619667	2.83719443	2.84653543	2.85484054	2.86394154	2.86728454	2.86745705	2.86741861	2.86957077	2.87307419	2.87751253	2.90462822	2.92894729	2.9609952	3.08595642
2024-06-11	2.83134884	2.82964417	2.82644796	2.82758237	2.83308358	2.83636155	2.83756466	2.84593095	2.85406619	2.86353073	2.86684715	2.86736621	2.86708785	2.86907493	2.87261513	2.87633552	2.90465698	2.92983164	2.96227996	3.08741079
2024-06-10	2.83120228	2.82990637	2.82644796	2.82758237	2.83308358	2.83647127	2.83756904	2.84623918	2.85420509	2.86432532	2.86754404	2.86777113	2.86747529	2.8696885	2.8730066	2.87717366	2.90552523	2.93162669	2.96571199	3.10207528
2024-06-09	2.83134884	2.83016656	2.82734105	2.82922529	2.8332674	2.83663305	2.83796647	2.84661765	2.85437358	2.86361167	2.86700139	2.86755228	2.86764789	2.87026248	2.8733494	2.87716395	2.90531095	2.93197216	2.96716969	3.08604378
2024-06-08	2.83134884	2.83019272	2.82734105	2.82940784	2.8332674	2.83661057	2.83793431	2.84620397	2.85440309	2.86317056	2.86617385	2.86674763	2.86695854	2.86929344	2.87168014	2.87569897	2.90567612	2.9321758	2.96635206	3.07588369
2024-06-05	2.83134884	2.83022953	2.82734105	2.82959039	2.8332674	2.83640408	2.83793431	2.84658111	2.85458029	2.862711	2.86541529	2.8662788	2.86661983	2.86902899	2.87209778	2.87613207	2.90366563	2.92813619	2.95897139	3.09100819
2024-06-04	2.83134884	2.83026421	2.82769828	2.83032058	2.83381884	2.8363827	2.83700869	2.84620497	2.85405575	2.86184517	2.86464904	2.86557895	2.86611481	2.86825321	2.87110704	2.87508284	2.90148605	2.92576563	2.954999	3.09269516
2024-06-03	2.83134884	2.83034959	2.82841275	2.83032058	2.83381884	2.83612897	2.83709483	2.84571017	2.85358623	2.86112328	2.86365526	2.86476992	2.86536108	2.86699474	2.86983817	2.87315933	2.89986074	2.92198993	2.94902452	3.07364532
2024-06-02	2.83134884	2.83034959	2.82841275	2.82959039	2.83381884	2.83627443	2.83722227	2.84526582	2.85356302	2.86130051	2.86411378	2.86498183	2.86558	2.86715042	2.86975128	2.87343703	2.90033016	2.92507629	2.95399205	3.07291492
2024-06-01	2.83134884	2.83020551	2.82769828	2.82940784	2.83363502	2.83624028	2.83887471	2.84599801	2.85435871	2.86188318	2.86460489	2.8652472	2.86580972	2.86758235	2.87019591	2.87352726	2.90212418	2.92650354	2.95590791	3.09384154
2024-05-29	2.83153414	2.83021531	2.82769828	2.82940784	2.83345121	2.83641211	2.83810435	2.84636865	2.85478118	2.86275724	2.86572598	2.86662751	2.86747457	2.86923188	2.87193425	2.8753184	2.90406417	2.92874256	2.95802794	3.0897301
2024-05-28	2.83153414	2.83024607	2.8278769	2.82977293	2.83363502	2.8365448	2.83794205	2.84637794	2.85471133	2.86323359	2.86639769	2.86752016	2.86830294	2.87017876	2.87357286	2.87731217	2.90725399	2.93283256	2.96269372	3.1077587
2024-05-27	2.83145663	2.83032302	2.82769828	2.82977838	2.83363502	2.8362506	2.83838061	2.84688062	2.85504589	2.86420213	2.86735024	2.86761257	2.86848011	2.8708819	2.87427921	2.87808794	2.90967032	2.93627395	2.96835338	3.11795727
2024-05-26	2.83153414	2.83034959	2.82769828	2.82977293	2.83345121	2.83639062	2.83772373	2.84727859	2.85500204	2.86508845	2.86778578	2.86796229	2.86922452	2.87131817	2.87471725	2.87860684	2.9096204	2.93639426	2.96961357	3.1104855
2024-05-25	2.83153414	2.83037575	2.82769828	2.82959039	2.8332674	2.83706656	2.83904005	2.84648702	2.85399845	2.86420313	2.86708783	2.8665415	2.86723141	2.86966262	2.87300116	2.87649598	2.9057797	2.92943983	2.9591707	3.09210861
2024-05-22	2.83153414	2.83041256	2.82769828	2.83013803	2.83363502	2.83751049	2.83886479	2.84701683	2.85502162	2.86488724	2.86727068	2.86732001	2.86790795	2.87004627	2.87367307	2.87755757	2.90646978	2.9305208	2.96167678	3.0965938
2024-05-21	2.83153414	2.83106368	2.8289486	2.82940784	2.83363502	2.83784373	2.83818275	2.84701692	2.85405273	2.86422967	2.8668284	2.86659092	2.86703026	2.86924295	2.87265067	2.87647847	2.90286579	2.92581335	2.95651955	3.08731593
2024-05-20	2.83153414	2.83058332	2.8289486	2.82940784	2.83216452	2.8372764	2.8382429	2.84734489	2.85462965	2.86435577	2.86681772	2.86653539	2.86709366	2.86957082	2.87318725	2.87710095	2.90429306	2.92533156	2.95497584	3.07694191
2024-05-19	2.83153414	2.83053262	2.8289486	2.82940784	2.83216452	2.83642607	2.83709261	2.84771383	2.85524962	2.86453416	2.86687619	2.86647641	2.86669605	2.86882832	2.87288531	2.87651298	2.90275933	2.92530313	2.95490467	3.06018038
2024-05-18	2.83153414	2.83053262	2.82805551	2.82940784	2.83216452	2.83612009	2.83672554	2.84668738	2.85488555	2.86342185	2.86589629	2.86535956	2.86555355	2.86751608	2.87105295	2.87489817	2.90067786	2.92393774	2.95389139	3.04969343
2024-05-15	2.82931049	2.82980389	2.82805551	2.82977293	2.8319807	2.83584379	2.836738	2.84704128	2.85505062	2.86430224	2.86667211	2.865783	2.86577663	2.86777973	2.87117051	2.87503086	2.90152897	2.92429602	2.95152148	3.06252922
2024-05-14	2.82931049	2.82940564	2.82751966	2.83050312	2.83271596	2.83567586	2.83620953	2.84724699	2.85496064	2.86453249	2.86695913	2.86637052	2.86588171	2.86745258	2.87110668	2.87496113	2.90189289	2.92226044	2.94815527	3.05798612
2024-05-13	2.82963747	2.82915013	2.82751966	2.83050312	2.83179689	2.83555742	2.83644613	2.84700183	2.85404483	2.86362456	2.86608977	2.8655615	2.86534737	2.86683685	2.86978639	2.87361556	2.89948199	2.91812613	2.94275613	3.05671971
2024-05-12	2.82931049	2.82906839	2.82751966	2.83050312	2.83179689	2.83535493	2.83617152	2.84756576	2.85485287	2.8644683	2.866827	2.86609223	2.8656993	2.86715155	2.86986736	2.87408523	2.89887689	2.91750806	2.94292518	3.05702192
2024-05-11	2.82931049	2.82898942	2.82912721	2.83105076	2.83216452	2.83522723	2.83618688	2.84712493	2.85424255	2.86400873	2.86630193	2.86552881	2.86506881	2.86623438	2.86915095	2.87300521	2.89710943	2.91578533	2.94240824	3.04786464
2024-05-08	2.82875457	2.82895526	2.82912721	2.83141586	2.8332674	2.83533788	2.8367387	2.84731748	2.85483156	2.86497641	2.86678887	2.8664112	2.86616129	2.86732969	2.87069305	2.8746201	2.89917569	2.91824702	2.94481336	3.04506014
2024-05-07	2.82875457	2.8288304	2.82841275	2.83086822	2.8332674	2.83630733	2.83691965	2.84776212	2.85472143	2.86516412	2.86699869	2.8664428	2.86631167	2.86780496	2.87097018	2.87452816	2.89883134	2.91687325	2.94323352	3.04306024
2024-05-06	2.82875457	2.82846434	2.82841275	2.83086822	2.8332674	2.8363287	2.83729121	2.84807967	2.85506496	2.86549928	2.86745356	2.866749	2.86645804	2.86785444	2.8711925	2.87503567	2.90004249	2.91705241	2.94079447	3.04751899
2024-05-05	2.82875457	2.82833628	2.82841275	2.83123331	2.8332674	2.83639746	2.83746241	2.8488268	2.85564377	2.86611503	2.86815456	2.86744662	2.86691253	2.8684717	2.87149544	2.87549041	2.90159834	2.91956329	2.94405032	3.04539122
2024-05-04	2.82875457	2.82824504	2.82823413	2.83141586	2.8332674	2.8363708	2.83745975	2.84938931	2.85669828	2.86692503	2.86894514	2.86819036	2.8680207	2.87008584	2.87335421	2.87711661	2.90353445	2.92207957	2.94643498	3.04991317
2024-05-01	2.82801335	2.82825055	2.82823413	2.83141586	2.83400265	2.83641351	2.83761951	2.84978288	2.85735496	2.86696622	2.86898524	2.86861755	2.86857455	2.87013045	2.87322933	2.87733115	2.90414022	2.92388461	2.94779485	3.05205725
2024-04-30	2.82801335	2.82815431	2.82751966	2.83141586	2.83419019	2.83638742	2.83780338	2.85030031	2.85791321	2.86758644	2.86964789	2.86913211	2.86916482	2.87113326	2.8742925	2.87800874	2.90500514	2.9242417	2.94848815	3.06123913
2024-04-29	2.82833187	2.82788015	2.82751966	2.83141586	2.83437028	2.83621812	2.83756362	2.85023391	2.85660038	2.86639319	2.86904737	2.86837223	2.86821596	2.87023652	2.87357373	2.8773551	2.90283144	2.92278374	2.94649354	3.05735475
2024-04-28	2.82801335	2.82778719	2.82751966	2.83141586	2.83437028	2.83637343	2.83743599	2.84985536	2.85718017	2.86663679	2.86935871	2.86920606	2.86876614	2.87110169	2.87463737	2.87879366	2.90449909	2.92511758	2.95049982	3.06401995
2024-04-24	2.82801335	2.8276954	2.82751966	2.8315984	2.83455409	2.83629016	2.83701397	2.84983297	2.85781999	2.86682869	2.86965879	2.86979026	2.86950679	2.8718808	2.87542942	2.87925199	2.90650707	2.92940242	2.96005189	3.07029681
2024-04-23	2.82782805	2.82760647	2.82751966	2.8315984	2.8347379	2.83611797	2.83701404	2.85017812	2.85867237	2.86743258	2.87031727	2.87056587	2.87044639	2.87272069	2.87612626	2.87995726	2.90830349	2.93191747	2.96450378	3.06910766
2024-04-22	2.82782805	2.82714526	2.82626935	2.83178095	2.83455409	2.83652927	2.83775471	2.85038631	2.85916846	2.86810966	2.87088467	2.87142086	2.87099733	2.87308843	2.8765339	2.88068196	2.91053347	2.93265754	2.96375791	3.09441727
2024-04-21	2.82782805	2.826895	2.82626935	2.83178095	2.83492172	2.83644714	2.83797297	2.84994628	2.85885162	2.86832683	2.87114448	2.87157668	2.87111704	2.87300334	2.87645872	2.88033237	2.9117619	2.93330655	2.96153988	3.09148617
2024-04-20	2.82782805	2.82687205	2.82626935	2.83178095	2.83455409	2.83643907	2.83830943	2.85014682	2.85880541	2.8684532	2.87165935	2.87230595	2.8715698	2.87292584	2.87659784	2.88087578	2.91212875	2.9317072	2.95954935	3.08032985
2024-04-17	2.82782805	2.82687205	2.82626935	2.8319635	2.83455409	2.83662671	2.83830862	2.85007347	2.85885052	2.86887366	2.87178115	2.87210803	2.871335	2.87343665	2.8766304	2.88049845	2.91094139	2.93026238	2.95362411	3.07946158
2024-04-16	2.82782805	2.82687205	2.82626935	2.83105076	2.83492172	2.83656878	2.83867731	2.85032492	2.85925508	2.86939909	2.87224249	2.8724906	2.87248534	2.87411004	2.87738732	2.88131262	2.91169008	2.93121542	2.95892907	3.06363813
2024-04-15	2.82856927	2.82760416	2.8257335	2.83141586	2.83418646	2.83674705	2.83867696	2.85001789	2.85906421	2.8681398	2.87124737	2.87134084	2.87140058	2.87269096	2.87640882	2.88063863	2.90930561	2.92811564	2.95397471	3.05589622
2024-04-14	2.82856927	2.82760416	2.8257335	2.83141586	2.83418646	2.83666504	2.83905762	2.84971428	2.85907094	2.86888793	2.87190172	2.87176019	2.87208146	2.8737374	2.87746731	2.88151821	2.90858866	2.92605575	2.95042994	3.05881972
2024-04-13	2.82856927	2.82760416	2.8257335	2.83105076	2.83418646	2.83663305	2.83926596	2.85060183	2.86027128	2.87012026	2.87293014	2.87275839	2.87283307	2.87424418	2.87774989	2.88216436	2.91026404	2.92868184	2.95687065	3.06088164
2024-04-10	2.82856927	2.82760416	2.8257335	2.83050312	2.83455409	2.83660321	2.83960044	2.85115783	2.86093517	2.87086025	2.87418892	2.87381064	2.87419135	2.87573832	2.87925087	2.88397024	2.91147389	2.93001068	2.95871537	3.06456467
2024-04-09	2.82856927	2.82760416	2.8257335	2.83050312	2.83455409	2.83675597	2.83960044	2.85104594	2.86012722	2.87021827	2.87335396	2.87278773	2.87371178	2.87550181	2.87860831	2.88291224	2.91093776	2.92873095	2.95697043	3.06918669
2024-04-08	2.82856927	2.82760416	2.8268052	2.83123331	2.8347379	2.83672226	2.83923019	2.85038539	2.85971246	2.86966159	2.87248839	2.87205311	2.8729441	2.87454949	2.87787534	2.88245116	2.91003334	2.92752143	2.95449527	3.0651299
2024-04-07	2.82856927	2.82760416	2.8257335	2.83105076	2.8347379	2.83665182	2.83923019	2.85109755	2.8605096	2.87037013	2.87388239	2.87362568	2.87379712	2.87564224	2.87871136	2.88336008	2.91101473	2.92950734	2.95617794	3.06862344
2024-04-06	2.82856927	2.82760416	2.8257335	2.83086822	2.8347379	2.83662165	2.83926799	2.85214845	2.86154153	2.8717073	2.87526748	2.874663	2.87486112	2.87670988	2.87959052	2.88397952	2.91213875	2.93070189	2.95888307	3.06560082
2024-04-01	2.82856927	2.82760416	2.8257335	2.83105076	2.8347379	2.83689873	2.83944314	2.85324667	2.86264427	2.87300028	2.87659906	2.87609761	2.87633848	2.87778956	2.88072846	2.88490211	2.91447005	2.93362624	2.95861385	3.06620359
2024-03-31	2.82856927	2.82760416	2.8257335	2.83105076	2.8347379	2.83700945	2.83944514	2.85363332	2.86286882	2.87224411	2.87663504	2.87604107	2.8759751	2.87717283	2.88040799	2.88491857	2.91150505	2.93005421	2.95605309	3.06969068
2024-03-30	2.82856927	2.82723811	2.82698381	2.83068567	2.83455409	2.83709694	2.83962774	2.85366501	2.86277478	2.87257135	2.87642213	2.87592085	2.87563939	2.87679761	2.88101431	2.8853933	2.91191473	2.92996524	2.9581166	3.07263152
2024-03-27	2.82830563	2.82725198	2.82698381	2.83050312	2.83455409	2.83684848	2.83925874	2.85331049	2.86264946	2.8720873	2.87574979	2.87542682	2.87558655	2.87629288	2.88043226	2.88481533	2.91145087	2.93088449	2.96029073	3.09209667
2024-03-26	2.82856927	2.82733453	2.82734105	2.83050312	2.83455409	2.836793	2.83944169	2.85184893	2.86118837	2.87030326	2.87356424	2.87313578	2.8734033	2.87441562	2.87828021	2.88255191	2.90862601	2.93012788	2.96106321	3.08255741
2024-03-25	2.82875457	2.82734831	2.82734105	2.82977293	2.83437028	2.83635073	2.83943742	2.85216269	2.86144735	2.87085383	2.8743537	2.87395119	2.87408947	2.87516713	2.87930891	2.88388506	2.91144347	2.93490107	2.96986498	3.09690953
2024-03-24	2.82866192	2.82738048	2.82644796	2.82995548	2.83437028	2.83615441	2.83933234	2.85206786	2.86146403	2.8710755	2.87441172	2.87402776	2.87374417	2.87476505	2.87863974	2.88348544	2.91105486	2.93650947	2.9731281	3.09284307
2024-03-23	2.82875457	2.82738263	2.82644796	2.82995548	2.83437028	2.83608694	2.839813	2.85245303	2.86323844	2.87237265	2.87593665	2.87567457	2.87562892	2.87671032	2.88064512	2.88533925	2.91551936	2.94188322	2.9795438	3.09502444
2024-03-20	2.82875457	2.82760416	2.82644796	2.82995548	2.83437028	2.83605472	2.83999985	2.85281943	2.86375315	2.87260744	2.87605303	2.87624405	2.87570038	2.87756279	2.88147165	2.8861524	2.91682189	2.9431245	2.98011644	3.10550992
2024-03-19	2.82875457	2.82764597	2.82644796	2.82959039	2.83437028	2.83677634	2.84017712	2.85281863	2.86367877	2.87276234	2.87596647	2.87674655	2.87594148	2.87780295	2.88200158	2.88704223	2.91804053	2.94484857	2.9813397	3.11700492
2024-03-18	2.82875457	2.82778719	2.82609073	2.82940784	2.83455409	2.83757958	2.84017681	2.85316488	2.86387021	2.87338485	2.87741574	2.87800994	2.87667796	2.87816827	2.88294939	2.88755793	2.91992311	2.9484646	2.98534441	3.11440777
2024-03-17	2.82875457	2.82778719	2.82609073	2.82940784	2.83437028	2.83779519	2.84038552	2.85458419	2.8647428	2.8743479	2.87830295	2.87804275	2.87674055	2.87818029	2.88271323	2.88766426	2.92098588	2.94994169	2.98737832	3.10831579
2024-03-13	2.82875457	2.82778719	2.82609073	2.82940784	2.83418646	2.83774849	2.84024356	2.85533047	2.86532029	2.87496034	2.87903603	2.87858378	2.87786331	2.87891726	2.88393882	2.8893328	2.92153433	2.94980773	2.98618512	3.1173036
2024-03-12	2.82875457	2.82778719	2.82609073	2.82977293	2.83455409	2.83807324	2.84064408	2.85596327	2.86650651	2.87567045	2.87959243	2.87890697	2.87795347	2.87900334	2.88378146	2.88907077	2.92106456	2.94940366	2.98925182	3.11263406
2024-03-11	2.82875457	2.82778719	2.82609073	2.83032058	2.83510553	2.83802525	2.84126675	2.85671948	2.86843887	2.8771574	2.88110986	2.88011409	2.87882103	2.88027405	2.8846901	2.88994613	2.92414116	2.95326708	2.9934811	3.11051612
2024-03-10	2.82875457	2.82778719	2.8268052	2.83068567	2.83455409	2.83840194	2.84036761	2.85728256	2.86915365	2.87807016	2.88167841	2.88056197	2.87984593	2.88152438	2.88577876	2.89074623	2.92361901	2.95326626	2.99374693	3.13058946
2024-03-09	2.82875457	2.82778719	2.8268052	2.83068567	2.83437028	2.8381761	2.84024425	2.85732757	2.87019952	2.8786818	2.88223624	2.88082386	2.88088868	2.88278713	2.88682358	2.89158404	2.924035	2.95280778	2.99320988	3.13059813
2024-03-06	2.82875457	2.82778719	2.8268052	2.83068567	2.83437028	2.83810906	2.84000631	2.85762723	2.87006995	2.87925874	2.88302334	2.88201664	2.88184249	2.88380204	2.88785124	2.89269872	2.92480954	2.95386966	2.99354398	3.14189865
2024-03-05	2.8296811	2.82870234	2.8268052	2.83050312	2.83437028	2.83800674	2.84018501	2.8573101	2.86986524	2.87903335	2.88287907	2.88204007	2.88159459	2.88354086	2.88730248	2.89236354	2.92406807	2.95118466	2.98742641	3.15246558
2024-03-04	2.82875457	2.82870234	2.8268052	2.82995548	2.83455409	2.83793421	2.84018493	2.85751821	2.86999069	2.87895483	2.88381422	2.88229862	2.88203554	2.8836279	2.88720882	2.89269421	2.92433716	2.95069567	2.98680581	3.15159976
2024-03-03	2.82875457	2.82943339	2.82769828	2.82995548	2.83455409	2.83786351	2.84037167	2.85671126	2.86863558	2.87880791	2.88278027	2.8810944	2.88122083	2.88327502	2.88662107	2.89118281	2.92241469	2.94781083	2.98301471	3.1342725
2024-03-02	2.82875457	2.82889177	2.8278769	2.83013803	2.8347379	2.83772332	2.84060406	2.85703708	2.86909079	2.87957483	2.88367053	2.88172399	2.88191802	2.88426939	2.88761573	2.892565	2.92378738	2.94980915	2.98580891	3.13975688
2024-02-28	2.82875457	2.82870234	2.82791491	2.82977293	2.83492172	2.83796539	2.84073462	2.85627033	2.86830571	2.87903867	2.88329796	2.88152535	2.88146108	2.88383179	2.88715667	2.8920847	2.92326435	2.95009581	2.98855194	3.12383923
2024-02-27	2.82875457	2.8285716	2.82769828	2.83013803	2.83584078	2.83803864	2.84183427	2.8561495	2.86816933	2.87866349	2.88323327	2.88218714	2.8822729	2.88441176	2.88770522	2.8925921	2.92453323	2.95071145	2.98943101	3.12584934
2024-02-26	2.82782805	2.82831102	2.8268052	2.83013803	2.83694366	2.83935147	2.84015615	2.85611032	2.86803324	2.87902979	2.8841933	2.88260968	2.88253813	2.8852223	2.8888393	2.89404257	2.92641342	2.95355238	2.9909716	3.1390669
2024-02-25	2.82838396	2.82797236	2.82823413	2.83032058	2.83620841	2.83907775	2.84015909	2.85500901	2.86654734	2.87785842	2.88264921	2.88153185	2.88188036	2.8840632	2.88781818	2.89283494	2.9257094	2.95354488	2.99104949	3.12842402
2024-02-24	2.82782805	2.82742114	2.82644796	2.83032058	2.83528934	2.8390001	2.83978562	2.85359979	2.86573343	2.8771796	2.88178207	2.88087102	2.88095093	2.88313716	2.88682311	2.8918038	2.92541016	2.95352449	2.99220356	3.14948932
2024-02-21	2.82782805	2.82687205	2.8257335	2.8288602	2.83308358	2.83783775	2.83848988	2.85282873	2.86521228	2.87681087	2.88166345	2.88068524	2.88035979	2.88176108	2.88564921	2.8906198	2.92525904	2.95257072	2.99081139	3.1366395
2024-02-20	2.82782805	2.82687205	2.8257335	2.8288602	2.83308358	2.83691855	2.83756442	2.85309695	2.86477872	2.87652707	2.88119368	2.88019422	2.8797551	2.88205857	2.88531308	2.88955185	2.92436523	2.95097725	2.98495969	3.12716531
2024-02-19	2.82782805	2.82719471	2.82555488	2.82758237	2.83253214	2.8360431	2.83756436	2.85448158	2.86625927	2.87799278	2.88246747	2.88128171	2.88132002	2.88279775	2.88614723	2.89094123	2.9238682	2.94985287	2.98255961	3.12418183
2024-02-18	2.82801335	2.82706202	2.82555488	2.82758237	2.83253214	2.83592152	2.83756684	2.85492753	2.8668873	2.87842505	2.88330164	2.88271744	2.88247448	2.88398997	2.88712625	2.89196699	2.92408425	2.95101189	2.98296975	3.12549629
2024-02-17	2.82782805	2.82705508	2.82555488	2.82813001	2.83253214	2.83588942	2.83759174	2.85562354	2.86765464	2.87885172	2.88394471	2.88333627	2.88249477	2.88356532	2.88743943	2.89209297	2.92446695	2.9508992	2.98408855	3.10028286
2024-02-14	2.82782805	2.82734269	2.82644796	2.82758237	2.83253214	2.83585617	2.83793431	2.85606814	2.86829466	2.87961235	2.88432196	2.88385012	2.88357731	2.88520763	2.88859745	2.89334172	2.92560516	2.95033199	2.98224619	3.12560415
2024-02-13	2.82782805	2.82723223	2.82644796	2.82794747	2.83271596	2.83600111	2.83774919	2.85613109	2.86859961	2.88039991	2.88566311	2.8856452	2.88527808	2.88637139	2.89036757	2.89559874	2.92754659	2.95269133	2.98551443	3.13190105
2024-02-12	2.82782805	2.82687205	2.82501903	2.82813001	2.83216452	2.83653533	2.83719382	2.85603382	2.86875279	2.88133396	2.88585494	2.88603634	2.8858168	2.8875025	2.89155038	2.89655641	2.92766897	2.95182742	2.98344593	3.13877875
2024-02-11	2.82782805	2.82687205	2.82501903	2.82813001	2.83253214	2.8368732	2.83719382	2.85552766	2.86805634	2.88110545	2.88595384	2.88609249	2.88610522	2.88751273	2.89178774	2.8969495	2.9275683	2.95175026	2.98334687	3.13866824
2024-02-10	2.82782805	2.82687205	2.82466179	2.82831256	2.83253214	2.83644097	2.83722829	2.85418306	2.86726564	2.88060132	2.88561007	2.88620537	2.88626451	2.88826555	2.89224602	2.89781242	2.9298593	2.95527461	2.98922054	3.12929422
2024-02-07	2.82782805	2.82687205	2.82466179	2.82794747	2.83271596	2.83641659	2.83777653	2.85187575	2.86517635	2.87788817	2.88300999	2.88347785	2.88376994	2.88599989	2.88983428	2.89450485	2.92607048	2.94941564	2.97758127	3.11805556
2024-02-06	2.82801335	2.82693501	2.82466179	2.82794747	2.83271596	2.83638899	2.83758993	2.85111677	2.86419384	2.87695231	2.88183616	2.88254969	2.88230002	2.88471471	2.88830013	2.89304809	2.92260324	2.9464347	2.97588117	3.10523158
2024-02-05	2.82801335	2.82755508	2.82644796	2.82794747	2.83345121	2.83647672	2.83722175	2.85065711	2.86301577	2.87631436	2.88056217	2.88035604	2.881241	2.88388745	2.88743921	2.89209251	2.92144291	2.94595086	2.97417605	3.11046439
2024-02-04	2.82801335	2.82705987	2.82591211	2.82776492	2.83345121	2.83635669	2.83727664	2.85022631	2.86204446	2.87513338	2.87953012	2.87992823	2.88030672	2.8835313	2.88701929	2.89146947	2.9195585	2.94239628	2.9695248	3.10269687
2024-01-31	2.82782805	2.82705508	2.82591211	2.82776492	2.83345121	2.83633676	2.83722108	2.85030434	2.86258325	2.8748095	2.8797479	2.88041326	2.88047109	2.88318108	2.88713482	2.89224409	2.9198346	2.94050981	2.96944468	3.11164216
2024-01-30	2.82782805	2.82654547	2.82394733	2.82776492	2.83363502	2.8363658	2.83722434	2.85009405	2.86232014	2.87416796	2.87928188	2.88004854	2.88091899	2.88422733	2.88790541	2.89294799	2.92136086	2.9424774	2.97202216	3.09882084
2024-01-29	2.82782805	2.82661414	2.82394733	2.82776492	2.83363502	2.83618155	2.83703231	2.84823132	2.86082473	2.87279516	2.87748657	2.87847771	2.87875909	2.8819663	2.88585126	2.89080445	2.91920129	2.94027387	2.96669078	3.1060105
2024-01-28	2.82782805	2.82347881	2.8211027	2.82794747	2.8332674	2.83628274	2.83702998	2.84769313	2.86008961	2.87268904	2.87702698	2.8780201	2.87885335	2.88175413	2.88566126	2.89036194	2.91787963	2.93941815	2.96791492	3.09890932
2024-01-27	2.8255705	2.82402043	2.82037499	2.82794747	2.8332674	2.8362693	2.8372538	2.84812076	2.86045194	2.87314701	2.87829456	2.87916987	2.879767	2.88299842	2.88668348	2.89162522	2.91955664	2.94227536	2.97174154	3.10571925
2024-01-24	2.82782805	2.82412662	2.82037499	2.82831256	2.8332674	2.83657168	2.83739893	2.84821612	2.86074989	2.87291369	2.87846335	2.87939253	2.87995225	2.88261989	2.88631842	2.89147872	2.91985052	2.94098277	2.97011283	3.10334292
2024-01-23	2.82782805	2.82436514	2.82037499	2.82794747	2.83381884	2.83690161	2.8377735	2.84963119	2.86175279	2.87348701	2.87877942	2.88001862	2.88027119	2.8827135	2.88687305	2.89211262	2.92108174	2.94215588	2.96937094	3.11116549
2024-01-22	2.82782805	2.82399535	2.82037499	2.82794747	2.83400265	2.83701291	2.83796064	2.85072508	2.86207327	2.87357244	2.88022867	2.88041184	2.88068699	2.88336853	2.8871317	2.8923566	2.92058252	2.94239652	2.96856527	3.10991733
2024-01-21	2.82782805	2.82411221	2.82412595	2.82776492	2.83455409	2.83698144	2.83796473	2.85142536	2.86376124	2.87438272	2.88079557	2.88096427	2.88126928	2.88336922	2.88720272	2.89244768	2.91852333	2.93885621	2.9631409	3.10968979
2024-01-20	2.82682168	2.82450889	2.82144669	2.82813001	2.8347379	2.83703435	2.83821641	2.85227079	2.8646165	2.87505497	2.88146384	2.88235995	2.88239418	2.884537	2.8884084	2.89296724	2.92022096	2.94280881	2.96824365	3.11023019
2024-01-17	2.82782805	2.82467571	2.82144669	2.82940784	2.83510553	2.83743605	2.83870793	2.85334801	2.86592911	2.87566113	2.88148971	2.88275279	2.88308499	2.88555626	2.88874036	2.89283793	2.91985583	2.94255753	2.96571156	3.13266196
2024-01-16	2.82782805	2.8248742	2.82144669	2.82940784	2.83547315	2.83769339	2.83907616	2.8527289	2.86475938	2.87454708	2.87985139	2.88191389	2.88192724	2.88469951	2.88777863	2.89220514	2.91928352	2.93991814	2.96337627	3.11887282
2024-01-15	2.82782805	2.82480804	2.82216116	2.82940784	2.83565697	2.83766351	2.83926225	2.85330851	2.86508306	2.87506453	2.8813079	2.88308625	2.88255036	2.88562968	2.88928412	2.89377471	2.92314827	2.94296834	2.96631521	3.1343107
2024-01-14	2.82713045	2.82559522	2.82233978	2.82940784	2.8347379	2.8371589	2.83881408	2.85319437	2.86438161	2.87353215	2.87957431	2.88028758	2.88062301	2.88363979	2.88745921	2.89219679	2.92083942	2.93996476	2.966957	3.12529695
2024-01-13	2.82782805	2.82577388	2.82233978	2.82940784	2.83418646	2.83704844	2.83815471	2.85197866	2.8629084	2.87178682	2.87691906	2.8776802	2.87713972	2.87949209	2.88409793	2.88912022	2.91723975	2.93784943	2.96956169	3.10107424
2024-01-10	2.82782805	2.82593075	2.82216116	2.82940784	2.83400265	2.83710903	2.83759913	2.85148216	2.86160783	2.86993651	2.87481055	2.87488381	2.87568094	2.87799407	2.88248226	2.88698315	2.91565576	2.93923019	2.97226268	3.11234072
2024-01-09	2.82893988	2.82595958	2.82216116	2.82794747	2.83363502	2.83632105	2.83722879	2.85072049	2.86070804	2.86861318	2.87317741	2.87252292	2.87356642	2.87606864	2.88098913	2.88786241	2.9129519	2.93322521	2.96422391	3.12535753
2024-01-08	2.82893988	2.82603427	2.82233978	2.82849511	2.83363502	2.83629681	2.83704647	2.85070471	2.8607885	2.86889936	2.8733988	2.87293371	2.87349855	2.87568002	2.88087003	2.88533643	2.91464554	2.93670921	2.96894842	3.10599057
2024-01-07	2.82847482	2.8266998	2.82233978	2.82721728	2.83363502	2.83622427	2.83711749	2.85019252	2.860507	2.86804822	2.87222925	2.87248253	2.87191039	2.87408085	2.8794521	2.88584733	2.91241737	2.93605927	2.96800601	3.07901877
2024-01-06	2.82893988	2.82687205	2.82233978	2.82831256	2.83345121	2.8360579	2.83705034	2.85026177	2.86081324	2.86873677	2.87344353	2.87314735	2.87312506	2.87474324	2.88033023	2.88660217	2.91416861	2.93743658	2.96646504	3.08532937
2024-01-03	2.82893988	2.82702892	2.82233978	2.82849511	2.83308358	2.8362028	2.8368244	2.84976749	2.86060635	2.86825343	2.87347831	2.87371471	2.87201205	2.87363934	2.87893676	2.88464322	2.9133029	2.93484849	2.96518445	3.07457716
2024-01-02	2.8300517	2.82705775	2.82233978	2.82849511	2.83308358	2.83617912	2.83663937	2.84927287	2.85984819	2.8690671	2.87380217	2.8745452	2.87253078	2.873803	2.87847727	2.88398406	2.91257655	2.93293727	2.95714105	3.07818592
2024-01-01	2.8300517	2.82724663	2.82466179	2.82904275	2.83234833	2.83621927	2.8370096	2.85100084	2.86187731	2.87222297	2.87621081	2.87828029	2.87714035	2.87851762	2.88317318	2.88861047	2.9157873	2.93615407	2.96639838	3.07926851
2023-12-31	2.82958665	2.82779797	2.82287563	2.83013803	2.83253214	2.83629538	2.83701767	2.8533515	2.86439581	2.87421708	2.8783163	2.87963159	2.87909386	2.88083667	2.88511038	2.89052764	2.91808871	2.93925848	2.96611485	3.11346379
2023-12-30	2.8300517	2.82797022	2.82287563	2.83032058	2.83179689	2.83626898	2.83700967	2.85374937	2.86415073	2.87393083	2.87807787	2.8793675	2.87798161	2.88035227	2.88411331	2.88927723	2.91579193	2.93714841	2.96557242	3.11188758
2023-12-27	2.8300517	2.8281271	2.82287563	2.83032058	2.83216452	2.83605212	2.8368244	2.85234235	2.86203602	2.87247839	2.87672797	2.8765141	2.87566148	2.87767455	2.88130558	2.8862639	2.91208111	2.93263311	2.95938113	3.10800107
2023-12-26	2.83023701	2.82826265	2.82376871	2.82959039	2.83216452	2.83601929	2.83737972	2.85186507	2.8612185	2.87180174	2.87555854	2.87511329	2.87481557	2.87610913	2.8797386	2.88468326	2.91086641	2.93344388	2.9636136	3.0730093
2023-12-25	2.83023701	2.82834054	2.82698381	2.83214604	2.83308358	2.83649761	2.83737957	2.85089689	2.86064681	2.87000727	2.87421842	2.87346136	2.87261455	2.87417161	2.8786701	2.8839096	2.90891157	2.93166711	2.96240013	3.07791333
2023-12-24	2.83000447	2.8286162	2.82501903	2.8315984	2.83363502	2.83683109	2.83756856	2.84979833	2.85940808	2.8687768	2.87286274	2.87207604	2.87121908	2.87273302	2.87714199	2.88242697	2.90817975	2.93152023	2.96318449	3.06275497
2023-12-23	2.83023701	2.82870234	2.82501903	2.83178095	2.83381884	2.83700486	2.8377779	2.84836502	2.8582151	2.86726346	2.87151917	2.87052396	2.87075151	2.87166792	2.87576176	2.88093552	2.90659508	2.93118992	2.96487867	3.09592596
2023-12-20	2.83023701	2.82872315	2.8268052	2.8319635	2.83381884	2.83699298	2.83793431	2.84778571	2.85741722	2.86733029	2.87183961	2.87084058	2.87105188	2.87137603	2.87588494	2.88119955	2.90892506	2.93579052	2.97228373	3.08210375
2023-12-19	2.83042231	2.82886278	2.82501903	2.8319635	2.83400265	2.83717458	2.83811944	2.8468881	2.85624404	2.86718955	2.87241716	2.87114605	2.87133375	2.87160166	2.87661315	2.88220124	2.91076851	2.93637397	2.97078674	3.09730469
2023-12-18	2.83042231	2.82791632	2.82430456	2.83251114	2.83455409	2.8371461	2.83774919	2.84608654	2.85536301	2.8668293	2.87149541	2.87016342	2.87068824	2.87094125	2.87594211	2.88164787	2.90941233	2.93393115	2.9606811	3.10627359
2023-12-17	2.83042231	2.82837576	2.82430456	2.83251114	2.83437028	2.83715054	2.83774919	2.84613498	2.85549543	2.86668275	2.87177421	2.86961457	2.87011677	2.87128954	2.87559492	2.88089197	2.9072699	2.92895017	2.95531673	3.0968306
2023-12-16	2.83042231	2.82851931	2.82430456	2.83287623	2.83418646	2.83710499	2.83777316	2.84649368	2.85653992	2.86799083	2.87280158	2.87122815	2.87089989	2.87243335	2.87610277	2.88099065	2.90672272	2.92831011	2.95456589	3.09583344
2023-12-13	2.83042231	2.82865004	2.82430456	2.83269368	2.83437028	2.83710538	2.83777564	2.84626836	2.85723385	2.86841181	2.87428312	2.87085841	2.87135129	2.87231322	2.87618342	2.88109096	2.90531424	2.92542905	2.95300319	3.0933638
2023-12-12	2.83060762	2.82877366	2.82430456	2.83287623	2.83510553	2.83730369	2.83813929	2.84500071	2.85686009	2.86707735	2.87112351	2.86910507	2.86817517	2.86964192	2.87239847	2.8765551	2.90067554	2.92035452	2.94497892	3.09307792
2023-12-11	2.83060762	2.82942966	2.82626935	2.83342387	2.8360246	2.83767768	2.83832311	2.84460913	2.85674505	2.86682659	2.87111176	2.86903386	2.86924681	2.87074761	2.873762	2.87778218	2.8990107	2.91871158	2.94407617	3.07593874
2023-12-10	2.83076265	2.83004309	2.82948445	2.83360642	2.83639222	2.83802239	2.83854754	2.84443329	2.85691933	2.86647807	2.87065339	2.86856482	2.8684525	2.87119067	2.87372124	2.87755586	2.89831222	2.91819389	2.94030942	3.09229873
2023-12-06	2.83060762	2.82998354	2.82948445	2.83360642	2.83639222	2.83795184	2.83851155	2.84519488	2.85726763	2.86638132	2.87104813	2.86926533	2.86915527	2.8719388	2.87446969	2.87847521	2.89977398	2.91993386	2.94465689	3.06973838
2023-12-05	2.83060762	2.82993125	2.82948445	2.83360642	2.83639222	2.83824016	2.83830488	2.84475063	2.85650864	2.86666983	2.8707673	2.86982247	2.86943303	2.8719178	2.87485931	2.87931891	2.89998792	2.91905128	2.9415504	3.07240033
2023-12-04	2.83060762	2.82985761	2.82948445	2.83360642	2.83657604	2.83866701	2.83848997	2.84512498	2.85694143	2.86690021	2.87172454	2.87080886	2.87036516	2.87369782	2.87744791	2.88217306	2.9038691	2.9271781	2.94774744	3.09141486
2023-12-03	2.83060762	2.82674237	2.82823413	2.83360642	2.83657604	2.83886751	2.83886009	2.84514636	2.85704343	2.865946	2.87078635	2.8692953	2.86947682	2.87217743	2.87544682	2.87969908	2.90066106	2.92284108	2.9381955	3.08057996
2023-12-02	2.83060762	2.82602148	2.82823413	2.83360642	2.83657604	2.83880237	2.83978604	2.84499058	2.85696322	2.86610252	2.87127665	2.86979096	2.86965809	2.8723897	2.8754337	2.87956805	2.90052442	2.9185761	2.9321855	3.07712765
2023-11-29	2.83060762	2.82595691	2.82823413	2.83360642	2.83657604	2.8387797	2.8397856	2.84541129	2.85692804	2.8660764	2.8711907	2.8697996	2.86964457	2.87240117	2.87542347	2.87968995	2.90141643	2.91808354	2.93166445	3.07633017
2023-11-28	2.83060762	2.82609564	2.82823413	2.83579698	2.83841417	2.84089498	2.83819617	2.84536102	2.85695291	2.86586782	2.86923997	2.86811537	2.86819682	2.87155819	2.87453959	2.87860763	2.90012134	2.91462473	2.92930324	3.07882036
2023-11-27	2.83060762	2.82668262	2.82823413	2.83415406	2.83841417	2.84087721	2.83818856	2.84540294	2.85701285	2.86542842	2.86952615	2.86814229	2.86872874	2.87238953	2.87523195	2.87908777	2.89955101	2.91372617	2.931106	3.06798995
2023-11-26	2.83060762	2.82961748	2.82769828	2.83305878	2.83804654	2.8405053	2.83850735	2.8446885	2.8559221	2.86460275	2.86894819	2.86799464	2.8686646	2.87170995	2.87452306	2.87847775	2.89859761	2.91223508	2.92745558	3.05415517
2023-11-25	2.8296811	2.82870234	2.8268052	2.83032058	2.83639222	2.83985762	2.83485317	2.84527727	2.85657776	2.864492	2.86849886	2.86744722	2.86924745	2.87146564	2.87399833	2.87775597	2.89880166	2.91317123	2.92660553	3.05889657
2023-11-22	2.8296811	2.82870234	2.8268052	2.83032058	2.83639222	2.83971966	2.83939365	2.8466194	2.85755999	2.86738577	2.87160006	2.87201473	2.87159017	2.87561301	2.8787861	2.88295249	2.90519547	2.92093854	2.94050182	3.09470982
2023-11-21	2.8296811	2.8282317	2.82466179	2.83068567	2.83639222	2.83917967	2.8395566	2.84785819	2.8600325	2.87183675	2.87542117	2.87556647	2.87508438	2.88053288	2.88370736	2.8880568	2.91025564	2.93073627	2.95215553	3.09470669
2023-11-20	2.8296811	2.82834215	2.82466179	2.83050312	2.83547315	2.8386149	2.83964104	2.84734582	2.85863735	2.86856696	2.87268116	2.87160925	2.87220686	2.87597572	2.87919607	2.88327008	2.90374487	2.92343993	2.94774096	3.10028023
2023-11-19	2.8296811	2.82752199	2.82466179	2.82977293	2.83528934	2.83813537	2.83790246	2.84607733	2.85773046	2.8660042	2.87044139	2.86849445	2.86913123	2.87154711	2.8754619	2.87990959	2.90145892	2.92218916	2.94801473	3.08281535
2023-11-15	2.82937106	2.82785965	2.82466179	2.82959039	2.83528934	2.8376204	2.8359432	2.84691966	2.85830811	2.8670015	2.87108872	2.87048589	2.86897313	2.87157307	2.87508641	2.87938601	2.90271684	2.92395885	2.9492426	3.10113255
2023-11-14	2.8296811	2.82797022	2.82412595	2.83251114	2.83528934	2.8375814	2.83764469	2.84625631	2.85748038	2.86639917	2.87042711	2.86957367	2.86803042	2.87093493	2.87420295	2.8785289	2.9006919	2.92204168	2.94456974	3.12564439
2023-11-13	2.82949579	2.82806146	2.82430456	2.83269368	2.83547315	2.83758166	2.83748748	2.84683124	2.85741954	2.86618411	2.87130476	2.86983463	2.86792765	2.87144447	2.8745354	2.878657	2.90186454	2.9237733	2.94783117	3.10632483
2023-11-12	2.8296811	2.82813066	2.82430456	2.83269368	2.8347379	2.83695519	2.83676021	2.84466164	2.85514559	2.8631931	2.86837287	2.86641908	2.86579361	2.86955914	2.87283423	2.87674883	2.89917349	2.91952519	2.94849964	3.08982957
2023-11-11	2.8296811	2.82770234	2.82519765	2.83269368	2.83455409	2.8363709	2.83621375	2.84352932	2.85296683	2.86040681	2.86427128	2.86393786	2.86320571	2.86632241	2.86864352	2.87189449	2.89241205	2.91294202	2.94055025	3.05854362
2023-11-08	2.8303448	2.8292227	2.8268052	2.83232859	2.83455409	2.83644714	2.83614621	2.8443224	2.85387608	2.86094855	2.86532726	2.86594364	2.86526368	2.86873344	2.87093632	2.87419192	2.89420897	2.91797621	2.94312002	3.06367676
2023-11-07	2.83042231	2.82925142	2.8268052	2.83232859	2.8347379	2.83644714	2.83642386	2.84524612	2.85466555	2.86168933	2.86725856	2.86833248	2.86629945	2.87030241	2.87259565	2.87599784	2.89718092	2.92036832	2.94221129	3.10180759
2023-11-06	2.8296811	2.82838857	2.82501903	2.83232859	2.8347379	2.83617075	2.83624016	2.84547084	2.85452503	2.8610183	2.86568017	2.86592163	2.86547011	2.86872197	2.87086685	2.87411956	2.89281386	2.91960859	2.9451484	3.06657038
2023-11-05	2.83042231	2.82943445	2.82698381	2.83251114	2.83492172	2.83615396	2.83624251	2.84411247	2.85178828	2.85998663	2.86426335	2.86315895	2.86389779	2.86745541	2.86962154	2.8726717	2.89122895	2.91836981	2.94330138	3.1099394
2023-11-04	2.8296811	2.82940777	2.82859136	2.8319635	2.83363502	2.83523532	2.83532772	2.84510853	2.85295629	2.86129802	2.86607961	2.86624585	2.86488106	2.87001105	2.87265217	2.8761532	2.89567224	2.92380523	2.95203811	3.07854562
2023-11-01	2.82982765	2.82914556	2.82859136	2.8319635	2.83363502	2.83521587	2.83503035	2.84341646	2.85035633	2.85944658	2.86478831	2.86452862	2.86306748	2.86895408	2.87184269	2.87547023	2.89403244	2.91989006	2.94787667	3.06372598
2023-10-31	2.8296811	2.82888537	2.82769828	2.83068567	2.83271596	2.83427735	2.83421499	2.84194826	2.84874664	2.8571823	2.86145775	2.86038559	2.86082022	2.86423091	2.8670893	2.87076201	2.88995144	2.91215265	2.93219915	3.04992337
2023-10-29	2.8296811	2.82837576	2.82591211	2.83068567	2.83271596	2.83426841	2.8338472	2.84142016	2.8486805	2.85698716	2.86069763	2.85921908	2.8601426	2.86334176	2.86592463	2.86945718	2.88977637	2.90956328	2.927897	3.0424424
2023-10-28	2.8296811	2.82740832	2.82448318	2.83050312	2.83253214	2.83426296	2.83440174	2.84042966	2.84768608	2.85549175	2.8590016	2.85746947	2.85833332	2.86199108	2.86463848	2.86813806	2.88778907	2.90734961	2.92593057	3.03194161
2023-10-25	2.8296811	2.82540996	2.82323286	2.82813001	2.82959113	2.83336928	2.83403368	2.84025263	2.84720181	2.85489343	2.85878137	2.85770098	2.85864453	2.86202834	2.86466726	2.86815046	2.88836375	2.90798085	2.92683782	3.03341182
2023-10-24	2.8296811	2.82655296	2.82323286	2.82794747	2.82959113	2.83330225	2.83353565	2.84011277	2.84612748	2.85412978	2.85853045	2.8579932	2.85895906	2.86234608	2.86497905	2.86858922	2.8895211	2.90952679	2.92780961	3.0620612
2023-10-23	2.8296811	2.82687205	2.82323286	2.82794747	2.82959113	2.83254307	2.83287219	2.83956232	2.84618643	2.85384004	2.85735381	2.85753672	2.85830695	2.86192141	2.86493342	2.86884651	2.89094154	2.91346446	2.93678267	3.04932832
2023-10-22	2.8296811	2.82628508	2.82073223	2.82685219	2.82940732	2.83103268	2.83293594	2.83812362	2.84431378	2.85238294	2.85637018	2.85586044	2.85698937	2.86122729	2.86385666	2.86743917	2.88848334	2.91146014	2.93606903	3.04054219
2023-10-21	2.8296811	2.8263909	2.82037499	2.82685219	2.82940732	2.8310319	2.83256569	2.83733457	2.84383499	2.85171981	2.85570168	2.855935	2.85712792	2.86104437	2.86349686	2.86687656	2.88782945	2.91114244	2.93979324	3.03241938
2023-10-18	2.82851844	2.82658497	2.82144669	2.82666964	2.82940732	2.83084252	2.83034419	2.83517918	2.84286293	2.84932025	2.85195381	2.85254312	2.85385683	2.85687202	2.85913073	2.86247099	2.88200929	2.8997736	2.92650438	3.0114894
2023-10-17	2.8296811	2.82687205	2.82037499	2.826122	2.82867207	2.83049809	2.83033984	2.83469226	2.84206846	2.84866976	2.85103125	2.85055682	2.85218702	2.85555886	2.85725891	2.86019457	2.87966101	2.89510186	2.92022333	3.00752814
2023-10-16	2.8296811	2.82713352	2.82019638	2.826122	2.82830444	2.83050203	2.83034005	2.83460118	2.84219757	2.8489806	2.85107328	2.85146591	2.85299456	2.85504115	2.8567142	2.85983645	2.87904796	2.89526768	2.92040305	3.01359411
2023-10-15	2.8296811	2.82516236	2.82001776	2.82539181	2.827753	2.83012627	2.82960118	2.83397099	2.84208507	2.84765264	2.84990664	2.85040169	2.85117319	2.85380457	2.85579873	2.85902084	2.87806469	2.89614872	2.91857924	3.00995382
2023-10-14	2.8296811	2.82336943	2.82019638	2.82575691	2.82812063	2.83031218	2.82978614	2.83323068	2.84036036	2.84694329	2.84892949	2.8488742	2.84963127	2.85196327	2.8540775	2.85732342	2.8766284	2.89404087	2.91579127	3.01054064
2023-10-11	2.82801335	2.82415169	2.82019638	2.82575691	2.82812063	2.83153798	2.83013411	2.833941	2.84026057	2.84664046	2.84915285	2.84929525	2.84986663	2.85165738	2.85368311	2.85698463	2.87537292	2.89210485	2.91330975	3.00668693
2023-10-10	2.8296811	2.82449268	2.81966053	2.82575691	2.82995876	2.83336375	2.83255994	2.83353879	2.84025773	2.84605948	2.849331	2.84957566	2.84990225	2.85170345	2.85319259	2.85607713	2.87470189	2.89065628	2.9096686	3.00638355
2023-10-09	2.8296811	2.82488915	2.81966053	2.82575691	2.83087782	2.83366495	2.83403964	2.83505361	2.84187752	2.84811974	2.85104117	2.8507942	2.85105452	2.85264049	2.85428746	2.85732588	2.8747603	2.88942603	2.90485137	3.01023722
2023-10-08	2.82798246	2.824728	2.81966053	2.82776492	2.83179689	2.834134	2.83459577	2.83666095	2.84368141	2.84889931	2.851089	2.8501992	2.85060979	2.85219524	2.85410525	2.85718642	2.87314265	2.88555379	2.90273612	2.99596354
2023-10-07	2.82836469	2.82549223	2.81858883	2.82813001	2.83216452	2.83408765	2.83473625	2.83616512	2.84387216	2.8485988	2.850939	2.8501958	2.85019411	2.85121617	2.8526545	2.85540401	2.87241287	2.88472817	2.90074096	2.99213349
2023-10-04	2.8296811	2.82577388	2.81858883	2.82813001	2.8319807	2.83496575	2.83515148	2.83612956	2.84365636	2.84858969	2.85107916	2.85002918	2.84971393	2.85069617	2.85228527	2.85522671	2.87136891	2.88357328	2.89849285	2.98335238
2023-10-03	2.8296811	2.82607697	2.81894606	2.82959039	2.8319807	2.83493641	2.8355216	2.83753003	2.84501686	2.85059458	2.85278439	2.85235699	2.85166502	2.85286838	2.85420964	2.85686294	2.87334662	2.88456781	2.89833438	2.99932193
2023-10-02	2.8296811	2.82600652	2.81858883	2.82922529	2.8319807	2.83492206	2.83570798	2.83847633	2.84527337	2.85149772	2.85327791	2.85299097	2.85205469	2.85317059	2.85473989	2.85752811	2.87330958	2.88500943	2.89730689	2.98740458
2023-10-01	2.8296811	2.826395	2.82394733	2.82995548	2.83363502	2.83536155	2.83589311	2.83838293	2.84550266	2.85114789	2.85278909	2.85247196	2.85181518	2.85275029	2.85394201	2.85640697	2.8716549	2.88448913	2.89586335	2.98460262
2023-09-30	2.82943883	2.82765902	2.82394733	2.82940784	2.83364159	2.83534225	2.83585944	2.83876345	2.84562646	2.85116793	2.85339145	2.85357028	2.85278799	2.85320004	2.85428558	2.8567589	2.87214781	2.88467866	2.89613019	2.98520636
2023-09-27	2.8296811	2.82797022	2.82394733	2.83032058	2.83364598	2.83533571	2.8358937	2.83841257	2.84532821	2.85058655	2.85327568	2.85295693	2.85207467	2.85273704	2.85385528	2.85637423	2.87142328	2.88326984	2.89524159	2.9886302
2023-09-26	2.8296811	2.82685817	2.82198254	2.82758237	2.83345121	2.83552476	2.83626382	2.83795729	2.84558671	2.85084662	2.85298277	2.8529134	2.85231252	2.85256735	2.85355463	2.85606471	2.8703204	2.88154298	2.89552281	2.98431158
2023-09-25	2.8296811	2.82731494	2.82198254	2.82666964	2.83308358	2.83564275	2.83626397	2.83795969	2.84533373	2.85079364	2.85285786	2.85246402	2.85223857	2.85281862	2.85373008	2.85609607	2.8713804	2.88256411	2.8944082	2.98726205
