DATE	1	7	30	90	180	270	360	720	1080	1440	1800	2160	2520	2880	3240	3600	5400	7200	9000	10800
2024-09-25	2.83128581	2.83021441	2.82897389	2.83039362	2.83052783	2.83028058	2.82972185	2.82732841	2.82761888	2.82750606	2.82733482	2.82683824	2.82645567	2.82643428	2.82651495	2.82655572	2.82694787	2.82733556	2.82757425	2.82769853
2024-09-24	2.82939545	2.83021441	2.82897389	2.83020923	2.83071169	2.83028058	2.82990345	2.82713618	2.82725947	2.82827041	2.82733381	2.82581761	2.82556192	2.8260847	2.826817	2.82750937	2.82631222	2.82779897	2.825158	2.8281808
2024-09-23	2.82939545	2.83021441	2.82933699	2.83039362	2.83016013	2.83009645	2.82990345	2.82713246	2.82782994	2.82924577	2.82816556	2.82618991	2.82544599	2.82661114	2.82790745	2.82818704	2.82573311	2.82617581	2.82256187	2.82405065
2024-09-22	2.83033307	2.83021441	2.82933699	2.83039362	2.83016013	2.83009645	2.82990345	2.82644319	2.82652331	2.82697569	2.82592491	2.82470789	2.82371118	2.82487158	2.82611045	2.82570691	2.82382694	2.82245616	2.82144783	2.8199514
2024-09-21	2.82939545	2.83021441	2.82933699	2.83094679	2.8310794	2.83135982	2.8308154	2.82758303	2.82848914	2.829523	2.82877739	2.82727297	2.82615872	2.82719643	2.82831194	2.82790424	2.82576334	2.82367474	2.81959127	2.82161931
2024-09-18	2.82939545	2.83014371	2.82933699	2.83113117	2.83126325	2.83169081	2.83118458	2.82799356	2.82881862	2.82939779	2.82933194	2.82743745	2.82728479	2.82799278	2.82857856	2.82840934	2.82581966	2.82483223	2.82231689	2.81790476
2024-09-17	2.82939545	2.82984459	2.82933699	2.83113117	2.83163096	2.83171539	2.83117441	2.82741039	2.8282949	2.82846003	2.82859343	2.8268035	2.8278145	2.82848306	2.82890202	2.82885989	2.82765865	2.82667454	2.82531761	2.82024192
2024-09-16	2.82939545	2.82948019	2.82806615	2.8307624	2.8314471	2.83170707	2.83081141	2.82741543	2.82828716	2.82893531	2.82881325	2.82721307	2.82883372	2.82973385	2.83025007	2.83023814	2.83000634	2.8295795	2.82831038	2.82521715
2024-09-15	2.82939545	2.82845229	2.82806615	2.8307624	2.83161204	2.83167812	2.83081126	2.8273657	2.82854637	2.82964551	2.83013517	2.82837702	2.8306562	2.83108528	2.83094153	2.83121313	2.83043988	2.83102116	2.82704399	2.83174513
2024-09-14	2.82939545	2.82834896	2.82806615	2.83094679	2.83178425	2.83169608	2.83081143	2.82792678	2.82883781	2.83028218	2.83008151	2.82876646	2.83133307	2.83183022	2.83169255	2.8321289	2.83018756	2.83025595	2.82764329	2.83007541
2024-09-11	2.82939545	2.82834896	2.82806615	2.8307624	2.83181481	2.83172106	2.83044865	2.82847018	2.82958325	2.83103287	2.83141997	2.82942349	2.83170175	2.83259185	2.83277755	2.83321475	2.83137689	2.83142481	2.83228541	2.8293946
2024-09-10	2.82769411	2.82834896	2.82806615	2.83057801	2.83236637	2.83193774	2.83226429	2.83065466	2.83280815	2.83441368	2.83448718	2.832008	2.83423738	2.83549494	2.83615089	2.83686851	2.83387417	2.83320575	2.8337311	2.82724647
2024-09-09	2.82769411	2.82834896	2.82879234	2.82965606	2.83181481	2.83169845	2.83226491	2.83287149	2.83440148	2.83556123	2.8348367	2.83251192	2.8326208	2.83368826	2.8348031	2.83554148	2.83406454	2.82912587	2.82777583	2.82508558
2024-09-08	2.82853798	2.82834896	2.82879234	2.82965606	2.83181481	2.83165894	2.83208759	2.83195173	2.83290522	2.83367546	2.83283652	2.83100355	2.83115136	2.83195098	2.83268221	2.83276495	2.83125406	2.82501973	2.82270539	2.82446314
2024-09-07	2.82769411	2.82834896	2.82879234	2.82965606	2.83181481	2.83164609	2.83226449	2.83162211	2.83202793	2.83244928	2.83134983	2.82919987	2.83018078	2.83082549	2.8310017	2.8307711	2.83049184	2.8241931	2.81909053	2.82502959
2024-09-04	2.82769411	2.82828533	2.82879234	2.82984045	2.83181481	2.83170523	2.83208296	2.83083909	2.83215529	2.83237623	2.83218382	2.83020068	2.83198341	2.83192571	2.8311278	2.83095975	2.83194291	2.82642987	2.82304066	2.8244885
2024-09-03	2.82750508	2.82810677	2.82879234	2.83039362	2.83181481	2.83169737	2.83226451	2.83017312	2.83190533	2.83220456	2.83125375	2.82995543	2.83282269	2.83270004	2.83150558	2.83112127	2.83145398	2.82659194	2.821863	2.82352245
2024-09-02	2.82750508	2.82704913	2.8275215	2.82928729	2.8314471	2.83230601	2.83262754	2.83139533	2.83398613	2.83437734	2.83376698	2.83232238	2.83585826	2.83559053	2.8340693	2.83401667	2.83401417	2.82918505	2.82359534	2.82826194
2024-09-01	2.82750508	2.82653518	2.8275215	2.82928729	2.8314471	2.83230601	2.83281366	2.83326879	2.83479464	2.83529954	2.83459337	2.83303216	2.83603386	2.8360759	2.83484798	2.83434265	2.83353328	2.82912935	2.82423057	2.8357787
2024-08-31	2.82750508	2.82648351	2.8275215	2.82928729	2.8310794	2.83186102	2.8326524	2.8346878	2.83509297	2.8360244	2.83483541	2.83256346	2.83543146	2.83571103	2.83464264	2.834367	2.83270625	2.83008676	2.82990967	2.83341409
2024-08-28	2.82750508	2.82648351	2.8275215	2.82836534	2.83034398	2.8310171	2.83226423	2.83238188	2.83211986	2.83354229	2.83230132	2.8309476	2.83240151	2.83200626	2.83085105	2.83042137	2.82934192	2.82873771	2.83062809	2.83746305
2024-08-27	2.82750508	2.82648351	2.8275215	2.82836534	2.83034398	2.8310171	2.83081212	2.83105597	2.83116997	2.83202121	2.83150808	2.83069988	2.83217146	2.83185284	2.83083328	2.83038464	2.82926422	2.82880577	2.83325341	2.84828956
2024-08-26	2.82845026	2.82750326	2.8271584	2.82891851	2.83052783	2.83046471	2.83029189	2.83097979	2.83075421	2.83324237	2.83276371	2.83172073	2.8325407	2.83206013	2.83113256	2.83105836	2.8288038	2.82824152	2.82846282	2.83813887
2024-08-25	2.82845026	2.82741623	2.8271584	2.8291029	2.83052783	2.83037819	2.83010857	2.82896146	2.82819673	2.83066819	2.83113406	2.82983328	2.82992583	2.82925138	2.82829575	2.82800156	2.82618186	2.82376717	2.82349946	2.82988649
2024-08-24	2.82845026	2.82741623	2.8271584	2.82873412	2.83034398	2.83033525	2.82955411	2.82712552	2.82705102	2.82945322	2.83010519	2.8284013	2.82835053	2.82876546	2.82893129	2.82808379	2.8270275	2.82345172	2.82098627	2.8321666
2024-08-21	2.82845026	2.82741623	2.8271584	2.82781217	2.83034398	2.83064884	2.83045736	2.82709616	2.82705072	2.83065526	2.83146337	2.82977382	2.82931569	2.82969414	2.8301976	2.82965802	2.82864393	2.82410561	2.82390083	2.83309963
2024-08-20	2.82845026	2.82741623	2.82570601	2.82725901	2.82887315	2.82919928	2.82936765	2.82680892	2.82715128	2.82986567	2.83116619	2.82953891	2.82870063	2.82865609	2.82886268	2.82860321	2.82830444	2.82200306	2.8256353	2.83184958
2024-08-19	2.82845026	2.82741623	2.82570601	2.82652145	2.82887315	2.8291758	2.82809086	2.82556957	2.82587763	2.82740002	2.82667882	2.82511061	2.82452831	2.82467195	2.82511047	2.8254855	2.82337429	2.81736146	2.81812846	2.83008068
2024-08-18	2.82845026	2.82741623	2.82570601	2.82652145	2.82887315	2.8291758	2.82808777	2.82428984	2.82488339	2.82630707	2.82490913	2.82316087	2.82245332	2.82276234	2.82324902	2.82290754	2.821758	2.81535298	2.81496945	2.82195312
2024-08-17	2.82845026	2.82741623	2.82570601	2.82854973	2.82979242	2.82991232	2.82881442	2.82654597	2.8270131	2.82893554	2.82720774	2.82526932	2.82476817	2.82509827	2.82541155	2.82484076	2.82306867	2.8150491	2.81577213	2.82344762
2024-08-14	2.82845026	2.82741623	2.82570601	2.8291029	2.82924086	2.82937602	2.82863282	2.82631927	2.82687054	2.82782651	2.82528978	2.82333439	2.82279399	2.82271048	2.82279495	2.82270435	2.82076476	2.8135118	2.81570279	2.8204199
2024-08-13	2.82731604	2.82638399	2.82497981	2.83002484	2.82905701	2.82942924	2.82881441	2.8265519	2.82673966	2.82735528	2.82563758	2.82345104	2.82282393	2.8230686	2.82345977	2.82389279	2.82211041	2.8132605	2.81732785	2.82637567
2024-08-12	2.82731604	2.82628663	2.82461671	2.83002484	2.82905701	2.82957671	2.828818	2.82673639	2.82610889	2.8265343	2.82481585	2.82235853	2.82216689	2.82226345	2.82214909	2.82250297	2.8204584	2.81742108	2.8123944	2.81931496
2024-08-11	2.82731604	2.82629697	2.82461671	2.83002484	2.82905701	2.82959245	2.82899597	2.82689876	2.82662251	2.82733856	2.82528789	2.8229687	2.8228112	2.82301203	2.82302399	2.82378061	2.82187701	2.81915239	2.8160113	2.82307276
2024-08-10	2.82731604	2.82629697	2.82461671	2.83002484	2.82905701	2.83030361	2.8297224	2.82783608	2.82821847	2.82845278	2.82574022	2.82438789	2.82387973	2.82363794	2.82350405	2.82409543	2.82275813	2.82151548	2.82012071	2.82946473
2024-08-07	2.82731604	2.82629697	2.82461671	2.82928729	2.82905701	2.83032831	2.82990387	2.82765476	2.82788416	2.82776212	2.82503966	2.82398517	2.82339204	2.823003	2.8230095	2.82322989	2.82216228	2.82154512	2.82138305	2.83780013
2024-08-06	2.82731604	2.82629697	2.82606911	2.82928729	2.82960857	2.83087725	2.83026685	2.82741448	2.82675045	2.82717526	2.82532379	2.82420082	2.8233007	2.82265672	2.82244361	2.82267309	2.82268815	2.81929132	2.8171186	2.83299229
2024-08-05	2.82731604	2.82629697	2.82606911	2.82928729	2.82905701	2.83066099	2.83026832	2.8263348	2.82644945	2.82617986	2.82486245	2.82370529	2.82230178	2.82112855	2.82058262	2.82092317	2.81996648	2.81670119	2.81396493	2.82660666
2024-08-04	2.82731604	2.82629697	2.82570601	2.82984045	2.83052783	2.83230601	2.83191789	2.82983038	2.83002638	2.83047312	2.82989832	2.8282424	2.82625027	2.82528474	2.82500084	2.82452743	2.82331652	2.81962056	2.81492568	2.83609735
2024-08-03	2.82731604	2.82629697	2.82552446	2.83020923	2.8310794	2.83229986	2.83208264	2.82918957	2.82939757	2.82965341	2.82784731	2.82712122	2.82551243	2.8244783	2.82406719	2.82380525	2.82296621	2.81843761	2.81337742	2.82949593
2024-07-31	2.82731604	2.82629697	2.82534291	2.83002484	2.8310794	2.83229859	2.83208264	2.82865786	2.82792625	2.82778061	2.82566354	2.82324669	2.82161177	2.82054481	2.8196903	2.81820516	2.8189361	2.81312221	2.80699128	2.81896897
2024-07-30	2.82731604	2.82629697	2.82643221	2.83020923	2.83016013	2.83229065	2.83153784	2.82802875	2.82739948	2.82681346	2.82481368	2.82249767	2.82124054	2.82024211	2.81934969	2.81916964	2.8166346	2.81139512	2.80578534	2.81727571
2024-07-29	2.82731604	2.82629697	2.82661375	2.83020923	2.83071169	2.83228638	2.83157458	2.82916376	2.82922141	2.82853182	2.8273278	2.82451385	2.82218715	2.82081666	2.82004155	2.81929292	2.81571568	2.81079017	2.80569029	2.81889718
2024-07-28	2.82731604	2.82629697	2.82425361	2.82928729	2.83071169	2.83228352	2.83155092	2.82877937	2.82904802	2.82884675	2.82771749	2.82470648	2.82189599	2.82023189	2.8192274	2.81856693	2.81542605	2.81045798	2.80635851	2.81772776
2024-07-27	2.82731604	2.82629697	2.82425361	2.82854973	2.8310794	2.83247691	2.83155193	2.82926424	2.83011353	2.83105454	2.83014029	2.82748998	2.82399164	2.8218838	2.82085929	2.82040017	2.81735377	2.81312199	2.80998757	2.82237272
2024-07-24	2.82731604	2.82629697	2.82425361	2.82799656	2.83071169	2.83211059	2.83136926	2.82878822	2.82997985	2.83140635	2.8301768	2.82814131	2.8247456	2.822909	2.822385	2.8218522	2.81990777	2.81690457	2.81492552	2.82834427
2024-07-23	2.82750508	2.82491881	2.82243812	2.82707462	2.83034398	2.83213959	2.83118757	2.82880507	2.83019984	2.83166856	2.83082156	2.82922709	2.82605855	2.82433133	2.82378208	2.82320635	2.82203902	2.82065838	2.81916264	2.83363664
2024-07-22	2.82750508	2.82537185	2.82243812	2.82596828	2.83034398	2.83214393	2.83121376	2.82902577	2.83039701	2.83158583	2.83120162	2.82956942	2.82638885	2.82480783	2.82449701	2.82370189	2.82365031	2.82165571	2.81998892	2.83733096
2024-07-21	2.82750508	2.82555078	2.82243812	2.82596828	2.83163096	2.83226903	2.83154872	2.82905109	2.83062182	2.83193623	2.83150449	2.82930444	2.82573674	2.82436942	2.82432653	2.82354784	2.82296896	2.82047829	2.81838721	2.83299879
2024-07-20	2.82750508	2.82568403	2.82243812	2.82596828	2.83126325	2.83267426	2.83172932	2.82927395	2.83109385	2.8329624	2.8321787	2.82968348	2.82576691	2.82442006	2.82462753	2.82340201	2.82163502	2.81889434	2.81663963	2.83319623
2024-07-17	2.82845026	2.82570851	2.82243812	2.82670584	2.83199866	2.83285051	2.83191684	2.83224589	2.83497391	2.83722285	2.83643527	2.83338238	2.82938858	2.82810215	2.82806644	2.8270532	2.82557053	2.82139163	2.81860127	2.83943115
2024-07-16	2.82845026	2.82586894	2.82171193	2.82652145	2.8314471	2.83253074	2.83192563	2.83306292	2.83477498	2.83857205	2.8362498	2.83269454	2.8283834	2.82712378	2.82753636	2.82609801	2.82406979	2.81884773	2.81501559	2.83021456
2024-07-15	2.82807219	2.8263372	2.82189347	2.82652145	2.8314471	2.83283807	2.83215989	2.83341722	2.83511574	2.83771093	2.8357866	2.83160335	2.82748901	2.8258385	2.82535192	2.82406664	2.82122184	2.81546756	2.81003666	2.8321737
2024-07-14	2.82845026	2.82648351	2.82189347	2.82652145	2.8314471	2.83283652	2.83210975	2.83338397	2.83493932	2.83749145	2.83594468	2.83161025	2.82725387	2.82528624	2.82453624	2.82268795	2.82032412	2.81386735	2.80946066	2.8249741
2024-07-13	2.82845026	2.82661676	2.82189347	2.82652145	2.8314471	2.83308228	2.83247484	2.83413487	2.83600844	2.83845222	2.83719991	2.83349491	2.82914801	2.82711743	2.8265939	2.82508809	2.82203113	2.81592436	2.81138991	2.82591963
2024-07-10	2.82939545	2.82664123	2.82189347	2.82652145	2.83126325	2.83304446	2.8328399	2.83459809	2.83635401	2.83987856	2.83847809	2.83459862	2.83048349	2.828626	2.82838542	2.82703565	2.82354444	2.81824974	2.81415705	2.82960349
2024-07-09	2.82939545	2.82680166	2.82207503	2.82762778	2.8314471	2.83320126	2.83320216	2.83463127	2.83749858	2.84089454	2.83959517	2.83617341	2.83183556	2.82969516	2.82905843	2.82794919	2.82446921	2.81871365	2.81387762	2.83180643
2024-07-08	2.8290001	2.82726993	2.82261967	2.82781217	2.83181481	2.83381497	2.83380506	2.83541774	2.83881603	2.84265724	2.84110172	2.83828941	2.83418093	2.8323962	2.83212556	2.83096392	2.82743688	2.82044862	2.81432911	2.83779842
2024-07-07	2.82939545	2.82741623	2.82261967	2.82781217	2.83181481	2.83381359	2.83375208	2.83775269	2.84094861	2.84432604	2.84293431	2.84027014	2.83652949	2.83461178	2.83430914	2.83360274	2.83016229	2.82403529	2.8190694	2.83540607
2024-07-06	2.82939545	2.82754949	2.82261967	2.82781217	2.83181481	2.83363417	2.83375015	2.8378444	2.84123664	2.84469026	2.8430996	2.84033295	2.83683796	2.8350571	2.83444071	2.83394095	2.83118352	2.82564077	2.82140767	2.83588204
2024-07-03	2.82939545	2.82798186	2.82407207	2.82781217	2.83181481	2.83375754	2.83426251	2.83821767	2.84141931	2.84523131	2.84325207	2.84045927	2.83687755	2.83515863	2.83458651	2.83409021	2.83216344	2.82866168	2.8253368	2.84289185
2024-07-02	2.83052967	2.8278943	2.82534291	2.82836534	2.83199866	2.83468012	2.83447567	2.83862468	2.84252516	2.8455597	2.84355265	2.84096659	2.83746608	2.83563452	2.83508156	2.83480438	2.83316071	2.82993128	2.82780619	2.84326906
2024-07-01	2.83015159	2.8282255	2.82534291	2.82836534	2.83199866	2.83425001	2.83400388	2.83862813	2.84323644	2.84623584	2.84429489	2.84178047	2.83834487	2.83632586	2.83547388	2.83480196	2.83386375	2.82891244	2.82574225	2.84924162
2024-06-30	2.83052967	2.82834896	2.82534291	2.82836534	2.83199866	2.83425272	2.8337532	2.83919453	2.84390555	2.8467827	2.84438434	2.84186103	2.83826378	2.83639775	2.83539286	2.83452112	2.83345505	2.82784592	2.82324343	2.84353709
2024-06-29	2.83052967	2.82846969	2.82534291	2.82873412	2.83255022	2.8343214	2.83375229	2.8389593	2.84321015	2.84640212	2.84401803	2.84146494	2.83815565	2.83622279	2.83505142	2.83415397	2.83233942	2.82691317	2.82221569	2.84205594
2024-06-26	2.83166389	2.82848383	2.82534291	2.82873412	2.83255022	2.83426579	2.83411126	2.83840833	2.84298494	2.84566019	2.84386714	2.84110992	2.83782503	2.83583336	2.83426255	2.83339628	2.83160037	2.82607307	2.82129833	2.83825519
2024-06-25	2.83166389	2.82867855	2.82534291	2.82928729	2.83236637	2.83459802	2.83411209	2.83899173	2.84307696	2.84603144	2.84441257	2.841528	2.83801273	2.83586788	2.83461982	2.83374204	2.83103926	2.82552746	2.82079226	2.83769486
2024-06-24	2.83118946	2.82928615	2.82534291	2.82928729	2.83236637	2.83489609	2.83435406	2.83889653	2.84265636	2.8457745	2.84471653	2.84110515	2.83750659	2.83563798	2.83467835	2.83381529	2.83139732	2.82504308	2.82029099	2.83714631
2024-06-23	2.83166389	2.82946823	2.82534291	2.82928729	2.83273408	2.83475513	2.83465569	2.83906679	2.84333609	2.84671217	2.84542145	2.84202071	2.83849646	2.83657743	2.83529373	2.83446049	2.83184001	2.82530403	2.8202817	2.83507889
2024-06-22	2.83166389	2.82962812	2.82534291	2.82928729	2.83291793	2.83526733	2.83480725	2.8399698	2.84489952	2.84858202	2.8474317	2.84368855	2.83997772	2.83784172	2.83654704	2.83572113	2.83252581	2.82599128	2.82104935	2.83869471
2024-06-19	2.83279811	2.8296575	2.82534291	2.82928729	2.83310178	2.83547948	2.8349888	2.84091023	2.84565977	2.84954107	2.84834251	2.8444933	2.8406229	2.83822377	2.8369898	2.83571755	2.83242309	2.82617841	2.82093807	2.83869193
2024-06-18	2.83279811	2.82985002	2.82625065	2.8307624	2.83291793	2.8355071	2.83517038	2.84031757	2.84445605	2.84861671	2.84782335	2.84384624	2.83991851	2.83745612	2.83608628	2.83527403	2.83146674	2.82493495	2.81966861	2.84415071
2024-06-17	2.83232368	2.83041194	2.82625065	2.8307624	2.83291793	2.83542411	2.83517466	2.84045699	2.84436948	2.84847899	2.84802671	2.84421935	2.84016297	2.83773112	2.83666613	2.83541781	2.83162627	2.82446434	2.81887579	2.84074853
2024-06-16	2.83279811	2.8305875	2.82625065	2.82928729	2.83291793	2.83542183	2.83535198	2.84158852	2.84586949	2.850138	2.84931881	2.84541206	2.84142844	2.83887982	2.83778457	2.83701724	2.83276462	2.82579592	2.82001297	2.83569412
2024-06-15	2.83279811	2.83074739	2.82625065	2.82965606	2.83291793	2.83557118	2.83535198	2.84116494	2.84528233	2.84938737	2.84828471	2.84474496	2.84097713	2.83874863	2.83776182	2.83716061	2.83378438	2.82630914	2.82021014	2.83824508
2024-06-12	2.83298714	2.83090366	2.82625065	2.8291029	2.83291793	2.83537226	2.83553361	2.84131707	2.84526989	2.8495743	2.84855592	2.84513158	2.84165618	2.83940877	2.8382952	2.83768811	2.83505288	2.82735495	2.82099327	2.8371038
2024-06-11	2.83298714	2.83117434	2.82770305	2.82836534	2.83310178	2.83553557	2.83589679	2.84074528	2.84456623	2.84921529	2.84818837	2.84505801	2.84139799	2.83903801	2.83796586	2.8368787	2.8350687	2.82773723	2.82142555	2.83748088
2024-06-10	2.83283764	2.83144158	2.82770305	2.82836534	2.83310178	2.83564424	2.8359011	2.84103685	2.84469245	2.84990968	2.84877397	2.84538596	2.84170042	2.8394968	2.83824671	2.83745508	2.83554627	2.82851319	2.82258032	2.84128296
2024-06-09	2.83298714	2.83170677	2.82861079	2.83002484	2.83328564	2.83580447	2.83629095	2.84139485	2.84484556	2.84928602	2.84831798	2.84520871	2.84183516	2.839926	2.83849264	2.8374484	2.83542841	2.82866254	2.82307079	2.83712645
2024-06-08	2.83298714	2.83173343	2.82861079	2.83020923	2.83328564	2.83578221	2.83625941	2.84100354	2.84487238	2.84890054	2.84762259	2.844557	2.84129705	2.8392014	2.83729508	2.83644096	2.83562927	2.82875056	2.82279569	2.83449223
2024-06-05	2.83298714	2.83177095	2.82861079	2.83039362	2.83328564	2.8355777	2.83625941	2.84136028	2.8450334	2.84849892	2.84698515	2.84417729	2.84103266	2.83900366	2.83759471	2.8367388	2.8345234	2.82700433	2.82031232	2.83841358
2024-06-04	2.83298714	2.8318063	2.82897389	2.83113117	2.8338372	2.83555652	2.83535141	2.84100448	2.84455674	2.84774226	2.84634126	2.84361046	2.84063844	2.83842357	2.83688394	2.83601725	2.83332453	2.82597959	2.81897574	2.83885096
2024-06-03	2.83298714	2.83189332	2.82970009	2.83113117	2.8338372	2.83530522	2.83543591	2.84053642	2.84413009	2.8471114	2.84550618	2.8429552	2.84005008	2.83748256	2.83597364	2.83469449	2.83243053	2.82434744	2.81696551	2.83391189
2024-06-02	2.83298714	2.83189332	2.82970009	2.83039362	2.8338372	2.83544929	2.83556092	2.84011609	2.84410899	2.84726629	2.84589148	2.84312684	2.84022098	2.83759896	2.83591129	2.83488547	2.83268874	2.8256816	2.81863693	2.83372252
2024-06-01	2.83298714	2.83174647	2.82897389	2.83020923	2.83365335	2.83541546	2.83718189	2.84080871	2.84483204	2.84777548	2.84630416	2.84334176	2.84040029	2.83792193	2.83623028	2.83494752	2.83367553	2.82629857	2.81928156	2.83914819
2024-05-29	2.83317618	2.83175645	2.82897389	2.83020923	2.83346949	2.83558565	2.83642621	2.84115931	2.84521595	2.84853933	2.84724624	2.84445972	2.84169986	2.83915537	2.83747739	2.83617925	2.83474262	2.82726645	2.81999488	2.83808221
2024-05-28	2.83317618	2.83178781	2.82915544	2.83057801	2.83365335	2.83571706	2.836267	2.8411681	2.84515248	2.84895562	2.84781068	2.8451827	2.84234648	2.8398634	2.83865295	2.83755033	2.83649717	2.82903446	2.82156477	2.8427565
2024-05-27	2.83309711	2.83186623	2.82897389	2.8305835	2.83365335	2.83542568	2.83669721	2.84164361	2.8454565	2.84980203	2.84861112	2.84525754	2.84248478	2.84038916	2.8391597	2.83808382	2.83782627	2.8305221	2.82346907	2.8454007
2024-05-26	2.83317618	2.83189332	2.82897389	2.83057801	2.83346949	2.83556437	2.83605284	2.84202006	2.84541665	2.85057659	2.84897712	2.84554079	2.84306586	2.84071539	2.83947395	2.83844065	2.83779881	2.83057411	2.82389308	2.84346349
2024-05-25	2.83317618	2.83191998	2.82897389	2.83039362	2.83328564	2.83623384	2.83734408	2.84127128	2.84450467	2.8498029	2.84839062	2.84439005	2.84151006	2.83947746	2.8382428	2.83698905	2.83568624	2.82756786	2.82037938	2.83869889
2024-05-22	2.83317618	2.83195749	2.82897389	2.83094679	2.83365335	2.83667353	2.83717216	2.84177246	2.84543444	2.85040075	2.84854427	2.84502059	2.84203816	2.83976433	2.83872484	2.83771908	2.83606582	2.82803514	2.8212226	2.83986177
2024-05-21	2.83317618	2.83262113	2.83024474	2.83020923	2.83365335	2.83700358	2.83650311	2.84177254	2.844554	2.8498261	2.84817261	2.84443008	2.84135304	2.83916364	2.83799136	2.83697701	2.83408346	2.82600022	2.81948736	2.83745629
2024-05-20	2.83317618	2.83213154	2.83024474	2.83020923	2.83218252	2.83644167	2.83656211	2.84208278	2.84507825	2.8499363	2.84816364	2.8443851	2.84140253	2.83940881	2.83837631	2.83740507	2.83486852	2.82579195	2.81896794	2.8347666
2024-05-19	2.83317618	2.83207986	2.83024474	2.83020923	2.83218252	2.83559948	2.83543373	2.84243178	2.84564163	2.85009219	2.84821277	2.84433733	2.84109216	2.83885361	2.83815969	2.83700074	2.8340249	2.82577966	2.818944	2.83042082
2024-05-18	2.83317618	2.83207986	2.82933699	2.83020923	2.83218252	2.83529642	2.83507366	2.84146081	2.84531079	2.84912014	2.84738935	2.84343277	2.84020033	2.83787239	2.83684513	2.83589026	2.83287999	2.82518943	2.81860306	2.82770186
2024-05-15	2.83090774	2.83133714	2.82933699	2.83057801	2.83199866	2.83502277	2.83508588	2.84179558	2.84546079	2.84988952	2.84804128	2.84377573	2.84037446	2.83806953	2.83692947	2.83598151	2.83334814	2.82534431	2.81780566	2.83102981
2024-05-14	2.83090774	2.83093123	2.82879234	2.83131557	2.83273408	2.83485644	2.83456747	2.84199017	2.84537902	2.85009074	2.84828247	2.84425157	2.84045649	2.8378249	2.83688368	2.83593356	2.83354831	2.82446437	2.81667304	2.82985191
2024-05-13	2.83124131	2.83067081	2.82879234	2.83131557	2.83181481	2.83473913	2.83479957	2.84175827	2.84454682	2.84929729	2.84755193	2.84359633	2.84003939	2.83736449	2.83593648	2.83500824	2.8322222	2.8226772	2.81485639	2.82952357
2024-05-12	2.83090774	2.8305875	2.82879234	2.83131557	2.83181481	2.83453858	2.83453019	2.84229171	2.84528109	2.85003464	2.84817144	2.84402618	2.8403141	2.83759981	2.83599457	2.83533122	2.83188937	2.82241002	2.81491328	2.82960192
2024-05-11	2.83090774	2.83050701	2.83042629	2.83186873	2.83218252	2.8344121	2.83454526	2.84187471	2.84472649	2.84963301	2.84773021	2.84356985	2.83982195	2.836914	2.83548061	2.83458851	2.83091718	2.82166533	2.81473934	2.8272277
2024-05-08	2.83034063	2.8304722	2.83042629	2.83223751	2.83328564	2.83452169	2.83508657	2.84205686	2.84526173	2.85047868	2.84813939	2.84428452	2.84067473	2.83773301	2.83658694	2.83569904	2.83205373	2.82272946	2.81554859	2.82650058
2024-05-07	2.83034063	2.83034494	2.82970009	2.83168434	2.83328564	2.83548188	2.83526407	2.84247746	2.84516166	2.85064272	2.84831572	2.84431011	2.84079211	2.83808839	2.83678575	2.83563582	2.83186431	2.82213561	2.81501702	2.82598206
2024-05-06	2.83034063	2.82997185	2.82970009	2.83168434	2.83328564	2.83550303	2.83562855	2.84277784	2.84547382	2.85093562	2.84869794	2.84455811	2.84090637	2.83812539	2.83694525	2.83598482	2.83253051	2.82221306	2.81419636	2.82713809
2024-05-05	2.83034063	2.82984132	2.82970009	2.83205312	2.83328564	2.83557114	2.83579649	2.84348458	2.8459998	2.85147373	2.849287	2.84512313	2.84126114	2.83858694	2.83716258	2.83629754	2.83338629	2.82329845	2.81529185	2.82658642
2024-05-04	2.83034063	2.82974833	2.82951854	2.83223751	2.83328564	2.83554474	2.83579388	2.84401669	2.84695804	2.85218159	2.84995134	2.84572551	2.84212617	2.83979392	2.83849609	2.83741585	2.83445125	2.82438619	2.81609421	2.82775883
2024-05-01	2.82958448	2.82975395	2.82951854	2.83223751	2.83402105	2.83558703	2.8359506	2.84438898	2.84755477	2.85221759	2.84998503	2.8460715	2.8425585	2.83982727	2.8384065	2.83756339	2.83478445	2.82516646	2.81655177	2.82831473
2024-04-30	2.82958448	2.82965586	2.82879234	2.83223751	2.83420864	2.8355612	2.83613096	2.84487844	2.84806206	2.8527596	2.85054187	2.84648826	2.84301926	2.84057712	2.83916923	2.83802935	2.8352602	2.82532083	2.81678504	2.83069532
2024-04-29	2.82990942	2.82937643	2.82879234	2.83223751	2.83438876	2.83539351	2.83589578	2.84481563	2.84686907	2.85171681	2.85003725	2.84587281	2.84227858	2.83990658	2.83865357	2.83757985	2.83406456	2.82469058	2.81611392	2.82968822
2024-04-28	2.82958448	2.82928169	2.82879234	2.83223751	2.83438876	2.83554733	2.83577058	2.84445754	2.84739594	2.8519297	2.85029887	2.84654815	2.84270805	2.84055351	2.83941665	2.83856912	2.83498185	2.82569945	2.8174619	2.83141631
2024-04-24	2.82958448	2.82918813	2.82879234	2.8324219	2.83457261	2.83546486	2.83535659	2.84443636	2.84797735	2.8520974	2.85055104	2.84702131	2.8432862	2.84113609	2.83998487	2.83888431	2.83608633	2.82755169	2.82067588	2.83304372
2024-04-23	2.82939545	2.82909749	2.82879234	2.8324219	2.83475647	2.83529432	2.83535666	2.84476285	2.84875193	2.85262514	2.85110436	2.8476495	2.84401965	2.84176412	2.8404848	2.83936931	2.83707445	2.82863889	2.8221738	2.8327354
2024-04-22	2.82939545	2.82862742	2.8275215	2.83260629	2.83457261	2.83570169	2.83608322	2.84495979	2.84920273	2.85321685	2.85158115	2.84834197	2.84444971	2.84203909	2.84077724	2.83986768	2.83830105	2.82895881	2.82192284	2.83929746
2024-04-21	2.82939545	2.82837235	2.8275215	2.83260629	2.83494032	2.83562034	2.83629733	2.84454355	2.84891481	2.85340664	2.85179948	2.84846818	2.84454315	2.84197547	2.84072331	2.83962726	2.83897674	2.82923936	2.82117654	2.83853751
2024-04-20	2.82939545	2.82834896	2.8275215	2.83260629	2.83457261	2.83561235	2.83662738	2.84473325	2.84887282	2.85351707	2.85223213	2.84905883	2.84489657	2.84191752	2.84082311	2.84000096	2.83917852	2.828548	2.82050679	2.835645
2024-04-17	2.82939545	2.82834896	2.8275215	2.83279068	2.83457261	2.83579819	2.83662658	2.84466386	2.84891381	2.85388451	2.85233448	2.84889853	2.84471329	2.84229948	2.84084647	2.83974148	2.83852542	2.82792343	2.81851313	2.83541988
2024-04-16	2.82939545	2.82834896	2.8275215	2.83186873	2.83494032	2.83574082	2.83698825	2.84490172	2.84928144	2.85434369	2.85272215	2.84920839	2.84561123	2.842803	2.8413895	2.84030137	2.83893723	2.82833541	2.82029808	2.83131731
2024-04-15	2.83015159	2.82909514	2.82697685	2.83223751	2.8342049	2.83591738	2.83698791	2.84461129	2.84910799	2.85324319	2.85188594	2.84827717	2.84476448	2.84174189	2.84068751	2.83983787	2.83762566	2.82699544	2.8186311	2.82931006
2024-04-14	2.83015159	2.82909514	2.82697685	2.83223751	2.8342049	2.83583616	2.83736131	2.84432409	2.8491141	2.85389699	2.8524358	2.84861681	2.84529597	2.84252436	2.84144689	2.84044275	2.83723131	2.826105	2.81743839	2.83006804
2024-04-13	2.83015159	2.82909514	2.82697685	2.83186873	2.8342049	2.83580447	2.83756568	2.84516366	2.85020487	2.85497392	2.85329999	2.84942528	2.84588267	2.8429033	2.84164962	2.84088709	2.83815285	2.8272402	2.81960549	2.83060264
2024-04-10	2.83015159	2.82909514	2.82697685	2.83131557	2.83457261	2.83577492	2.8378938	2.8456896	2.85080816	2.85562061	2.85435777	2.85027752	2.84694294	2.84402054	2.84272644	2.84212897	2.83881832	2.82781463	2.82022618	2.83155754
2024-04-09	2.83015159	2.82909514	2.82697685	2.83131557	2.83457261	2.83592622	2.8378938	2.84558376	2.85007396	2.85505958	2.85365614	2.84944904	2.84656859	2.84384369	2.84226546	2.8414014	2.83852342	2.82726143	2.81963906	2.8327559
2024-04-08	2.83015159	2.82909514	2.82806615	2.83205312	2.83475647	2.83589283	2.8375306	2.84495892	2.84969706	2.85457309	2.85292878	2.84885405	2.84596934	2.8431316	2.84173961	2.84108433	2.83802595	2.82673858	2.81880625	2.83170409
2024-04-07	2.83015159	2.82909514	2.82697685	2.83186873	2.83475647	2.83582307	2.8375306	2.84563259	2.85042143	2.85519229	2.85410019	2.85012772	2.8466352	2.8439487	2.84233939	2.84170937	2.83856576	2.82759705	2.81937241	2.83260986
2024-04-06	2.83015159	2.82909514	2.82697685	2.83168434	2.83475647	2.83579318	2.83756768	2.84662667	2.85135916	2.85636085	2.8552641	2.85096787	2.84746575	2.84474703	2.84297011	2.84213535	2.83918402	2.82811343	2.82028261	2.83182618
2024-04-01	2.83015159	2.82909514	2.82697685	2.83186873	2.83475647	2.83606761	2.83773949	2.84766553	2.85236124	2.85749079	2.85638304	2.8521298	2.84861897	2.84555436	2.84378648	2.8427698	2.84046635	2.82937755	2.82019202	2.83198246
2024-03-31	2.83015159	2.82909514	2.82697685	2.83186873	2.83475647	2.83617728	2.83774145	2.84803128	2.85256529	2.85682997	2.85641327	2.85208401	2.84833532	2.84509319	2.84355657	2.84278112	2.83883546	2.82783345	2.8193304	2.83288657
2024-03-30	2.83015159	2.82872205	2.8282477	2.83149995	2.83457261	2.83626393	2.83792058	2.84806125	2.85247983	2.85711595	2.85623437	2.85198663	2.84807327	2.84481262	2.84399155	2.84310758	2.8390608	2.82779499	2.82002471	2.83364904
2024-03-27	2.82988265	2.82873619	2.8282477	2.83131557	2.83457261	2.83601784	2.8375586	2.8477259	2.85236595	2.85669293	2.85566939	2.85158651	2.84803202	2.84443522	2.84357398	2.84271012	2.83880565	2.82819236	2.82075624	2.83869579
2024-03-26	2.83015159	2.82882032	2.82861079	2.83131557	2.83457261	2.8359629	2.83773808	2.84634335	2.85103824	2.85513385	2.85383284	2.84973093	2.84632779	2.8430315	2.84203007	2.84115361	2.83725185	2.82786529	2.82101615	2.83622254
2024-03-25	2.83034063	2.82883437	2.82861079	2.83057801	2.83438876	2.83552485	2.83773388	2.84664015	2.85127358	2.85561499	2.85449624	2.85039136	2.84686341	2.84359344	2.84276808	2.84207039	2.83880159	2.82992863	2.82397768	2.83994363
2024-03-24	2.83024611	2.82886717	2.82770305	2.8307624	2.83438876	2.83533041	2.8376308	2.84655044	2.85128874	2.85580872	2.85454499	2.85045337	2.84659387	2.84329279	2.842288	2.84179558	2.83858783	2.83062391	2.82507561	2.83888931
2024-03-23	2.83034063	2.82886935	2.82770305	2.8307624	2.83438876	2.83526359	2.83810231	2.84691479	2.85290117	2.8569423	2.85582641	2.85178717	2.84806509	2.84474735	2.84372669	2.84307041	2.84104352	2.83294686	2.82723429	2.83945488
2024-03-20	2.83034063	2.82909514	2.82770305	2.8307624	2.83438876	2.83523168	2.8382856	2.84726139	2.85336889	2.85714749	2.85592421	2.85224841	2.84812088	2.84538479	2.84431966	2.8436296	2.84175997	2.83348344	2.82742697	2.84217346
2024-03-19	2.83034063	2.82913775	2.82770305	2.83039362	2.83438876	2.8359464	2.83845949	2.84726063	2.8533013	2.85728286	2.85585146	2.85265539	2.84830908	2.84556437	2.84469984	2.84424152	2.84243028	2.83422872	2.82783856	2.84515378
2024-03-18	2.83034063	2.82928169	2.82733995	2.83020923	2.83457261	2.83674195	2.83845919	2.84758816	2.85347526	2.85782687	2.85706931	2.85367865	2.84888397	2.84583754	2.84537981	2.84459616	2.84346579	2.83579185	2.82918601	2.84448042
2024-03-17	2.83034063	2.82928169	2.82733995	2.83020923	2.83438876	2.8369555	2.83866392	2.84893075	2.8542682	2.85866849	2.85781484	2.85370522	2.84893282	2.84584652	2.84521038	2.84466928	2.84405037	2.83643037	2.82987037	2.84290094
2024-03-13	2.83034063	2.82928169	2.82733995	2.83020923	2.8342049	2.83690925	2.83852467	2.84963669	2.85479296	2.85920371	2.85843086	2.85414341	2.84980924	2.84639759	2.84608964	2.8458167	2.84435204	2.83637246	2.82946889	2.84523122
2024-03-12	2.83034063	2.82928169	2.82733995	2.83057801	2.83457261	2.83723089	2.83891756	2.85023528	2.8558709	2.85982427	2.85889841	2.85440518	2.84987962	2.84646195	2.84597675	2.84563651	2.84409364	2.83619778	2.83050074	2.84402054
2024-03-11	2.83034063	2.82928169	2.82733995	2.83113117	2.83512417	2.83718336	2.83952837	2.85095062	2.85762686	2.86112373	2.86017353	2.85538285	2.85055683	2.84741212	2.84662862	2.84623848	2.84578592	2.83786785	2.83192376	2.84347142
2024-03-10	2.83034063	2.82928169	2.82806615	2.83149995	2.83457261	2.83755645	2.83864636	2.85148326	2.85827639	2.8619214	2.86065129	2.8557456	2.85135686	2.84834705	2.84740964	2.84678869	2.84549871	2.8378675	2.8320132	2.84867586
2024-03-09	2.83034063	2.82928169	2.82806615	2.83149995	2.83438876	2.83733277	2.83852534	2.85152583	2.85922679	2.86245591	2.86112005	2.85595771	2.85217083	2.84929128	2.84815921	2.84736484	2.84572752	2.83766931	2.8318325	2.84867811
2024-03-06	2.83034063	2.82928169	2.82806615	2.83149995	2.83438876	2.83726637	2.83829193	2.85180929	2.85910904	2.86296011	2.86178146	2.85692378	2.85291537	2.85005018	2.84889647	2.84813139	2.84615356	2.83812834	2.83194491	2.85160801
2024-03-05	2.83128581	2.83021441	2.82806615	2.83131557	2.83438876	2.83716502	2.83846723	2.85150931	2.85892302	2.86276313	2.86166022	2.85694276	2.85272186	2.84985488	2.84850278	2.84790089	2.84574572	2.83696767	2.82988655	2.85434771
2024-03-04	2.83034063	2.83021441	2.82806615	2.8307624	2.83457261	2.8370932	2.83846716	2.85170617	2.85903702	2.86269452	2.86244604	2.85715216	2.85306606	2.84991996	2.84843559	2.84812829	2.84589373	2.83675629	2.82967773	2.85412323
2024-03-03	2.83034063	2.83095951	2.82897389	2.8307624	2.83457261	2.83702317	2.83865034	2.85094284	2.85780561	2.86256612	2.8615772	2.85617683	2.8524301	2.84965609	2.84801392	2.84708892	2.84483628	2.83550924	2.82840215	2.84963077
2024-03-02	2.83034063	2.83040749	2.82915544	2.83094679	2.83475647	2.83688432	2.8388783	2.85125105	2.85821926	2.86323634	2.8623253	2.85668676	2.85297433	2.85039963	2.84872751	2.84803943	2.84559133	2.83637307	2.82934231	2.85105271
2024-02-28	2.83034063	2.83021441	2.82919408	2.83057801	2.83494032	2.83712408	2.83900638	2.85052574	2.85750586	2.86276779	2.86201222	2.85652587	2.85261764	2.85007242	2.84839817	2.84770914	2.84530363	2.83649699	2.83026525	2.84692572
2024-02-27	2.83034063	2.83008116	2.82897389	2.83094679	2.83585959	2.83719662	2.84008508	2.85041144	2.85738192	2.86243991	2.86195786	2.85706187	2.85325134	2.85050609	2.84879171	2.84805807	2.84600158	2.83676311	2.83056103	2.84744689
2024-02-26	2.82939545	2.82981558	2.82806615	2.83094679	2.83696271	2.83849689	2.83843892	2.85037438	2.85725826	2.86276002	2.86276459	2.8574041	2.85345838	2.85111217	2.84960531	2.84905553	2.84703577	2.83799118	2.83107939	2.85087382
2024-02-25	2.82996256	2.82947041	2.82951854	2.83113117	2.83622729	2.8382258	2.83844181	2.8493326	2.85590801	2.86173636	2.86146708	2.85653114	2.85294492	2.85024546	2.84887275	2.84822506	2.84664852	2.83798794	2.8311056	2.84811442
2024-02-24	2.82939545	2.8289086	2.82770305	2.83113117	2.83530803	2.83814889	2.83807545	2.84799956	2.8551684	2.86114313	2.8607384	2.85599591	2.85221942	2.84955301	2.84815887	2.84751597	2.84648393	2.83797913	2.83149391	2.85357605
2024-02-21	2.82939545	2.82834896	2.82697685	2.82965606	2.83310178	2.83699765	2.83680439	2.84727018	2.85469482	2.8608209	2.86063873	2.85584544	2.85175798	2.84852405	2.8473167	2.84670175	2.84640081	2.83756683	2.83102549	2.85024446
2024-02-20	2.82939545	2.82834896	2.82697685	2.82965606	2.83310178	2.83608724	2.83589656	2.84752391	2.85430084	2.86057288	2.86024397	2.85544776	2.85128596	2.8487465	2.84707555	2.84596734	2.84590917	2.83687801	2.82905657	2.84778808
2024-02-19	2.82939545	2.82867782	2.8267953	2.82836534	2.83255022	2.83522017	2.8358965	2.84883369	2.85564624	2.86185377	2.86131435	2.85632854	2.85250753	2.84929922	2.84767398	2.84692279	2.84563578	2.83639197	2.82824902	2.84701455
2024-02-18	2.82958448	2.82854258	2.8267953	2.82836534	2.83255022	2.83509975	2.83589893	2.84925553	2.85621693	2.86223154	2.86201532	2.85749137	2.85340869	2.8501907	2.84837635	2.84762819	2.84575462	2.83689299	2.82838702	2.84735535
2024-02-17	2.82939545	2.82853551	2.8267953	2.82891851	2.83255022	2.83506795	2.83592336	2.84991392	2.85691422	2.86260441	2.8625557	2.85799259	2.85342453	2.84987317	2.84860103	2.84771483	2.84596512	2.83684427	2.82876346	2.84081823
2024-02-14	2.82939545	2.82882864	2.82770305	2.82836534	2.83255022	2.83503503	2.83625941	2.85033449	2.85749582	2.86326912	2.86287271	2.85840877	2.85426956	2.8511012	2.84943181	2.84857357	2.84659119	2.83659908	2.82814356	2.84738331
2024-02-13	2.82939545	2.82871606	2.82770305	2.82873412	2.83273408	2.83517858	2.83607781	2.85039403	2.85777292	2.86395738	2.8639997	2.85986264	2.85559717	2.8519714	2.85070172	2.85012568	2.84765907	2.83761897	2.82924322	2.84901592
2024-02-12	2.82939545	2.82834896	2.82625065	2.82891851	2.83218252	2.83570769	2.83553301	2.85030202	2.85791213	2.86477366	2.86416089	2.86017944	2.85601768	2.85281718	2.85155029	2.85078425	2.84772638	2.83724552	2.82854724	2.85079911
2024-02-11	2.82939545	2.82834896	2.82625065	2.82891851	2.83255022	2.83604233	2.83553301	2.84982323	2.85727925	2.86457396	2.864244	2.86022492	2.85624282	2.85282483	2.85172057	2.85105458	2.84767101	2.83721217	2.82851391	2.85077046
2024-02-10	2.82939545	2.82834896	2.82588756	2.8291029	2.83255022	2.83561423	2.83556683	2.8485513	2.85656073	2.8641334	2.86395512	2.86031634	2.85636717	2.85338775	2.85204935	2.85164799	2.84893117	2.83873567	2.83049021	2.84834004
2024-02-07	2.82939545	2.82834896	2.82588756	2.82873412	2.83273408	2.83559009	2.83610463	2.84636872	2.85466217	2.86176235	2.86177024	2.85810725	2.85441992	2.85169361	2.85031913	2.84937343	2.84684714	2.83620296	2.82657396	2.84542618
2024-02-06	2.82958448	2.82841313	2.82588756	2.82873412	2.83273408	2.83556274	2.83592158	2.84565076	2.85376935	2.8609445	2.86078385	2.85735551	2.85327251	2.85073262	2.84921851	2.84837165	2.84493999	2.83491437	2.82600193	2.8421013
2024-02-05	2.82958448	2.82904511	2.82770305	2.82873412	2.83346949	2.83564964	2.83556042	2.84521596	2.85269883	2.86038699	2.8597133	2.85557881	2.85244584	2.85011404	2.84860087	2.84771451	2.84430175	2.83470522	2.82542821	2.84345801
2024-02-04	2.82958448	2.82854039	2.8271584	2.82854973	2.83346949	2.83553076	2.83561426	2.84480844	2.85181619	2.85935493	2.85884605	2.85523232	2.85171655	2.84984773	2.84829961	2.84728605	2.84326524	2.83316865	2.82386321	2.84144412
2024-01-31	2.82939545	2.82853551	2.8271584	2.82854973	2.83346949	2.83551102	2.83555976	2.84488225	2.85230579	2.85907188	2.85902906	2.85562516	2.85184486	2.84958585	2.8483825	2.84781875	2.84341711	2.83235317	2.82383626	2.84376337
2024-01-30	2.82939545	2.82801611	2.82516136	2.82854973	2.83365335	2.83553978	2.83556296	2.84468333	2.8520667	2.85851124	2.85863745	2.85532976	2.85219449	2.85036818	2.84893533	2.8483028	2.84425662	2.83320372	2.8247035	2.84043917
2024-01-29	2.82939545	2.8280861	2.82516136	2.82854973	2.83365335	2.83535729	2.83537459	2.8429213	2.8507078	2.85731154	2.85712883	2.85405751	2.85050848	2.8486775	2.84746166	2.84682873	2.84306876	2.83225118	2.82290966	2.84230325
2024-01-28	2.82939545	2.82489053	2.82227003	2.82873412	2.83328564	2.83545751	2.8353723	2.8424122	2.85003979	2.8572188	2.85674263	2.85368688	2.85058206	2.84851885	2.84732534	2.84652442	2.84234178	2.83188127	2.82332154	2.84046211
2024-01-27	2.82709243	2.82544255	2.82153038	2.82873412	2.83328564	2.8354442	2.83559185	2.84281671	2.85036904	2.85761902	2.8578078	2.8546181	2.85129526	2.84944927	2.8480587	2.84739316	2.84326422	2.83311638	2.82460908	2.84222773
2024-01-24	2.82939545	2.82555078	2.82153038	2.8291029	2.83328564	2.83574369	2.83573422	2.84290692	2.85063979	2.85741513	2.85794963	2.85479844	2.85143985	2.84916622	2.8477968	2.84729242	2.84342586	2.83255762	2.82406107	2.84161162
2024-01-23	2.82939545	2.82579389	2.82153038	2.82873412	2.8338372	2.83607047	2.83610165	2.84424549	2.85155114	2.85791615	2.85821523	2.85530553	2.85168882	2.84923622	2.8481947	2.84772834	2.84410309	2.83306473	2.82381145	2.84363979
2024-01-22	2.82939545	2.82541699	2.82153038	2.82873412	2.83402105	2.8361807	2.83628523	2.84528025	2.85184236	2.85799081	2.85943305	2.85562401	2.85201339	2.84972601	2.84838026	2.84789612	2.8438285	2.83316875	2.82354036	2.84331618
2024-01-21	2.82939545	2.8255361	2.82534291	2.82854973	2.83457261	2.83614953	2.83628924	2.84594267	2.85337624	2.85869892	2.85990943	2.85607144	2.85246792	2.84972653	2.84843121	2.84795875	2.84269584	2.83163836	2.82171523	2.84325718
2024-01-20	2.82836881	2.8259404	2.82261967	2.82891851	2.83475647	2.83620193	2.83653613	2.8467424	2.85415343	2.8592864	2.86047098	2.85720183	2.85334601	2.85059974	2.84929618	2.84831605	2.84362962	2.83334697	2.82343215	2.84339729
2024-01-17	2.82939545	2.82611042	2.82261967	2.83020923	2.83512417	2.8365998	2.83701829	2.84776139	2.85534621	2.85981613	2.86049273	2.85752001	2.85388525	2.85136189	2.84953434	2.84822712	2.84342878	2.83323835	2.82258018	2.8492132
2024-01-16	2.82939545	2.82631273	2.82261967	2.83020923	2.83549188	2.83685467	2.83737951	2.84717575	2.85428326	2.85884256	2.85911603	2.85684056	2.85298152	2.85072125	2.84884438	2.84779196	2.84311399	2.8320974	2.82179443	2.84563808
2024-01-15	2.82939545	2.82624529	2.82334587	2.83020923	2.83567573	2.83682508	2.83756205	2.84772403	2.8545774	2.85929476	2.86033995	2.85779009	2.85346792	2.85141679	2.84992443	2.84887133	2.84523978	2.83341594	2.82278329	2.84964067
2024-01-14	2.8286838	2.8270476	2.82352742	2.83020923	2.83475647	2.8363253	2.83712242	2.84761606	2.85393998	2.8579556	2.85888319	2.85552337	2.85196345	2.84992885	2.84861522	2.84778622	2.8439698	2.83211756	2.82299923	2.84730367
2024-01-13	2.82939545	2.82722969	2.82352742	2.83020923	2.8342049	2.83621589	2.8364756	2.84646606	2.85260126	2.85643034	2.85665194	2.85341158	2.84924441	2.84682742	2.84620379	2.84567052	2.84198982	2.83120314	2.82387563	2.84102342
2024-01-10	2.82939545	2.82738958	2.82334587	2.83020923	2.83402105	2.8362759	2.83593061	2.8459964	2.85141941	2.85481334	2.85488013	2.85114671	2.8481057	2.84570728	2.84504469	2.84420089	2.84111855	2.83180002	2.82478442	2.84394449
2024-01-09	2.83052967	2.82741896	2.82334587	2.82873412	2.83365335	2.83549547	2.83556732	2.84527591	2.85060176	2.85365688	2.85350778	2.84923456	2.84645512	2.84426754	2.84397349	2.84480554	2.8396313	2.8292042	2.82207963	2.84731937
2024-01-08	2.83052967	2.82749509	2.82352742	2.82928729	2.83365335	2.83547145	2.83538848	2.84526098	2.85067487	2.85390697	2.85369382	2.84956728	2.84640214	2.84397695	2.84388805	2.84306847	2.84056288	2.83071025	2.82366928	2.84229808
2024-01-07	2.83005524	2.8281734	2.82352742	2.82799656	2.83365335	2.83539961	2.83545814	2.84477647	2.85041907	2.85316316	2.85271102	2.84920185	2.84516244	2.84278117	2.84287081	2.84341981	2.83933728	2.8304293	2.82335219	2.83530507
2024-01-06	2.83052967	2.82834896	2.82352742	2.8291029	2.83346949	2.83523483	2.83539227	2.84484198	2.85069735	2.85376488	2.8537314	2.84974031	2.8461106	2.84327648	2.84350078	2.8439389	2.84030054	2.83102468	2.8228337	2.83694122
2024-01-03	2.83052967	2.82850885	2.82352742	2.82928729	2.83310178	2.83537834	2.83517063	2.84437442	2.85050936	2.85334249	2.85376063	2.85019982	2.84524179	2.84245104	2.84250109	2.84259177	2.83982436	2.82990591	2.82240282	2.83415349
2024-01-02	2.83166389	2.82853823	2.82352742	2.82928729	2.83310178	2.83535488	2.83498912	2.84390654	2.8498204	2.85405356	2.85403278	2.85087246	2.84564671	2.84257341	2.84217145	2.84213847	2.83942483	2.82907973	2.81969647	2.83508914
2024-01-01	2.83166389	2.82873074	2.82588756	2.82984045	2.83236637	2.83539465	2.8353523	2.8455411	2.85166429	2.8568115	2.85605679	2.85389761	2.84924491	2.84609876	2.84554036	2.84531997	2.8411909	2.83047028	2.82281127	2.83536982
2023-12-31	2.83118946	2.82929267	2.82407207	2.83094679	2.83255022	2.83547004	2.83536022	2.84776469	2.85395288	2.85855416	2.85782606	2.85499206	2.8507698	2.84783282	2.84693014	2.84663837	2.84245678	2.83181225	2.82271587	2.84423567
2023-12-30	2.83166389	2.82946823	2.82407207	2.83113117	2.83181481	2.83544389	2.83535238	2.84814106	2.85373018	2.85830401	2.85762571	2.85477817	2.84990159	2.84747062	2.84621482	2.84577849	2.84119345	2.83090011	2.82253336	2.843827
2023-12-27	2.83166389	2.82962812	2.82407207	2.83113117	2.83218252	2.8352291	2.83517063	2.84681009	2.85180851	2.85703471	2.85649137	2.85246712	2.84809051	2.84546836	2.84420052	2.84370628	2.83915232	2.82894825	2.82045018	2.84281934
2023-12-26	2.83185292	2.82976627	2.82497981	2.83039362	2.83218252	2.83519658	2.83571537	2.84635861	2.85106562	2.85644338	2.85550868	2.85133257	2.8474302	2.84429782	2.84307634	2.8426193	2.83848417	2.82929873	2.82187428	2.83374699
2023-12-25	2.83185292	2.82984567	2.8282477	2.83297507	2.83310178	2.83567033	2.83571523	2.84544277	2.85054612	2.85487518	2.85438255	2.84999463	2.8457121	2.84284904	2.84230978	2.84208727	2.83740892	2.82853067	2.82146599	2.83501846
2023-12-24	2.8316157	2.83012662	2.82625065	2.8324219	2.83365335	2.83600063	2.83590062	2.84440359	2.84942047	2.85379987	2.85324336	2.84887263	2.84462281	2.84177334	2.84121349	2.84106769	2.83700638	2.82846718	2.8217299	2.83108834
2023-12-23	2.83185292	2.83021441	2.82625065	2.83260629	2.8338372	2.83617273	2.83610598	2.84304776	2.8483364	2.85247735	2.85211434	2.84761555	2.84425782	2.84097691	2.8402233	2.84004204	2.83613474	2.82832439	2.82229994	2.83968862
2023-12-20	2.83185292	2.83023562	2.82806615	2.83279068	2.8338372	2.83616096	2.83625941	2.84249977	2.84761135	2.85253575	2.85238361	2.847872	2.84449229	2.84075865	2.84031167	2.84022361	2.83741634	2.83031313	2.82479151	2.83610492
2023-12-19	2.83204196	2.83037794	2.82625065	2.83279068	2.83402105	2.83634082	2.83644101	2.84165068	2.84654527	2.85241275	2.85286893	2.8481194	2.84471231	2.84092736	2.8408341	2.84091246	2.83843033	2.83056534	2.82428782	2.84004608
2023-12-18	2.83204196	2.82941329	2.82552446	2.83334384	2.83457261	2.83631261	2.83607781	2.84089245	2.84574466	2.85209793	2.85209437	2.84732354	2.84420843	2.84043354	2.84035269	2.84053191	2.83768436	2.82950936	2.82088759	2.84237146
2023-12-17	2.83204196	2.82988156	2.82552446	2.83334384	2.83438876	2.83631702	2.83607781	2.84093828	2.84586499	2.85196987	2.85232865	2.84687901	2.84376235	2.84069398	2.8401036	2.84001209	2.83650592	2.82735619	2.81908264	2.83992316
2023-12-16	2.83204196	2.83002787	2.82552446	2.83371262	2.8342049	2.8362719	2.83610133	2.84127758	2.84681414	2.853113	2.85319197	2.84818589	2.84437364	2.84154926	2.84046795	2.84007995	2.83620495	2.82707951	2.81883001	2.83966463
2023-12-13	2.83204196	2.83016112	2.82552446	2.83352823	2.83438876	2.83627229	2.83610376	2.84106444	2.84744472	2.85348089	2.85443692	2.84788644	2.84472601	2.84145943	2.84052581	2.84014894	2.83543022	2.82583409	2.81830421	2.83902432
2023-12-12	2.832231	2.83028711	2.82552446	2.83371262	2.83512417	2.8364687	2.83646047	2.83986532	2.84710508	2.85231471	2.85178186	2.84646636	2.84224674	2.83946197	2.83781043	2.8370297	2.83287871	2.82364048	2.81560429	2.8389502
2023-12-11	2.832231	2.83095571	2.8275215	2.83426579	2.83604344	2.83683911	2.8366408	2.8394949	2.84700054	2.85209556	2.85177198	2.84640868	2.84308326	2.84028875	2.83878865	2.83787355	2.83196297	2.82293028	2.81530055	2.83450651
2023-12-10	2.83238915	2.83158093	2.83078939	2.83445018	2.83641115	2.83718053	2.83686095	2.83932858	2.84715892	2.85179099	2.85138681	2.84602879	2.84246323	2.84062005	2.8387594	2.83771791	2.83157877	2.82270649	2.81403315	2.83874818
2023-12-06	2.832231	2.83152023	2.83078939	2.83445018	2.83641115	2.83711065	2.83682565	2.84004899	2.84747542	2.85170644	2.85171852	2.84659615	2.84301181	2.84117946	2.83929635	2.83835013	2.83238281	2.82345864	2.81549594	2.83289893
2023-12-05	2.832231	2.83146693	2.83078939	2.83445018	2.83641115	2.83739622	2.83662291	2.83962876	2.84678571	2.85195857	2.85148253	2.8470474	2.84322862	2.84116376	2.83957587	2.83893033	2.83250049	2.82307712	2.8144507	2.8335891
2023-12-04	2.832231	2.83139189	2.83078939	2.83445018	2.836595	2.83781898	2.83680448	2.83998287	2.847179	2.8521599	2.85228691	2.8478463	2.84395624	2.84249477	2.84143297	2.84089308	2.83463532	2.82659017	2.81653581	2.83851902
2023-12-03	2.832231	2.82821679	2.82951854	2.83445018	2.836595	2.83801756	2.83716755	2.8400031	2.84727168	2.85132601	2.85149854	2.84662042	2.84326281	2.84135789	2.83999736	2.83919177	2.83287075	2.82471537	2.81332189	2.83570984
2023-12-02	2.832231	2.82748205	2.82951854	2.83445018	2.836595	2.83795304	2.83807587	2.83985574	2.8471988	2.8514628	2.85191055	2.84702187	2.84340431	2.84151662	2.83998794	2.83910166	2.83279559	2.82287171	2.81129971	2.83481476
2023-11-29	2.832231	2.82741623	2.82951854	2.83445018	2.836595	2.8379306	2.83807543	2.8402537	2.84716683	2.85143996	2.85183832	2.84702887	2.84339375	2.8415252	2.83998061	2.83918549	2.83328624	2.82265879	2.81112439	2.83460799
2023-11-28	2.832231	2.82755764	2.82951854	2.83666285	2.83843354	2.84002565	2.83651628	2.84020615	2.84718943	2.85125769	2.85019909	2.84566477	2.84226365	2.84089486	2.8393465	2.8384412	2.83257388	2.82116362	2.81032992	2.83525363
2023-11-27	2.832231	2.82815589	2.82951854	2.83500335	2.83843354	2.84000804	2.83650882	2.84024581	2.84724389	2.85087369	2.85043958	2.84568658	2.84267886	2.8415165	2.83984321	2.83877138	2.83226017	2.8207752	2.81093649	2.83244562
2023-11-26	2.832231	2.83114714	2.82897389	2.83389701	2.83806583	2.83963969	2.83682153	2.83956998	2.84625272	2.85015213	2.8499539	2.84556699	2.84262879	2.84100834	2.83933464	2.83835188	2.83173575	2.82013063	2.80970824	2.82885865
2023-11-25	2.83128581	2.83021441	2.82806615	2.83113117	2.83641115	2.8389982	2.83323695	2.84012693	2.84684852	2.85005535	2.84957632	2.84512362	2.84308376	2.84082566	2.83895819	2.83785552	2.83184799	2.82053531	2.80942222	2.83008796
2023-11-22	2.83128581	2.83021441	2.82806615	2.83113117	2.83641115	2.83886156	2.83769095	2.84139651	2.84774109	2.85258423	2.85218231	2.84882297	2.84491247	2.84392684	2.84239301	2.84142908	2.83536489	2.82389294	2.81409789	2.83937331
2023-11-21	2.83128581	2.82973473	2.82588756	2.83149995	2.83641115	2.83832674	2.83785079	2.84256833	2.84998789	2.85647398	2.85539325	2.85169962	2.84764003	2.84760567	2.84592359	2.84493922	2.83814822	2.82812828	2.818019	2.83937249
2023-11-20	2.83128581	2.82984731	2.82588756	2.83131557	2.83549188	2.83776737	2.83793362	2.84208366	2.8487201	2.85361649	2.85309077	2.84849456	2.84539386	2.84419806	2.84268712	2.84164748	2.83456699	2.82497424	2.81653363	2.84081755
2023-11-19	2.83128581	2.82901138	2.82588756	2.83057801	2.83530803	2.83729242	2.83622816	2.84088374	2.84789599	2.85137687	2.85120867	2.8459718	2.84299304	2.84088658	2.84000818	2.83933653	2.83330961	2.82443356	2.81662575	2.83628941
2023-11-15	2.83096954	2.82935554	2.82588756	2.83039362	2.83530803	2.83678238	2.83430622	2.84168054	2.84842092	2.85224842	2.85175263	2.84758472	2.84286963	2.84090599	2.8397388	2.83897647	2.83400152	2.82519856	2.81703889	2.84103854
2023-11-14	2.83128581	2.82946823	2.82534291	2.83334384	2.83530803	2.83674375	2.8359753	2.84105305	2.84766874	2.85172204	2.85119666	2.84684589	2.84213376	2.84042882	2.83910499	2.83838705	2.83288771	2.82436981	2.81546662	2.84739375
2023-11-13	2.83109678	2.82956122	2.82552446	2.83352823	2.83549188	2.83674401	2.83582108	2.8415969	2.84761346	2.85153409	2.85193416	2.84705724	2.84205353	2.84080983	2.83934349	2.83847514	2.83353272	2.82511835	2.81656399	2.84238474
2023-11-12	2.83128581	2.82963176	2.82552446	2.83352823	2.83475647	2.83612353	2.83510767	2.83954458	2.8455471	2.84892023	2.84947045	2.8442909	2.84038772	2.83940007	2.83812305	2.83716293	2.83205251	2.82328198	2.81678891	2.838108
2023-11-11	2.83128581	2.8291952	2.82643221	2.83352823	2.83457261	2.83554483	2.83457161	2.83847347	2.84356722	2.84648528	2.84602383	2.8422813	2.83836762	2.83697982	2.83511657	2.83382469	2.8283334	2.82043623	2.81411419	2.82999645
2023-11-08	2.83196289	2.83074478	2.82806615	2.83315946	2.83457261	2.83562034	2.83450536	2.83922367	2.84439347	2.8469587	2.84691118	2.84390583	2.83997406	2.83878266	2.83676146	2.83540459	2.82932179	2.82261239	2.81497883	2.83132733
2023-11-07	2.83204196	2.83077405	2.82806615	2.83315946	2.83475647	2.83562034	2.83477773	2.84009746	2.84511088	2.84760608	2.84853408	2.84584061	2.84078257	2.83995585	2.83795189	2.83664649	2.8309565	2.82364645	2.81467307	2.84121355
2023-11-06	2.83128581	2.82989462	2.82625065	2.83315946	2.83475647	2.8353466	2.83459753	2.84031003	2.84498318	2.84701966	2.84720773	2.843888	2.8401352	2.83877408	2.83671162	2.83535483	2.82855441	2.82331804	2.81566132	2.83207756
2023-11-05	2.83204196	2.83096059	2.8282477	2.83334384	2.83494032	2.83532997	2.83459983	2.83902509	2.84249626	2.84611807	2.84601716	2.84165044	2.83890785	2.83782702	2.83581822	2.83435916	2.82768264	2.82278254	2.81503985	2.8433219
2023-11-04	2.83128581	2.8309334	2.82988164	2.83279068	2.83365335	2.83442011	2.83370246	2.83996731	2.84355765	2.84726411	2.84754339	2.8441506	2.83967538	2.83973799	2.83799244	2.83675333	2.83012666	2.82513215	2.81797949	2.8351824
2023-11-01	2.83143532	2.83066615	2.82988164	2.83279068	2.83365335	2.83440085	2.83341076	2.83836671	2.84119504	2.84564612	2.8464583	2.84275977	2.83825972	2.83894765	2.8374117	2.83628366	2.82922469	2.82343971	2.8165793	2.83134009
2023-10-31	2.83128581	2.83040096	2.82897389	2.83149995	2.83273408	2.83347131	2.83261093	2.83697787	2.83973229	2.84366736	2.84365958	2.83940422	2.83650552	2.8354159	2.83400155	2.8330459	2.82697995	2.820095	2.8113043	2.82776147
2023-10-29	2.83128581	2.82988156	2.8271584	2.83149995	2.83273408	2.83346245	2.83225014	2.83647832	2.83967219	2.84349682	2.84302084	2.83845943	2.83597658	2.83475104	2.833166	2.8321486	2.82688365	2.81897567	2.80985676	2.82582187
2023-10-28	2.83128581	2.82889554	2.82570601	2.83131557	2.83255022	2.83345706	2.83279412	2.83554136	2.83876854	2.84218997	2.84159564	2.83704238	2.83456426	2.83374107	2.8322433	2.83124146	2.82579054	2.81801875	2.80919512	2.82309932
2023-10-25	2.83128581	2.82685878	2.82443516	2.82891851	2.82960857	2.83257193	2.83243307	2.8353739	2.83832848	2.8416671	2.84141057	2.83722988	2.83480719	2.83376894	2.83226394	2.83124998	2.82610664	2.81829162	2.80950038	2.82348051
2023-10-24	2.83128581	2.82802374	2.82443516	2.82873412	2.82960857	2.83250553	2.83194453	2.8352416	2.83735222	2.84099973	2.84119972	2.83746656	2.83505271	2.83400653	2.83248763	2.83155171	2.82674324	2.8189599	2.80982736	2.83090846
2023-10-23	2.83128581	2.82834896	2.82443516	2.82873412	2.82960857	2.83175362	2.8312937	2.8347209	2.83740579	2.84074653	2.84021098	2.83709685	2.83454368	2.83368898	2.83245489	2.83172865	2.82752455	2.82066206	2.81284651	2.82760719
2023-10-22	2.83128581	2.82775071	2.82189347	2.82762778	2.82942471	2.83025767	2.83135624	2.83335998	2.83570409	2.83947316	2.83938442	2.83573918	2.83351518	2.83316995	2.83168241	2.83076084	2.82617242	2.81979564	2.8126064	2.8253292
2023-10-21	2.83128581	2.82785857	2.82153038	2.82762778	2.82942471	2.8302569	2.83099305	2.83261358	2.83526902	2.83889365	2.83882266	2.83579956	2.83362334	2.83303318	2.83142429	2.83037394	2.82581275	2.81965831	2.81385948	2.82322319
2023-10-18	2.83009974	2.82805637	2.82261967	2.82744339	2.82942471	2.83006933	2.82881386	2.8305747	2.83438569	2.83679665	2.83567328	2.8330524	2.83106994	2.82991331	2.82829196	2.82734431	2.82261139	2.81474381	2.80938819	2.81779665
2023-10-17	2.83128581	2.82834896	2.82153038	2.82689023	2.8286893	2.82972819	2.82880959	2.83011411	2.83366374	2.83622819	2.83489803	2.83144363	2.8297665	2.8289314	2.82694909	2.82577885	2.82131972	2.81272432	2.80727481	2.81676961
2023-10-16	2.83128581	2.82861546	2.82134883	2.82689023	2.82832159	2.82973209	2.82880979	2.83002795	2.83378107	2.83649983	2.83493335	2.83217993	2.83039686	2.82854428	2.8265583	2.82553259	2.82098251	2.812796	2.80733529	2.81834234
2023-10-15	2.83128581	2.82660642	2.82116728	2.82615267	2.82777003	2.82935993	2.82808499	2.82943183	2.83367884	2.83533932	2.83395301	2.83131799	2.82897511	2.82761963	2.82590154	2.82497171	2.82044167	2.81317685	2.80672163	2.81739852
2023-10-14	2.83128581	2.82477905	2.82134883	2.82652145	2.82813774	2.82954406	2.82826643	2.82873154	2.83211157	2.83471941	2.8331319	2.83008084	2.8277715	2.82624281	2.8246667	2.82380442	2.81965164	2.81226567	2.80578357	2.81755067
2023-10-11	2.82958448	2.82557634	2.82134883	2.82652145	2.82813774	2.83075814	2.82860778	2.82940346	2.83202089	2.83445476	2.83331959	2.83042185	2.82795522	2.82601407	2.82438376	2.82357144	2.81896107	2.81142878	2.80494861	2.81655151
2023-10-10	2.83128581	2.82592387	2.82080418	2.82652145	2.82997627	2.83256644	2.8309874	2.82902299	2.83201831	2.83394704	2.83346929	2.83064896	2.82798303	2.82604852	2.82403185	2.82294737	2.81859197	2.81080259	2.80372348	2.81647285
2023-10-09	2.83128581	2.82632797	2.82080418	2.82652145	2.83089554	2.83286477	2.83243892	2.83045592	2.83349024	2.83574751	2.83490637	2.8316359	2.82888248	2.8267492	2.82481733	2.82380611	2.8186241	2.81027078	2.80210263	2.817472
2023-10-08	2.82955297	2.82616371	2.82080418	2.82854973	2.83181481	2.83332932	2.83298446	2.83197637	2.83512945	2.83642879	2.83494657	2.83115399	2.82853532	2.82641626	2.82468661	2.82371021	2.81773431	2.8085969	2.80139092	2.81377125
2023-10-07	2.8299429	2.82694263	2.81971488	2.82891851	2.83218252	2.83328342	2.83312225	2.83150735	2.83530279	2.83616617	2.83482052	2.83115124	2.82821085	2.82568417	2.82364582	2.82248447	2.8173329	2.80824	2.80071961	2.81277822
2023-10-04	2.83128581	2.82722969	2.81971488	2.82891851	2.83199866	2.83415312	2.83352958	2.83147371	2.83510669	2.83615822	2.8349383	2.83101629	2.82783603	2.82529533	2.82338092	2.82236255	2.81675867	2.80774077	2.79996319	2.81050154
2023-10-03	2.83128581	2.82753861	2.82007798	2.83039362	2.83199866	2.83412407	2.83389265	2.83279847	2.83634299	2.83791029	2.83637123	2.83290164	2.82935903	2.8269196	2.8247615	2.82348775	2.8178465	2.80817068	2.79990987	2.81464198
2023-10-02	2.83128581	2.82746681	2.81971488	2.83002484	2.83199866	2.83410985	2.83407548	2.83369362	2.83657608	2.83869956	2.83678593	2.83341512	2.82966321	2.82714558	2.82514191	2.82394518	2.81782613	2.80836159	2.79956415	2.81155216
2023-10-01	2.83128581	2.82786275	2.82516136	2.8307624	2.83365335	2.83454513	2.83425708	2.83360528	2.83678444	2.83839384	2.83637518	2.83299476	2.82947625	2.8268313	2.8245695	2.82317419	2.81691598	2.80813667	2.79907845	2.81082569
2023-09-30	2.83103867	2.82915105	2.82516136	2.83020923	2.83365991	2.83452602	2.83422405	2.83396522	2.83689694	2.83841135	2.83688135	2.83388432	2.83023562	2.82716759	2.82481598	2.82341621	2.81718711	2.8082186	2.79916823	2.81098222
2023-09-27	2.83128581	2.82946823	2.82516136	2.83113117	2.8336643	2.83451954	2.83425766	2.83363331	2.83662592	2.83790328	2.83678406	2.83338755	2.82967881	2.82682139	2.82450728	2.82315168	2.81678858	2.8076096	2.79886924	2.81186992
2023-09-26	2.83128581	2.82833482	2.82316432	2.82836534	2.83346949	2.83470678	2.83462073	2.83320264	2.83686082	2.83813056	2.83653793	2.83335229	2.82986447	2.82669451	2.82429158	2.82293883	2.81618194	2.80686312	2.79896387	2.81075023
2023-09-25	2.83128581	2.82880036	2.82316432	2.82744339	2.83310178	2.83482365	2.83462088	2.83320492	2.83663094	2.83808426	2.83643297	2.83298833	2.82980674	2.82688239	2.82441745	2.82296039	2.81676499	2.80730453	2.79858883	2.8115152
