DATE	1	7	30	90	180	270	360	720	1080	1440	1800	2160	2520	2880	3240	3600
2024-09-25	4.70058435	4.7446075	4.856671	5.0932521	5.15239611	5.25050585	5.33480595	5.57557771	5.69970526	5.78317488	5.81111064	5.85739844	5.91160093	5.9700586	6.03296897	6.0985038
2024-09-24	4.69211738	4.74122451	4.85626666	5.09340669	5.15464425	5.25046311	5.33482261	5.56946097	5.69332407	5.76632843	5.7831518	5.82490672	5.87469924	5.93193687	5.99379915	6.0581936
2024-09-23	4.7003099	4.74749919	4.85613538	5.09577061	5.15459246	5.25045445	5.33481584	5.56950477	5.68677387	5.76632307	5.78337885	5.82511023	5.87487918	5.93073841	5.99102545	6.05374697
2024-09-22	4.68855364	4.73862492	4.85691431	5.09308539	5.14991073	5.2501374	5.33211541	5.569565	5.68353612	5.76980154	5.78355465	5.83062979	5.8864383	5.94024962	5.99766126	6.05733966
2024-09-21	4.69572209	4.74416726	4.85512497	5.09070645	5.14987768	5.2474646	5.32939259	5.56347016	5.6803736	5.7699867	5.79089263	5.83651147	5.89034202	5.94134079	5.9957201	6.05218665
2024-09-18	4.69137022	4.73784738	4.85512497	5.09070645	5.14987768	5.2474646	5.32939259	5.56347016	5.6803736	5.7699669	5.79439274	5.84577955	5.90570676	5.96159207	6.02102872	6.08286952
2024-09-17	4.69162583	4.74107093	4.85512497	5.09070645	5.14987768	5.2474646	5.32939259	5.56351779	5.67385448	5.76691227	5.78755295	5.83864657	5.89846377	5.95415905	6.01337847	6.07498397
2024-09-16	4.69572209	4.74416726	4.85512497	5.09070645	5.15052628	5.25241834	5.33214717	5.56957869	5.68020733	5.77656688	5.80131812	5.85279539	5.91284793	5.96893077	6.02859168	6.09067405
2024-09-15	4.69572209	4.74416726	4.85512497	5.09070645	5.15052628	5.25241834	5.33213207	5.57256068	5.69317469	5.79015857	5.81502026	5.87041601	5.93480101	5.98899251	6.04611932	6.10552631
2024-09-14	4.68752957	4.73797418	4.85512497	5.09077332	5.15342203	5.25774053	5.33753242	5.59385677	5.71894423	5.80997723	5.83490614	5.88696249	5.94775917	6.00212546	6.05979388	6.11978254
2024-09-11	4.69853663	4.74251426	4.85448258	5.09094778	5.15342351	5.25732984	5.3348122	5.59079375	5.7190162	5.81012494	5.83149624	5.87774029	5.93238699	5.98872698	6.04919491	6.11214913
2024-09-10	4.69777022	4.74492428	4.8533794	5.0906449	5.14764039	5.24978066	5.329403	5.5694763	5.69986227	5.78347885	5.80427136	5.85381682	5.91197615	5.9652089	6.02177612	6.08057552
2024-09-09	4.7039146	4.75036075	4.85512497	5.09063909	5.14714766	5.24313072	5.31594925	5.54521738	5.66778077	5.75709498	5.77067155	5.8304092	5.90001391	5.94814039	5.99781994	6.04931399
2024-09-08	4.69981834	4.747264	4.85512497	5.09063909	5.14714766	5.24359077	5.31853307	5.54520095	5.66773661	5.75698046	5.78470171	5.84161328	5.90733734	5.96082901	6.01700105	6.07537912
2024-09-07	4.69777022	4.74625965	4.85730246	5.09070063	5.14894203	5.2385434	5.31577849	5.53606443	5.66138268	5.75050999	5.77105134	5.83110268	5.90063509	5.95420733	6.0101197	6.0682169
2024-09-04	4.69137022	4.73784738	4.85512497	5.09070645	5.14894499	5.2377953	5.31029692	5.53912308	5.66783638	5.77101472	5.78506766	5.85422579	5.93421703	5.9934922	6.05502398	6.11911046
2024-09-03	4.69264989	4.74071522	4.85240618	5.09086879	5.14955807	5.24396177	5.32124027	5.54811012	5.68699521	5.79788182	5.82660152	5.90274766	5.98973998	6.05934963	6.13218317	6.20835296
2024-09-02	4.69109332	4.74019128	4.85514423	5.09057318	5.14461591	5.24095156	5.31571341	5.56033266	5.70651222	5.81817945	5.84712039	5.92365366	6.01115651	6.08427269	6.16112642	6.24161213
2024-09-01	4.69060177	4.74002473	4.85401435	5.08574405	5.14259268	5.24052917	5.31324777	5.5664954	5.70974562	5.82486773	5.86112799	5.94201852	6.03395115	6.10942955	6.1886325	6.27165103
2024-08-31	4.68916808	4.73856047	4.85248976	5.08594952	5.15030975	5.24893179	5.32387094	5.5815395	5.73872783	5.85167811	5.89534079	5.98107857	6.07806329	6.15524625	6.23601375	6.32074371
2024-08-28	4.6872752	4.73366217	4.85074768	5.08595437	5.15031172	5.24975674	5.32931293	5.58761901	5.74508122	5.86176779	5.90211652	5.98782551	6.08502359	6.16533054	6.24969906	6.33829792
2024-08-27	4.6863007	4.73528671	4.85004228	5.08606777	5.147742	5.24753076	5.32936448	5.57551365	5.71920373	5.82434703	5.86034022	5.94130552	6.03330626	6.10881758	6.18805238	6.27110337
2024-08-26	4.6895777	4.73862408	4.85356625	5.09097783	5.15245234	5.24928243	5.32657814	5.58155374	5.73214929	5.84481216	5.87768752	5.96068255	6.05521285	6.12588563	6.19933812	6.27621794
2024-08-25	4.68916808	4.73820016	4.85313959	5.09064636	5.14739624	5.24668699	5.32392352	5.56625667	5.7259829	5.81784391	5.84968358	5.930303	6.02208934	6.08878847	6.15787667	6.23007149
2024-08-24	4.68752957	4.73650574	4.8514334	5.0906512	5.14715358	5.24313479	5.31595185	5.56338802	5.7065204	5.81121343	5.83987877	5.91632011	6.00368755	6.06393202	6.12598599	6.1906698
2024-08-21	4.69239388	4.73811689	4.85245125	5.09064829	5.1471521	5.24359332	5.31848985	5.55423727	5.69354377	5.79774108	5.82626222	5.89869754	5.98160475	6.04373483	6.10833364	6.17571462
2024-08-20	4.69162583	4.7399833	4.85074768	5.08548381	5.13174114	5.22509798	5.29941605	5.52703523	5.66816457	5.77823761	5.82794027	5.89941103	5.98000346	6.04316041	6.10914941	6.17800985
2024-08-19	4.68855364	4.73653085	4.84802933	5.08549302	5.13174558	5.22468932	5.29671562	5.52095681	5.66181881	5.7648969	5.79292125	5.86094394	5.93888467	5.99804821	6.05964423	6.12380302
2024-08-18	4.68494893	4.73388899	4.84863496	5.08549157	5.13149995	5.22365369	5.30486065	5.52709054	5.6583788	5.76461756	5.79280439	5.86083901	5.93879028	5.99795925	6.05956124	6.12372449
2024-08-17	4.69060177	4.73761471	4.84569168	5.08086985	5.1362685	5.22464708	5.29665627	5.53014097	5.66505711	5.7577971	5.78548589	5.84602502	5.91573109	5.97239963	6.0318582	6.09372899
2024-08-14	4.6959568	4.73972343	4.84689332	5.080865	5.13634593	5.22464556	5.29665523	5.53014042	5.66505656	5.75779656	5.78548538	5.84602502	5.91573109	5.97239963	6.0318582	6.09372857
2024-08-13	4.69264989	4.73968074	4.84793612	5.08562726	5.13583791	5.22197021	5.29388399	5.53013933	5.66830195	5.76806177	5.79960062	5.86048861	5.93042258	5.98746907	6.04735609	6.10969269
2024-08-12	4.68752957	4.73547168	4.8469629	5.08563017	5.13583939	5.22197123	5.29391471	5.52399575	5.66840171	5.76145055	5.7855925	5.84594401	5.91565902	5.97509113	6.03771479	6.10294836
2024-08-11	4.69162583	4.73862199	4.8468697	5.08542857	5.12897018	5.2193712	5.29123041	5.51809748	5.642606	5.73100384	5.75124849	5.8090752	5.87610525	5.93567663	5.99865076	6.06422907
2024-08-10	4.68752957	4.73688655	4.85074768	5.08555117	5.13358632	5.22198599	5.29391106	5.52716829	5.65538038	5.75113825	5.77179247	5.83547441	5.90899071	5.96849448	6.03084676	6.09578779
2024-08-07	4.69341794	4.73741426	4.84855926	5.08317514	5.13364106	5.22199668	5.29391887	5.52717322	5.65538365	5.75108206	5.78232303	5.85038552	5.92811038	5.98973948	6.05416864	6.12133254
2024-08-06	4.68548145	4.73479458	4.84855926	5.08310826	5.13151179	5.22201601	5.29396364	5.52103785	5.65534004	5.76505745	5.77209743	5.83874857	5.91637132	5.97636647	6.03891716	6.1040751
2024-08-05	4.68752957	4.73579893	4.8463704	5.08073174	5.13177222	5.22430866	5.29412295	5.5270763	5.66826052	5.7784324	5.80682891	5.87319678	5.94938092	6.01149407	6.0766468	6.1445961
2024-08-04	4.68347428	4.73236405	4.84709943	5.08601107	5.14416263	5.23557645	5.31025996	5.55122516	5.70005526	5.83221478	5.87622013	5.94818179	6.02993166	6.10029115	6.17452188	6.25221492
2024-08-03	4.69162583	4.73889567	4.8463704	5.08093382	5.13948731	5.23344615	5.31029276	5.54814132	5.70671557	5.82541411	5.87602382	5.94271445	6.01823816	6.08925248	6.16479329	6.2438776
2024-07-31	4.67089427	4.71582283	4.8463704	5.08093382	5.13948731	5.23344615	5.31032295	5.54199227	5.70674392	5.82905419	5.87621449	5.94270762	6.01823165	6.08924711	6.16478727	6.2438714
2024-07-30	4.67728893	4.72710503	4.8449062	5.08106612	5.13948978	5.23303698	5.30757566	5.54510677	5.70345928	5.83237746	5.89057216	5.95402052	6.02561273	6.09229891	6.16322497	6.23738168
2024-07-29	4.678313	4.72856008	4.84526021	5.07603878	5.13384131	5.22202568	5.29397093	5.52085278	5.68113847	5.81618656	5.87068371	5.93352055	6.00459746	6.06917956	6.13770477	6.20928627
2024-07-28	4.67704316	4.72726279	4.84390979	5.07564916	5.12479352	5.20423722	5.28028498	5.49975873	5.65577781	5.77258002	5.81519657	5.87291763	5.93882701	5.99847064	6.06171139	6.12761849
2024-07-27	4.68613685	4.73437652	4.84484668	5.07047741	5.11847969	5.20578125	5.27502781	5.49685614	5.63981583	5.7386388	5.77324807	5.83008076	5.89527933	5.95649964	6.02155551	6.08936172
2024-07-24	4.68317976	4.72887687	4.84197167	5.07069597	5.12073029	5.20620009	5.27763505	5.49692896	5.62669201	5.74201826	5.77371294	5.83032136	5.8954946	5.95394895	6.01583997	6.08028041
2024-07-23	4.69228123	4.73956482	4.84702417	5.07106863	5.12602314	5.2122205	5.28849197	5.51497367	5.66193384	5.78568847	5.82876852	5.88671897	5.95292662	6.01299606	6.07671561	6.14314158
2024-07-22	4.68650551	4.73475315	4.84523877	5.07107348	5.1260256	5.2114724	5.2830885	5.50286995	5.64273957	5.75542104	5.78364742	5.83100899	5.88632764	5.94257725	6.00282465	6.06551247
2024-07-21	4.68343332	4.73161497	4.84197167	5.07108269	5.12603053	5.21147546	5.28309058	5.50287104	5.64291239	5.73151705	5.76580451	5.81152069	5.86455217	5.91872882	5.97678239	6.03712772
2024-07-20	4.68036112	4.72956443	4.84308229	5.07567145	5.1247945	5.20386317	5.27756841	5.49694375	5.62364615	5.71139174	5.73845098	5.77612962	5.82074132	5.87056348	5.92434655	5.98013752
2024-07-17	4.68113245	4.72542902	4.84417147	5.07536275	5.12094781	5.20840214	5.27774229	5.48779956	5.61392908	5.71167644	5.7319961	5.77287108	5.82136157	5.87144321	5.92517307	5.98090796
2024-07-16	4.68740669	4.73567339	4.84618617	5.06793709	5.11498663	5.19469972	5.26140589	5.45201349	5.55973448	5.64511848	5.66444233	5.70811946	5.75942231	5.80944042	5.8627648	5.91802778
2024-07-15	4.68548145	4.73370695	4.84413909	5.06785422	5.11274293	5.19433382	5.25861956	5.45461274	5.57265169	5.65861705	5.6780276	5.72186077	5.7733829	5.82242049	5.87462592	5.92871613
2024-07-14	4.68769342	4.73487869	4.84213533	5.06790898	5.11274589	5.19433534	5.25862112	5.45466093	5.56615656	5.65860581	5.67824185	5.72387387	5.77735544	5.83062954	5.88749546	5.94651792
2024-07-13	4.67884551	4.72801605	4.84143867	5.06806793	5.11499305	5.1930595	5.25039018	5.44859729	5.56297823	5.67237464	5.69962382	5.74757382	5.80325037	5.85589233	5.91187306	5.96997864
2024-07-10	4.6821561	4.72618897	4.84087242	5.06808344	5.11499354	5.19388241	5.25586862	5.46366548	5.59183669	5.69897523	5.74044372	5.7933076	5.8536477	5.90512113	5.95940957	6.01575763
2024-07-09	4.68392487	4.73211673	4.84249459	5.0704023	5.11493978	5.19305034	5.25038289	5.45464505	5.5727242	5.66544233	5.69203572	5.75829475	5.83390685	5.87508909	5.9162439	5.95870543
2024-07-08	4.68036112	4.72956443	4.84306085	5.07038679	5.11493928	5.19304983	5.25038289	5.44866409	5.55343507	5.64524745	5.67866469	5.74504927	5.82032705	5.86113139	5.90187312	5.9438945
2024-07-07	4.68138519	4.73061021	4.84414959	5.07035674	5.11526186	5.19531703	5.25038289	5.44563611	5.54695956	5.6452346	5.69288038	5.75643538	5.82785041	5.87120003	5.91519549	5.96065015
2024-07-06	4.67421674	4.72546333	4.84521733	5.06617602	5.1200082	5.19215669	5.24509604	5.43387023	5.5215073	5.60519644	5.63801136	5.70380044	5.77826116	5.82071958	5.86337631	5.90739605
2024-07-03	4.67294198	4.7176294	4.84412815	5.06535121	5.10925186	5.18078967	5.22851547	5.41836125	5.54157548	5.57575313	5.59268217	5.65188387	5.71978486	5.75799486	5.79635553	5.83582473
2024-07-02	4.67139032	4.72257624	4.84223335	5.06957264	5.09951797	5.17640947	5.22877838	5.41284572	5.54138576	5.61288812	5.63817793	5.70360279	5.77808308	5.82860052	5.88042876	5.9341254
2024-07-01	4.68240925	4.73056878	4.84088336	5.07044688	5.11526629	5.19614248	5.2558629	5.45460234	5.57265278	5.66192373	5.69892933	5.75479708	5.818464	5.87200422	5.92830972	5.98676984
2024-06-30	4.67573235	4.72592366	4.84249459	5.07026321	5.11172146	5.18669863	5.25313331	5.44865314	5.55986914	5.65197533	5.69248983	5.74474279	5.80423978	5.85441896	5.90724593	5.96201456
2024-06-29	4.67675642	4.72696986	4.84358377	5.0700936	5.10882521	5.18097084	5.2450294	5.4309189	5.55375453	5.63912214	5.67221596	5.7183792	5.77159424	5.81924442	5.86971539	5.92197096
2024-06-26	4.67806108	4.72257582	4.84523877	5.07004805	5.11044301	5.19436689	5.25862632	5.4577256	5.56613802	5.65852126	5.67818905	5.71836456	5.76591488	5.80916237	5.85512272	5.90261545
2024-06-25	4.67319268	4.72441713	4.84414959	5.06993804	5.10904125	5.19948043	5.26138246	5.45467626	5.55956166	5.66524111	5.69938549	5.74770949	5.80337125	5.84791887	5.89467311	5.94302485
2024-06-24	4.68343332	4.73161497	4.84197167	5.07041683	5.11591292	5.2039563	5.27762412	5.50009822	5.61718155	5.70450385	5.73501135	5.78199861	5.83651987	5.89142538	5.95014067	6.01116758
2024-06-23	4.68445738	4.73266075	4.84306085	5.07038679	5.11591144	5.2031456	5.27230186	5.49101974	5.60440772	5.69128088	5.71460986	5.76098377	5.81518331	5.86547328	5.91891913	5.97435004
2024-06-22	4.68896326	4.7372636	4.84785166	5.07011589	5.11333432	5.20093846	5.27228103	5.47278886	5.58508588	5.68506246	5.69819179	5.74925263	5.80913198	5.86503028	5.92435816	5.98601468
2024-06-19	4.67642298	4.72197154	4.83474212	5.06060301	5.10552353	5.19041775	5.26136476	5.46681996	5.58537373	5.68523531	5.7334394	5.77555521	5.82373932	5.88181046	5.94470164	6.01014707
2024-06-18	4.67728893	4.72533862	4.83539545	5.06044552	5.10262828	5.18512508	5.25592745	5.45463465	5.58552419	5.69250048	5.73385558	5.78660166	5.84679248	5.89806494	5.95213	6.00823623
2024-06-17	4.67462636	4.72261893	4.83256419	5.06094176	5.11066742	5.1940015	5.25592173	5.47274506	5.61098136	5.74649424	5.77521672	5.82779241	5.88879467	5.94810016	6.01133281	6.07719447
2024-06-16	4.67216861	4.7211961	4.83430627	5.06089426	5.11066496	5.19482237	5.26139912	5.47271494	5.61089358	5.746384	5.78219285	5.83520551	5.8962878	5.95990636	6.02808812	6.0992201
2024-06-15	4.67323364	4.72228373	4.83546065	5.06586878	5.11570083	5.20132371	5.27496012	5.48470697	5.63005678	5.75258154	5.80226119	5.8526158	5.91001034	5.97100807	6.0365378	6.10485836
2024-06-12	4.67908473	4.72304954	4.83759482	5.06581014	5.11569836	5.20169623	5.27763036	5.4968638	5.64272594	5.78650886	5.81597511	5.865465	5.92323771	5.99302596	6.06863489	6.14771014
2024-06-11	4.67323364	4.72228373	4.83546065	5.06586878	5.11570083	5.20169826	5.27757153	5.50890346	5.67517324	5.80652285	5.87139716	5.93470011	6.00565243	6.08145469	6.16291362	6.24832216
2024-06-10	4.6726192	4.72165601	4.83480732	5.06560757	5.11088494	5.19907992	5.2748737	5.50309499	5.63611796	5.80001546	5.84454079	5.90250218	5.96880141	6.04599987	6.12943742	6.21693001
2024-06-09	4.67626487	4.72538005	4.83868356	5.06578009	5.11537234	5.19941376	5.27763505	5.49079031	5.63640308	5.76600413	5.82317983	5.88160447	5.94747137	6.02677272	6.11263998	6.20271388
2024-06-08	4.68466219	4.73178236	4.83892292	5.07050067	5.11526876	5.19864683	5.27215817	5.49081386	5.63633821	5.78660625	5.84466739	5.91832736	6.00099363	6.08869505	6.18281718	6.28181404
2024-06-05	4.67887992	4.72448283	4.83735545	5.06067086	5.10776625	5.191146	5.26672034	5.48484002	5.63010367	5.77320722	5.83082841	5.90425126	5.98660249	6.06814829	6.15516145	6.24650598
2024-06-04	4.67933706	4.72634297	4.83321753	5.06092431	5.11001833	5.19038212	5.2613075	5.47269633	5.61733474	5.75994946	5.81736101	5.88677363	5.96467312	6.05368188	6.14968845	6.25066906
2024-06-03	4.67814914	4.72512938	4.83195462	5.06040093	5.10126943	5.18970832	5.25597639	5.47888809	5.61734946	5.76665754	5.83149316	5.90896216	5.99534216	6.0801941	6.17067053	6.26574328
2024-06-02	4.678313	4.72638482	4.83648463	5.06055504	5.10632553	5.19422898	5.25594672	5.47870028	5.6367907	5.7802883	5.85216066	5.94168032	6.04098817	6.13387296	6.23253523	6.33646603
2024-06-01	4.66479535	4.71583957	4.83517796	5.06087003	5.11066397	5.19399895	5.25591964	5.47868495	5.63663205	5.80075128	5.89149216	5.99588914	6.11074509	6.2127279	6.32063872	6.43463774
2024-05-29	4.67089427	4.71496369	4.83321753	5.06064518	5.10632997	5.19573128	5.2667875	5.48467849	5.64931157	5.82448617	5.91599548	6.024748	6.14454417	6.25246739	6.36689545	6.487996
2024-05-28	4.67319268	4.72224188	4.83539545	5.06072465	5.10841731	5.19570991	5.26675626	5.48766541	5.65896377	5.84158147	5.93721908	6.04853287	6.17105051	6.2815884	6.39886224	6.52308251
2024-05-27	4.68982348	4.73487911	4.8356567	5.06085695	5.11163415	5.20409523	5.27766785	5.5026783	5.68793617	5.86157567	5.96452289	6.07691981	6.20031679	6.3120393	6.43066734	6.55639376
2024-05-26	4.6895777	4.73462802	4.83539545	5.0610033	5.11355775	5.20135933	5.2749268	5.49670611	5.66858653	5.83427456	5.92927118	6.03666655	6.15478795	6.26743714	6.38755285	6.51483984
2024-05-25	4.69367396	4.73663714	4.83104004	5.06145108	5.12103215	5.20661994	5.2804318	5.49056089	5.65874734	5.82749584	5.91888259	6.02776595	6.14771234	6.25727015	6.37359705	6.49676071
2024-05-22	4.69137022	4.73424512	4.82884024	5.0564252	5.11207214	5.2055899	5.27237995	5.49678112	5.6589087	5.82054587	5.91518413	6.02610276	6.14807175	6.25777573	6.37408342	6.49722736
2024-05-21	4.69326434	4.73730629	4.83492766	5.05267045	5.09166921	5.18570422	5.25862737	5.4787063	5.64955144	5.82826913	5.92350823	6.03064139	6.14846045	6.26964363	6.3997481	6.53789674
2024-05-20	4.69490284	4.73898021	4.83663735	5.04581226	5.09554994	5.180295	5.25313695	5.4727237	5.63678579	5.80782915	5.91684014	6.02835207	6.15013055	6.2686128	6.39519321	6.52950569
2024-05-19	4.69416551	4.73822694	4.83584268	5.04319198	5.08981517	5.17009643	5.24491122	5.46671537	5.63697224	5.81508041	5.91713895	6.04747434	6.19064118	6.31510227	6.44675868	6.58666164
2024-05-18	4.69264989	4.73667857	4.834231	5.04295743	5.0853253	5.17013511	5.24493986	5.46663707	5.64990526	5.83569805	5.94557085	6.07696422	6.22101405	6.35272289	6.49285758	6.64206755
2024-05-15	4.68932251	4.73335334	4.83534163	5.04849021	5.09999295	5.18062529	5.25577335	5.48471573	5.66892671	5.86251271	5.97327034	6.09379424	6.22585045	6.36000884	6.50415837	6.65776962
2024-05-14	4.68752957	4.73144842	4.82886212	5.06118794	5.11067236	5.19644732	5.27201448	5.52713215	5.71379294	5.9022833	6.02835976	6.15504819	6.29332866	6.41860714	6.55187979	6.69368031
2024-05-13	4.6752408	4.72324623	4.83321753	5.06064518	5.10552551	5.1911689	5.26661673	5.50896862	5.68802994	5.87540764	5.97906507	6.09562141	6.22371401	6.33959485	6.46268574	6.59329355
2024-05-12	4.67319268	4.72224188	4.83539545	5.06058508	5.10552255	5.19116636	5.26664537	5.50292306	5.67517597	5.84794491	5.95783327	6.07812279	6.20983432	6.32241549	6.44128567	6.56728712
2024-05-11	4.68548145	4.73044407	4.8310291	5.05834183	5.10558026	5.1919287	5.2720275	5.52108275	5.70741557	5.88865576	6.01419019	6.13661988	6.27008348	6.38203746	6.50011436	6.62531893
2024-05-08	4.68625113	4.73021474	4.83211828	5.05831178	5.10557878	5.19192769	5.27202645	5.52108275	5.70736596	5.89558004	6.02148614	6.14797573	6.28600523	6.40187256	6.52412601	6.65389339
2024-05-07	4.70465193	4.74785071	4.84270202	5.05746275	5.09463599	5.17643543	5.25834519	5.50603975	5.691555	5.87560083	5.99358368	6.12283855	6.26427625	6.37952254	6.50069275	6.62925798
2024-05-06	4.69518957	4.73927272	4.83699618	5.05748068	5.09239722	5.17645884	5.25831812	5.51519105	5.70132223	5.87527653	6.00020257	6.13004668	6.27172522	6.39482844	6.52519076	6.66378566
2024-05-05	4.69469802	4.73877097	4.83648463	5.05999725	5.09491614	5.1787128	5.2583983	5.49990876	5.68841592	5.86196151	5.97931519	6.10046164	6.23278797	6.34623888	6.46610965	6.59322494
2024-05-04	4.69060177	4.73458659	4.83210734	5.05511191	5.09020926	5.17611634	5.2557166	5.49396888	5.66903683	5.84160448	5.94404503	6.07132119	6.21119662	6.32436896	6.44316921	6.56909586
2024-05-01	4.68932251	4.73335334	4.83537401	5.05502226	5.0916559	5.18528436	5.2557999	5.49693061	5.67551616	5.8415135	5.93648667	6.07098396	6.21931233	6.3348949	6.455733	6.58388819
2024-04-30	4.6895777	4.7335404	4.83104004	5.06042613	5.10071159	5.18855259	5.26392047	5.50282833	5.69480474	5.86182719	5.96441167	6.1039149	6.25753913	6.37643632	6.50072285	6.63267541
2024-04-29	4.69981834	4.74192295	4.83304818	5.06036604	5.10126795	5.19045744	5.26121327	5.50278069	5.70120011	5.8893841	6.01501588	6.15298921	6.3038342	6.4211927	6.54402011	6.67443227
2024-04-28	4.68752957	4.73144842	4.82886212	5.0610537	5.10585548	5.19457809	5.27468888	5.53910939	5.75935644	5.95043699	6.0775263	6.22131415	6.37896316	6.49368433	6.61290077	6.7394498
2024-04-24	4.68343332	4.7281847	4.82917544	5.06608588	5.11643673	5.20791308	5.28828424	5.56338255	5.77839207	5.9772859	6.09804158	6.22633153	6.36714599	6.4865222	6.61276101	6.74695756
2024-04-23	4.69919203	4.74223848	4.83719223	5.06289909	5.10631221	5.19818678	5.28286724	5.54523709	5.75260835	5.94321035	6.06294261	6.1824132	6.3132248	6.42674735	6.54697958	6.67457321
2024-04-22	4.69572209	4.73981675	4.83755149	5.05579909	5.10562317	5.19118162	5.26647617	5.53922438	5.75306957	5.92982951	6.03410375	6.15996357	6.29866722	6.40919115	6.52515206	6.64808442
2024-04-21	4.69572209	4.73981675	4.83754055	5.05343565	5.10567496	5.19119027	5.26648242	5.53932294	5.74010493	5.90193813	6.03443536	6.14226486	6.25909903	6.38162397	6.51361691	6.65397358
2024-04-20	4.68650551	4.73148985	4.8320964	5.05358491	5.10568235	5.19231955	5.27468108	5.53927694	5.73996972	5.90194777	6.01255366	6.13048346	6.25979367	6.36523806	6.47608379	6.59342127
2024-04-17	4.69162583	4.73563237	4.83317421	5.05091326	5.10059223	5.1874279	5.27208424	5.50890182	5.70124699	5.85464229	5.95672517	6.07673631	6.20856036	6.30930712	6.414364	6.52537939
2024-04-16	4.68113245	4.72428364	4.82663037	5.0491517	5.10591171	5.1927165	5.27756581	5.51190188	5.70105291	5.86135198	5.96385916	6.07245682	6.19162083	6.2968514	6.40828293	6.52618705
2024-04-15	4.68445738	4.72939787	4.82989704	5.04914298	5.10541798	5.18665333	5.26663183	5.50278288	5.70133258	5.86187589	5.94984335	6.06123079	6.18431228	6.28661959	6.39426779	6.50806492
2024-04-14	4.67626487	4.7232048	4.82995086	5.06101348	5.11067038	5.19569668	5.26671669	5.49348484	5.70144271	5.84826333	5.94267092	6.06968679	6.20968972	6.30806575	6.40960442	6.51681351
2024-04-13	4.68535446	4.72884799	4.83104004	5.06112348	5.11356416	5.20211353	5.28016784	5.54227317	5.73320474	5.90177063	6.00533869	6.1344023	6.27654396	6.3834715	6.49487572	6.61283589
2024-04-10	4.67396564	4.71867351	4.82844509	5.0708525	5.11560761	5.20093846	5.27201032	5.52702538	5.72041619	5.8884294	6.00620027	6.13788875	6.28208803	6.39376901	6.51054261	6.63434196
2024-04-09	4.66909642	4.71479462	4.81770338	4.9975292	5.02332636	5.09310486	5.14707814	5.40685765	5.61338936	5.81847057	5.94986846	6.09368541	6.2503603	6.36567346	6.48546836	6.61252382
2024-04-08	4.66909642	4.71479462	4.81773577	5.00503532	5.03055267	5.10130748	5.17124721	5.42493247	5.62582083	5.82444014	5.95587846	6.09219157	6.24049499	6.36397166	6.49409048	6.63238153
2024-04-07	4.67319268	4.71789137	4.81771432	4.99961302	5.02111719	5.11251726	5.18501281	5.43403395	5.62557278	5.81712895	5.94101133	6.07664456	6.22454953	6.34743734	6.4768729	6.61439828
2024-04-06	4.67114455	4.71579897	4.81550402	4.99230657	5.01445514	5.09654764	5.1686738	5.40998912	5.59372788	5.78373572	5.91402324	6.05307394	6.204234	6.32644491	6.4547435	6.59100411
2024-04-01	4.66065649	4.70585968	4.81770338	4.99655369	5.00697088	5.09053282	5.15776638	5.40707503	5.58743937	5.78395406	5.9216795	6.057371	6.2043851	6.32626878	6.45457277	6.59083878
2024-03-31	4.6209654	4.67759518	4.81437195	4.98232944	5.00603473	5.09515729	5.15815424	5.3948043	5.59399665	5.79110738	5.94338386	6.0841987	6.23616351	6.36255953	6.49574739	6.63738409
2024-03-30	4.65271139	4.7024089	4.817671	4.98960585	5.01056208	5.09584331	5.16330157	5.400863	5.59374751	5.80462629	5.95049632	6.08724104	6.23513272	6.36274728	6.49774489	6.64135662
2024-03-27	4.67012048	4.71801608	4.827471	4.98933737	5.01054925	5.09583465	5.16335467	5.38868481	5.58741593	5.79115768	5.95093915	6.08451104	6.22798318	6.3504279	6.47976786	6.61719241
2024-03-26	4.67626487	4.7232048	4.82973513	5.00985039	5.03975781	5.12281456	5.19586192	5.43678323	5.6413374	5.85463159	5.9981883	6.14400907	6.30249096	6.42300491	6.54880635	6.68246083
2024-03-25	4.67732375	4.7222921	4.83112888	5.01064854	5.05387255	5.12875761	5.20676778	5.43060296	5.63142461	5.84425132	5.9912214	6.13702348	6.29522891	6.41541901	6.54085594	6.67410408
2024-03-24	4.6752408	4.7221586	4.82868927	5.01960993	5.0446901	5.12643444	5.19066305	5.42463186	5.6252653	5.83780868	5.9772671	6.13401285	6.30487197	6.426282	6.55197224	6.68550915
2024-03-23	4.6752408	4.7221586	4.8286245	5.00501593	5.03761719	5.12043692	5.17979936	5.4003932	5.61272153	5.82495068	5.96402112	6.11248852	6.27400068	6.39353477	6.51785486	6.64986216
2024-03-20	4.67913225	4.72613373	4.83287008	5.0297843	5.05989094	5.14382239	5.21772102	5.43634847	5.65716253	5.8576343	6.00442586	6.1663894	6.34279841	6.46305865	6.58694108	6.71854553
2024-03-19	4.67421674	4.72220045	4.83195637	5.01979893	5.05086089	5.13637753	5.19610922	5.40618635	5.62521624	5.8451097	5.99220342	6.14184761	6.30437494	6.4312439	6.56412019	6.70550202
2024-03-18	4.67473819	4.7186484	4.83319609	5.05563965	5.10178239	5.19665648	5.27214047	5.51457286	5.75626588	5.9615686	6.11500139	6.26895904	6.43665463	6.56030795	6.68913927	6.82623545
2024-03-17	4.67933706	4.72634297	4.83319609	5.05591878	5.1068449	5.20106009	5.27240338	5.51467087	5.73655316	5.95114499	6.10101788	6.25433342	6.4214689	6.54446115	6.67254609	6.80881144
2024-03-13	4.67933706	4.72634297	4.83323897	5.06620849	5.12198359	5.21772335	5.29393813	5.53880604	5.75884453	5.95697917	6.09184502	6.24037201	6.40296156	6.51891449	6.63914127	6.76681237
2024-03-12	4.68317976	4.72813657	4.83809718	5.07387597	5.13580831	5.24140144	5.33202118	5.59953712	5.81643116	6.01710412	6.15375424	6.29241595	6.44418682	6.55813231	6.6770855	6.80339804
2024-03-11	4.67933706	4.72710293	4.8382092	5.07693725	5.14861452	5.25747284	5.36466691	5.64821977	5.864642	6.05690361	6.19447112	6.322571	6.46264301	6.56742895	6.67677716	6.79264107
2024-03-10	4.68097556	4.7277114	4.83555736	5.07700897	5.14861797	5.25665146	5.35922283	5.64215121	5.85485624	6.05723487	6.19143331	6.31521598	6.45066915	6.55931244	6.67359708	6.79482595
2024-03-09	4.67687931	4.72456151	4.83565057	5.07700897	5.14764533	5.24901475	5.35368973	5.63921686	5.84522693	6.03647701	6.15866023	6.29296107	6.4407448	6.54831534	6.66017022	6.77874857
2024-03-06	4.67384808	4.72246074	4.83696467	5.0814257	5.14369357	5.25321275	5.35103094	5.63605363	5.85508084	6.05750672	6.20281059	6.32740684	6.46313958	6.57686104	6.69708796	6.82480409
2024-03-05	4.67429334	4.72015158	4.83774185	5.08140534	5.14369209	5.25280002	5.34829251	5.63602296	5.8618104	6.05054284	6.18773793	6.31560445	6.45539072	6.56603381	6.68226006	6.80560729
2024-03-04	4.6786407	4.72633126	4.83759613	5.08140534	5.14369209	5.25280002	5.3483076	5.63293584	5.86174171	6.0647355	6.19530347	6.32295849	6.46299963	6.57241053	6.68717832	6.80894247
2024-03-03	4.68703802	4.73284321	4.83762238	5.08139953	5.14369209	5.25444737	5.35919785	5.64502424	5.88777784	6.09224425	6.22354779	6.34404507	6.47617213	6.59028769	6.71133576	6.83995683
2024-03-02	4.68343332	4.73014988	4.83833917	5.08667014	5.15322572	5.2600347	5.36728249	5.66633949	5.91375018	6.11945439	6.25900298	6.38091095	6.51429339	6.63317016	6.75974608	6.89443399
2024-02-28	4.69738435	4.74031013	4.83584443	5.08673023	5.15322868	5.25880059	5.35915984	5.64809055	5.88114859	6.07803447	6.20879239	6.32893241	6.4605977	6.57718558	6.70115778	6.83295954
2024-02-27	4.69367396	4.73748247	4.83592626	5.08673023	5.15322868	5.2592123	5.36189776	5.64807193	5.88115023	6.07099995	6.19392885	6.31334636	6.44459505	6.55747296	6.67710872	6.80416477
2024-02-26	4.69777022	4.74063236	4.83583261	5.08673023	5.15322868	5.26044844	5.37006778	5.65719093	5.89409579	6.08460822	6.20787547	6.33569204	6.4764046	6.59118083	6.71219625	6.84078102
2024-02-25	4.68548145	4.73123374	4.83600152	5.08158465	5.14658982	5.25812425	5.353848	5.62687823	5.83557583	6.00889816	6.12248493	6.24753865	6.38524743	6.49622429	6.61293904	6.73676769
2024-02-24	4.68699706	4.73171499	4.83322103	5.08166025	5.14562111	5.24966615	5.34294943	5.60265381	5.79017697	5.95420925	6.05898839	6.18586159	6.32577613	6.43157246	6.54193661	6.6588108
2024-02-21	4.68891329	4.73279885	4.83550397	5.08159677	5.14561766	5.24966412	5.34291767	5.60872401	5.80321956	5.96791118	6.07297755	6.20024173	6.34065639	6.44705718	6.55810234	6.67572806
2024-02-20	4.68302369	4.7286919	4.83344245	5.08165637	5.14529657	5.24574805	5.33205554	5.58742463	5.77747891	5.9339828	6.0453534	6.16827659	6.30327533	6.40484657	6.51070775	6.62267567
2024-02-19	4.69318241	4.73805997	4.83977274	5.08662458	5.15322326	5.25550183	5.33753294	5.59326651	5.80340547	5.96834358	6.08798767	6.22025367	6.36544334	6.46994363	6.57835594	6.69313967
2024-02-18	4.68752957	4.73438572	4.84260443	5.08655044	5.1532198	5.2563227	5.34294266	5.60536859	5.82928731	6.0166942	6.13815982	6.26782048	6.41031986	6.5286291	6.65352538	6.78629601
2024-02-17	4.68548145	4.7322678	4.84047202	5.08661005	5.15257466	5.25343056	5.35372357	5.62981751	5.85506558	6.05772346	6.18810901	6.32354656	6.47228794	6.59350309	6.72131678	6.8573267
2024-02-14	4.6806409	4.72608268	4.83998672	5.08189771	5.15267922	5.25344837	5.35376782	5.62365258	5.85518552	6.05096508	6.169833	6.29427191	6.43127981	6.55632367	6.68968283	6.83172533
2024-02-13	4.68548145	4.73340523	4.8447189	5.0816239	5.15010062	5.25039237	5.3483253	5.6145971	5.83571375	6.02338087	6.13766983	6.26303295	6.40116453	6.52195914	6.65017071	6.78655352
2024-02-12	4.6895777	4.73655554	4.84462526	5.0816239	5.15010062	5.24956895	5.34289684	5.60542882	5.82943233	6.00276216	6.11973979	6.25470041	6.40327866	6.51559046	6.63287314	6.75733509
2024-02-11	4.68343332	4.73128731	4.84258605	5.08168399	5.15010358	5.24957048	5.34288331	5.60856084	5.82283525	5.99567359	6.11623353	6.24140223	6.3787716	6.49551845	6.61901667	6.75023239
2024-02-10	4.68478508	4.73268503	4.8439938	5.08164426	5.15042615	5.25266364	5.34836487	5.61159375	5.82269896	5.99548896	6.11603723	6.2530748	6.40373849	6.52543471	6.65352753	6.78978412
2024-02-07	4.68522748	4.73079978	4.84476354	5.08176347	5.15234827	5.25076082	5.3510627	5.61148698	5.83564179	6.03036134	6.15979037	6.29438415	6.44205735	6.56505126	6.69500962	6.83334146
2024-02-06	4.68548145	4.73340523	4.8447189	5.08148434	5.14752892	5.24734094	5.34294734	5.59317014	5.82285597	6.01715764	6.13878204	6.27632675	6.42767831	6.55031485	6.6794855	6.8169421
2024-02-05	4.67933706	4.72808552	4.84279129	5.0862713	5.14742781	5.24567883	5.33199046	5.5934242	5.79677568	5.9928357	6.1251291	6.25486634	6.39672983	6.52050096	6.65184912	6.79165776
2024-02-04	4.68445738	4.73229458	4.84376407	5.08624174	5.14742633	5.24691294	5.3401532	5.60254649	5.80637718	6.00294571	6.12446024	6.25368484	6.39564232	6.51636917	6.64413178	6.7800204
2024-01-31	4.67937802	4.72812779	4.84283417	5.08627034	5.14742781	5.24650225	5.33744704	5.59647135	5.79677677	5.97527481	6.09558141	6.22012678	6.35671809	6.47555147	6.60153419	6.73544006
2024-01-30	4.68010839	4.72414931	4.84390979	5.08624174	5.14742633	5.24650124	5.33744652	5.59642317	5.80328062	5.98921435	6.11005184	6.2349564	6.37201262	6.49454573	6.62485134	6.76349497
2024-01-29	4.67319268	4.72390324	4.84511143	5.0857707	5.14261389	5.24658673	5.33744443	5.60250816	5.81649986	5.98202089	6.10200758	6.22679613	6.36367932	6.47979368	6.60257142	6.73298901
2024-01-28	4.67933706	4.72808552	4.84279129	5.085777	5.14261636	5.24658826	5.3374007	5.61185603	5.80314324	5.9887766	6.10233868	6.22279042	6.35528	6.47689521	6.60652599	6.74441391
2024-01-27	4.6895777	4.73655554	4.84462526	5.08087276	5.13757457	5.24256074	5.34014487	5.60890306	5.79008756	5.97143834	6.08818449	6.21041363	6.34460521	6.45825633	6.57837271	6.70586988
2024-01-24	4.6895777	4.73655554	4.84462526	5.08087276	5.13806435	5.24669055	5.33748712	5.60298563	5.75420733	5.93339734	6.06031996	6.18233268	6.31549655	6.43090953	6.55313763	6.68290888
2024-01-23	4.70365572	4.74702045	4.8463704	5.08086646	5.13855116	5.25205396	5.34296244	5.61190805	5.78999161	5.96760079	6.11721658	6.25567354	6.40614042	6.53084005	6.66248336	6.80262469
2024-01-22	4.70186647	4.74600605	4.84434476	5.08087276	5.13830948	5.24978473	5.34306032	5.58747939	5.7607777	5.94068767	6.07501232	6.20361349	6.34375993	6.46526424	6.59402369	6.73094963
2024-01-21	4.70186647	4.74600605	4.84434476	5.08087276	5.13830948	5.24978473	5.34299992	5.5996866	5.77693211	5.96802517	6.11810839	6.24858254	6.39011545	6.51044439	6.63777076	6.7731781
2024-01-20	4.70084241	4.74494688	4.84327833	5.08087567	5.13831096	5.2477272	5.3293499	5.5937051	5.76419372	5.94763121	6.08228007	6.19535709	6.31820302	6.43450937	6.5587577	6.6907316
2024-01-17	4.68919511	4.73378395	4.84417147	5.07597433	5.13350049	5.2397826	5.32132357	5.55101107	5.72580517	5.87992803	5.99735184	6.11151735	6.23611562	6.34638864	6.46327359	6.58714607
2024-01-16	4.69445225	4.74069513	4.84499897	5.07597191	5.13285091	5.23359475	5.31041042	5.53601953	5.68698267	5.8530224	5.9630842	6.07211471	6.19130839	6.30544756	6.4272744	6.55646692
2024-01-15	4.70186647	4.7460931	4.84417147	5.07597433	5.13155569	5.22279566	5.29945302	5.52087742	5.6744847	5.81925617	5.92787042	6.03995095	6.16237826	6.26972588	6.38327103	6.50343395
2024-01-14	4.70465193	4.74893834	4.84713313	5.07596609	5.13252439	5.23049905	5.30493146	5.53313501	5.66772025	5.81883126	5.92054885	6.03212987	6.1544039	6.26148956	6.37473061	6.49455392
2024-01-13	4.70084241	4.74613494	4.8474377	5.07596561	5.1325239	5.23049854	5.30505172	5.508616	5.66147917	5.80587104	5.89981318	6.01435551	6.14026198	6.2500137	6.36599625	6.48877844
2024-01-10	4.69956069	4.74312106	4.84634895	5.07596851	5.13284943	5.23359322	5.31051506	5.51456684	5.68076122	5.8329308	5.95648582	6.06990494	6.19307287	6.29560466	6.4035212	6.51761743
2024-01-09	4.69572209	4.74090437	4.84199311	5.07598015	5.13204843	5.22823388	5.30497102	5.52062719	5.7003322	5.85353079	5.9702592	6.08366529	6.20731476	6.31043629	6.41901995	6.53385311
2024-01-08	4.69777022	4.74182168	4.83996791	5.07598644	5.13205188	5.22823592	5.304882	5.53882356	5.73260505	5.90824111	6.02685905	6.13771208	6.25876194	6.36210625	6.47127174	6.58678564
2024-01-07	4.70698679	4.7512496	4.84978803	5.08575568	5.142606	5.24493481	5.32660313	5.58119673	5.79052042	5.97597746	6.08913063	6.20128561	6.32447148	6.42599591	6.53293648	6.64609258
2024-01-06	4.69076562	4.73801687	4.84544532	5.07848751	5.13858963	5.24505084	5.3266099	5.59042031	5.79695504	5.98968688	6.09606063	6.20411176	6.32319845	6.42143632	6.52492543	6.63433618
2024-01-03	4.65963243	4.70424435	4.83993728	5.08088778	5.1378271	5.24318975	5.32933428	5.5874312	5.78404764	5.94800956	6.04532316	6.14996639	6.26548838	6.36896843	6.47881879	6.59508204
2024-01-02	4.67728893	4.72710503	4.8449062	5.08148434	5.14817752	5.25353031	5.35382353	5.61778333	5.81603646	5.98144133	6.0722928	6.16371502	6.26508899	6.37523563	6.49419369	6.62034778
2024-01-01	4.67319268	4.72286876	4.84064093	5.08160452	5.14818344	5.25188704	5.34293901	5.60556735	5.80973759	5.98204069	6.06567596	6.17600154	6.29881507	6.40561589	6.51871492	6.63853397
2023-12-31	4.67114455	4.72178532	4.84297858	5.08641087	5.15032356	5.2542952	5.35918171	5.63605855	5.84201044	6.00867286	6.0926866	6.21166395	6.34423325	6.4595576	6.58178458	6.71158172
2023-12-30	4.68343332	4.7327026	4.8463704	5.08120229	5.15042172	5.25430894	5.35916192	5.64221746	5.84516315	6.02238014	6.12171305	6.24607653	6.38390372	6.50105968	6.62500228	6.75670806
2023-12-27	4.6872752	4.73306208	4.8463704	5.08120229	5.15042172	5.25430894	5.35913173	5.64832436	5.85493801	6.03616342	6.13590773	6.26065773	6.39898066	6.51677775	6.64144882	6.77396343
2023-12-26	4.67675642	4.72655431	4.84435176	5.08163941	5.15107376	5.25844181	5.3564745	5.64223006	5.84182727	6.02941306	6.12923759	6.25375901	6.39180276	6.50619458	6.62688968	6.75506011
2023-12-25	4.66295203	4.7154847	4.84316543	5.08682957	5.1577151	5.2595319	5.36449615	5.66957665	5.894044	6.08437329	6.18910794	6.31952768	6.46421083	6.58041931	6.70272309	6.83270658
2023-12-24	4.67012048	4.7218121	4.84627106	5.08673944	5.15835926	5.26613145	5.37813004	5.69096528	5.91349559	6.08339932	6.18381652	6.31806409	6.46722928	6.57930847	6.69635089	6.82059512
2023-12-23	4.6609039	4.71548679	4.84986199	5.09193493	5.16853951	5.27708422	5.39172852	5.71542241	5.92939323	6.10335232	6.21189734	6.34340137	6.48914796	6.60500622	6.72683279	6.85631321
2023-12-20	4.65860877	4.70342078	4.84346037	5.09169602	5.16083181	5.26958135	5.38622613	5.71553849	5.92952135	6.10708444	6.20094803	6.33139986	6.47682771	6.59067793	6.7101622	6.83707591
2023-12-19	4.66766273	4.71921878	4.84382358	5.09139944	5.15568645	5.2647121	5.38358922	5.69099211	5.90673224	6.0869131	6.18037586	6.31014882	6.45473235	6.56759078	6.6859622	6.81164732
2023-12-18	4.67933706	4.72960586	4.8463704	5.08126965	5.15364201	5.26355076	5.37546969	5.67869236	5.90695466	6.09793662	6.20675506	6.3299104	6.46629241	6.58205987	6.70463329	6.83491171
2023-12-17	4.68343332	4.73379023	4.85072624	5.08119066	5.15106439	5.26090697	5.37274791	5.67257013	5.90381177	6.0911579	6.19967541	6.32262712	6.45875185	6.57884938	6.70652113	6.84236408
2023-12-16	4.67728893	4.72968913	4.85292561	5.08641911	5.16928675	5.2812293	5.38910722	5.70290309	5.94592818	6.14610582	6.25638238	6.3689641	6.49369657	6.62395086	6.76470993	6.91492368
2023-12-13	4.67642298	4.72437319	4.85227227	5.08642105	5.16928774	5.28122981	5.38910774	5.70290309	5.94592818	6.14610636	6.25638238	6.3689641	6.49369657	6.62395086	6.76470993	6.91492368
2023-12-12	4.67114455	4.72284532	4.84739306	5.08949153	5.16667066	5.27982267	5.39457733	5.70288667	5.9458464	6.14603893	6.25629986	6.37690232	6.51061749	6.64849172	6.79742197	6.95663548
2023-12-11	4.69469802	4.74174719	4.85018056	5.09204445	5.17175931	5.28509244	5.40003651	5.70903736	5.93901872	6.1386282	6.256244	6.38124574	6.51943527	6.65481077	6.80037929	6.95590347
2023-12-10	4.685973	4.73383626	4.84539806	5.08953708	5.16667313	5.28106136	5.40277027	5.70907186	5.93901054	6.13866191	6.24882196	6.36924862	6.50273426	6.63396407	6.77505906	6.92565088
2023-12-06	4.69715578	4.74307377	4.84865947	5.10391059	5.17344714	5.29827374	5.39760211	5.66899733	5.89998796	6.06951972	6.19191869	6.30752568	6.43448145	6.55608005	6.68634192	6.8249967
2023-12-05	4.69210755	4.73775532	4.852432	5.10381173	5.17344221	5.29826967	5.39759951	5.66899569	5.89998687	6.06951919	6.19191766	6.3075252	6.43448145	6.55607916	6.68634148	6.82499587
2023-12-04	4.69162583	4.73965605	4.85133975	5.09201441	5.17208188	5.28736371	5.40021092	5.67825541	5.91306218	6.09027383	6.21711905	6.33955573	6.47402825	6.59773501	6.72982795	6.87052273
2023-12-03	4.69572209	4.741992	4.8463704	5.08113542	5.14849861	5.25621125	5.35655312	5.62358523	5.86164358	6.0683927	6.20282699	6.34084265	6.49232124	6.6223407	6.7602862	6.90741302
2023-12-02	4.70321824	4.74843825	4.850223	5.08591221	5.14646651	5.25932884	5.36199199	5.63578423	5.87450463	6.09244172	6.23906994	6.38071281	6.53574153	6.66938581	6.81133777	6.96290118
2023-11-29	4.69674615	4.74412583	4.85183686	5.0858841	5.14935979	5.26465001	5.36743971	5.64787043	5.90052768	6.13413296	6.29738885	6.44558644	6.6073299	6.75090229	6.90406452	7.06803299
2023-11-28	4.69014176	4.73393126	4.84551577	5.08132102	5.14625294	5.25419647	5.34288331	5.62358797	5.87483937	6.11420084	6.28450113	6.43251421	6.59354831	6.73632636	6.88859372	7.05156419
2023-11-27	4.69981834	4.74617637	4.85072624	5.08046811	5.13152116	5.22531477	5.31544737	5.59958038	5.83620441	6.07691226	6.23863531	6.3867487	6.54817569	6.69367723	6.84905709	7.0154179
2023-11-26	4.71927557	4.76178606	4.853866	5.08538398	5.1375356	5.24006402	5.32372413	5.60557885	5.83588875	6.08008354	6.23457705	6.38828257	6.55645366	6.70122514	6.85511021	7.01983105
2023-11-25	4.69777022	4.74517202	4.85290416	5.08084853	5.13723079	5.23430672	5.31555983	5.5902555	5.83631616	6.06672518	6.2054071	6.34943384	6.50748187	6.6431351	6.78712616	6.94090614
2023-11-22	4.70352628	4.74712339	4.85507115	5.07798449	5.13152807	5.22285012	5.29922759	5.5631011	5.78458136	5.99094181	6.11960755	6.25675207	6.40713635	6.53799637	6.67689413	6.82498058
2023-11-21	4.69367396	4.74207528	4.85287178	5.07350137	5.13064568	5.23363903	5.31018395	5.58442622	5.80051335	6.01101521	6.1403873	6.27421799	6.42097233	6.5553313	6.69871907	6.85174713
2023-11-20	4.67421674	4.72655096	4.84959418	5.07106185	5.12650995	5.21842768	5.2991849	5.57249169	5.77154476	5.96276198	6.09775097	6.22681419	6.36759141	6.49309069	6.62652287	6.76858185
2023-11-19	4.68343332	4.7327026	4.84632751	5.07071535	5.12361914	5.2137396	5.29921249	5.56040767	5.74554298	5.93538274	6.06968399	6.20581985	6.3543938	6.48290537	6.61911773	6.76420508
2023-11-15	4.6895777	4.73897895	4.85286084	5.07039648	5.12144153	5.21397166	5.29917709	5.56955241	5.75847818	5.95594527	6.0909978	6.22378209	6.36869892	6.50065111	6.64128197	6.79122624
2023-11-14	4.68522748	4.73156978	4.84846211	5.06050512	5.11137176	5.2038708	5.29102529	5.55739885	5.75876003	5.96348015	6.09884319	6.23571674	6.38525719	6.52126715	6.66627107	6.82103161
2023-11-13	4.68752957	4.73688655	4.85051007	5.0319476	5.08775988	5.16861296	5.25012623	5.51830938	5.71433266	5.91686448	6.05090416	6.18626372	6.33390903	6.46749531	6.60972671	6.76138284
2023-11-12	4.71517931	4.75811809	4.84837284	5.03044531	5.07912836	5.15427491	5.22840301	5.47891054	5.67608858	5.86995127	6.00977264	6.15207417	6.30686707	6.43662467	6.57362732	6.71952389
2023-11-11	4.70186647	4.74718072	4.84852688	5.07524257	5.12191207	5.22014373	5.31000121	5.59987825	5.81025768	6.02449237	6.16910161	6.3244704	6.49466552	6.63686253	6.78740439	6.94837835
2023-11-08	4.70596273	4.7513651	4.85288272	5.07608531	5.13733486	5.23761718	5.33720026	5.64228755	5.87489007	6.10672963	6.26907533	6.43661996	6.62011742	6.77534615	6.94027142	7.11725421
2023-11-07	4.70775075	4.75218573	4.85509259	5.08342616	5.14553874	5.25251911	5.36169576	5.68181945	5.9266952	6.16850712	6.32546864	6.49881384	6.68960653	6.85861987	7.03936909	7.23398453
2023-11-06	4.71313118	4.75651197	4.85180448	5.07867166	5.14564725	5.24924477	5.34002408	5.63893158	5.89448286	6.14210185	6.29083915	6.4583395	6.64282186	6.80902452	6.98694915	7.17837402
2023-11-05	4.70596273	4.7513651	4.85288272	5.07615218	5.13889494	5.23029548	5.32088885	5.60874865	5.83595472	6.0799824	6.24940011	6.41646844	6.59889152	6.76261864	6.93771188	7.12594411
2023-11-04	4.70149781	4.74680409	4.84811335	5.07106573	5.12626679	5.21562613	5.29651882	5.55405602	5.77152677	5.99805874	6.17934567	6.3406533	6.51533859	6.67118282	6.83749184	7.01589282
2023-11-01	4.7301413	4.77177265	4.84766743	5.06551017	5.11503546	5.19637404	5.27200355	5.51783739	5.7200711	5.95090203	6.13091461	6.29051655	6.46307263	6.61308071	6.77257692	6.94338696
2023-10-31	4.71030476	4.75471251	4.85307877	5.0596808	5.09746466	5.18133369	5.2611435	5.49655827	5.72055139	5.95178075	6.13907367	6.30321447	6.48048129	6.63151217	6.79180318	6.96351168
2023-10-29	4.69572209	4.74416726	4.8549845	5.05712546	5.09461922	5.17455093	5.24488103	5.46640491	5.66912297	5.88362537	6.06104417	6.2183533	6.38801295	6.53436434	6.6896652	6.8557548
2023-10-28	4.69310048	4.74040178	4.84783066	5.05495877	5.09435682	5.17191121	5.2421681	5.4603128	5.66938193	5.8630682	6.04652249	6.19590953	6.35614946	6.49426903	6.64068809	6.79697073
2023-10-25	4.70141589	4.74780802	4.85232785	5.0569195	5.08915966	5.16700124	5.23945204	5.45136793	5.64355569	5.83585699	6.01124977	6.15531123	6.3098674	6.44564997	6.5897651	6.74345746
2023-10-24	4.69341794	4.73770092	4.85279608	5.05398568	5.07860801	5.15456193	5.23120081	5.45165868	5.62426982	5.82233969	5.98305107	6.12557783	6.27917651	6.4136439	6.55624073	6.70822753
2023-10-23	4.6895777	4.73897895	4.85278558	5.05134359	5.07352084	5.14892524	5.22308909	5.43357236	5.59863875	5.80239419	5.96279206	6.10078471	6.24922815	6.38205221	6.52314295	6.6734382
2023-10-22	4.69367396	4.74098765	4.84841879	5.04910033	5.07357855	5.14722446	5.2123061	5.43047921	5.61187598	5.80265213	5.95891472	6.09277183	6.23679538	6.36884371	6.50941378	6.65912163
2023-10-21	4.69879428	4.74404255	4.84510924	5.03945855	5.06735498	5.13309252	5.20680058	5.40028752	5.58003981	5.7556656	5.91383719	6.04280053	6.18095023	6.30429515	6.43509494	6.57405006
2023-10-18	4.70289054	4.74822692	4.84946465	5.03933934	5.06799716	5.13764574	5.20684848	5.40030505	5.57346344	5.76256955	5.90693589	6.04268731	6.18925098	6.31351893	6.44462701	6.58393076
2023-10-17	4.70979847	4.75307751	4.84838641	5.04173234	5.06924207	5.14825093	5.21782462	5.40620879	5.58607209	5.78277994	5.92787504	6.06418089	6.21146165	6.33066968	6.45583105	6.58868242
2023-10-16	4.70801086	4.75128182	4.84624087	5.04943859	5.07936758	5.15951771	5.23418237	5.42212734	5.61154452	5.80269494	5.9408463	6.07723214	6.22509259	6.34495818	6.47085977	6.60453453
2023-10-15	4.71197645	4.7553101	4.85060722	5.05293747	5.10341103	5.19044726	5.26132676	5.47842705	5.67525502	5.87959731	6.03837625	6.17649541	6.32562362	6.44806521	6.57704736	6.71419687
2023-10-14	4.72103696	4.76272806	4.85089472	5.06487145	5.10539776	5.19038518	5.2612648	5.48141944	5.68171199	5.88654407	6.01994391	6.15046222	6.29256009	6.41183124	6.5377008	6.67141743
2023-10-11	4.6944416	4.73846087	4.84955129	5.05977821	5.09779315	5.18203548	5.25049691	5.46029145	5.65620358	5.84939302	5.98152217	6.11099565	6.25175608	6.37232286	6.49976173	6.635143
2023-10-10	4.70674102	4.75216021	4.85360213	5.04895786	5.07486686	5.15879912	5.22857794	5.44851023	5.63724482	5.84329608	5.97565364	6.10874049	6.25351963	6.37736612	6.5082742	6.64744252
2023-10-09	4.72029963	4.76318044	4.85420645	5.05128398	5.0748131	5.15878945	5.22853994	5.45458317	5.64387679	5.82227279	5.98226586	6.12095038	6.27024063	6.40409469	6.54635905	6.69796822
2023-10-08	4.71722744	4.75894333	4.84659313	5.04968768	5.08515316	5.16934833	5.23942289	5.47268483	5.66286717	5.8560021	6.01373711	6.15899924	6.31601729	6.45234362	6.59687695	6.75103756
2023-10-07	4.70698679	4.75023562	4.84517401	5.05419503	5.07991309	5.16406126	5.23399078	5.46063695	5.64356005	5.84274007	5.98941266	6.13534467	6.29366993	6.42914739	6.57251397	6.7253651
2023-10-04	4.67933051	4.72614378	4.84652399	5.05387906	5.07477266	5.15878844	5.22850974	5.46066214	5.65006935	5.8635113	6.01840836	6.16938928	6.33307864	6.47359711	6.62247326	6.78142242
2023-10-03	4.66295203	4.71721971	4.84626275	5.05360768	5.0709087	5.15882711	5.22853733	5.46065338	5.65332673	5.86689397	6.03649883	6.18675174	6.34881905	6.49139157	6.64287308	6.8047083
2023-10-02	4.67319268	4.72659239	4.85279608	5.05342789	5.06865464	5.1446112	5.20958015	5.43037189	5.63122072	5.84400034	6.005576	6.14859064	6.30285409	6.44134965	6.58867196	6.74587422
2023-10-01	4.67421674	4.72655096	4.84950797	5.04837293	5.06137901	5.14031956	5.20949685	5.42436082	5.62478065	5.84422617	6.00602036	6.14900351	6.30323674	6.44172112	6.58903318	6.74622555
2023-09-30	4.67671546	4.72801564	4.8478521	5.05801181	5.06439116	5.14777205	5.21507265	5.4333287	5.64080913	5.85755831	6.0342452	6.17484735	6.3256478	6.46175291	6.60663221	6.76118444
2023-09-27	4.6821561	4.72676187	4.84950797	5.04809428	5.05559392	5.12878153	5.19324166	5.39425674	5.58328574	5.7971979	5.95762159	6.08752312	6.22692635	6.35812287	6.49810482	6.64715567
2023-09-26	4.68548145	4.73479458	4.84844067	5.05312889	5.06224857	5.14700919	5.20962596	5.43341849	5.63447101	5.84387244	6.01265514	6.14840959	6.29413442	6.42861141	6.57199277	6.72485959
2023-09-25	4.64861513	4.70692596	4.84841879	5.04854255	5.06459684	5.14826213	5.21762262	5.44856225	5.65031413	5.87788912	6.04087281	6.18488895	6.34043554	6.47447773	6.61651002	6.76795813
