DATE 	1	7	30	90	180	270	360	720	1080	1440	1800	2160	2520	2880	3240	3600
20200306	8.051485	8.062321	8.104358	8.22396	8.393201	8.492391	8.572089	8.770682	8.930412	9.232427	9.610588	10.082187	10.591115	11.142553	11.735024	12.371602
20200305	8.016535664	8.048646774	8.102802505	8.224502556	8.401055278	8.492245815	8.572144249	8.751695423	8.911092557	9.181149476	9.522809125	9.976765194	10.46749723	11.0106382	11.59501088	12.22266929
20200304	8.050352148	8.074009384	8.102297474	8.232799063	8.400874344	8.492216432	8.572121804	8.751831393	8.89126145	9.181133187	9.523521976	9.977425485	10.4681	11.00649111	11.58509625	12.2062405
20200303	8.001825493	8.038139069	8.105293991	8.223374924	8.38451787	8.49113964	8.563166253	8.752018353	8.881458958	9.191720986	9.524073913	9.995334113	10.50682216	11.0394033	11.60881605	12.21951426
20200302	8.031414917	8.060541524	8.098410419	8.215025692	8.384402416	8.482062095	8.55413646	8.733099761	8.871884239	9.192284582	9.547112046	10.01441765	10.51989931	11.04317914	11.60187735	12.20047561
20200228	8.013451601	8.03499623	8.098410419	8.215025692	8.384402416	8.482062095	8.55413646	8.733099761	8.871884239	9.192224313	9.558100899	10.04448863	10.57136999	11.11325579	11.69234341	12.31383856
20200227	8.014506675	8.048025988	8.098410419	8.215025692	8.384402416	8.482062095	8.55413646	8.733247629	8.852147213	9.182926597	9.536626856	10.02134517	10.54710653	11.08753488	11.66499746	12.2847041
20200226	8.031414917	8.060541524	8.098410419	8.215025692	8.386668405	8.498886319	8.563271572	8.752060843	8.871380828	9.21231344	9.57984367	10.06725206	10.59529234	11.13865031	11.71937732	12.3426737
20200225	8.031414917	8.060541524	8.098410419	8.215025692	8.386668405	8.498886319	8.563221502	8.761317034	8.910640312	9.253684042	9.62286256	10.12442349	10.66883344	11.2080711	11.78203014	12.39754783
20200224	7.997598433	8.03550876	8.098410419	8.215260402	8.396785225	8.516961903	8.581130878	8.82742078	8.988659171	9.314008433	9.685295788	10.17810979	10.71224226	11.25351581	11.83091007	12.45021984
20200221	8.04303257	8.053860031	8.095939134	8.215872691	8.396790395	8.515567086	8.572109718	8.817913044	8.988877041	9.314458007	9.674590144	10.14818766	10.66074666	11.20715227	11.79302386	12.42201692
20200220	8.039869038	8.063601479	8.091695191	8.21480969	8.376586048	8.489928033	8.554170991	8.751743012	8.930887352	9.233352211	9.589115565	10.07056618	10.59237194	11.1257713	11.69501498	12.30536302
20200219	8.065231401	8.085575979	8.098410419	8.214789281	8.374864586	8.467343059	8.509553803	8.676442564	8.833758668	9.153044571	9.483626437	9.994618401	10.55229939	11.06670818	11.60938326	12.1898621
20200218	8.048323159	8.073058752	8.098410419	8.214789281	8.374864586	8.468905531	8.51812261	8.676391575	8.833624975	9.152695988	9.52767518	10.03097086	10.5768323	11.11061533	11.67794644	12.28616403
20200217	8.039869038	8.06899911	8.106787199	8.215005282	8.381133534	8.451763281	8.508987498	8.648031533	8.814388059	9.133001054	9.484818814	9.99686846	10.55438027	11.08770194	11.65334891	12.25970204
20200214	8.013451601	8.03499623	8.098410419	8.215025692	8.381143873	8.449222536	8.490808782	8.657525671	8.833927022	9.195413684	9.52882411	10.0718931	10.66687716	11.22364162	11.81385997	12.44773674
20200213	8.018733735	8.046588198	8.087951228	8.21559546	8.383285792	8.470165533	8.527100606	8.685421714	8.891931565	9.277192213	9.659222807	10.22932593	10.85287466	11.45153186	12.08966671	12.77745794
20200212	8.012308603	8.044470418	8.09848449	8.214557972	8.366019476	8.45994206	8.508771681	8.723360875	8.951020506	9.338974463	9.723643329	10.29715704	10.92461836	11.53777457	12.1931248	12.90033945
20200211	8.010279614	8.043797194	8.094137857	8.197609489	8.35895097	8.458507489	8.500594798	8.742490222	8.960809794	9.359332357	9.76762127	10.35674321	11.00097862	11.62482627	12.29144571	13.01132314
20200210	8.00436173	8.037878576	8.088272764	8.198330629	8.385911926	8.487045066	8.535824801	8.789187582	9.04855522	9.440938223	9.875034935	10.48347644	11.14875082	11.78336843	12.46081076	13.19270416
20200207	7.996548431	8.018079366	8.081571003	8.198347637	8.385918819	8.489846798	8.5538723	8.808058584	9.067790486	9.471649355	9.896307836	10.5053674	11.17206728	11.81826367	12.50972912	13.25756109
20200206	7.99252596	8.024645836	8.078857304	8.198745624	8.376941024	8.482286786	8.554043227	8.770483143	8.989444823	9.357747445	9.765148013	10.35442981	10.9988183	11.62270864	12.28937209	13.0092997
20200205	8.006052554	8.038135686	8.092414018	8.215978141	8.393397443	8.488235932	8.544802797	8.789231772	9.028638286	9.420039537	9.819611144	10.41730002	11.07220365	11.68177021	12.32971313	13.02819632
20200204	8.00436173	8.036422179	8.090772667	8.214814793	8.375733071	8.479421103	8.535999181	8.741749183	9.009969152	9.337953147	9.731690665	10.31873131	10.9612425	11.55340078	12.18150853	12.85770064
20200203	7.997598433	8.029573226	8.084208948	8.214831801	8.374885264	8.467356886	8.509562435	8.732844816	8.951045264	9.317771174	9.700907715	10.27336279	10.89959793	11.46738856	12.0675148	12.71212455
20200131	8.01767697	8.036085567	8.088124622	8.214821596	8.374880095	8.468914173	8.517979307	8.704440584	8.91175772	9.276763815	9.658157553	10.21618502	10.82562228	11.39749908	12.00441621	12.65687017
20200130	8.014506675	8.043629734	8.081571003	8.196696159	8.321039172	8.406099011	8.454724143	8.620004619	8.834920641	9.217398841	9.663425894	10.2185	10.82025809	11.39551139	12.00733219	12.66535029
20200129	8.001825493	8.029674717	8.071113496	8.196728474	8.321054681	8.404711108	8.445768592	8.601137016	8.815708482	9.176792189	9.553481043	10.09369064	10.68251337	11.23940705	11.83037514	12.46507417
20200128	7.986946241	8.018996168	8.073443372	8.196723371	8.320196535	8.401193818	8.472780275	8.620176281	8.805293644	9.175941908	9.553114158	10.0933502	10.68219719	11.23909923	11.83007847	12.46478401
20200127	8.010279614	8.034055747	8.062120578	8.180502832	8.336856289	8.404567651	8.445571767	8.629644925	8.825512625	9.155181678	9.530137173	10.04528509	10.60495068	11.15065382	11.73105353	12.35396067
20200124	8.032383759	8.042579302	8.066743294	8.180485824	8.33712683	8.404562466	8.445568314	8.629643226	8.825510974	9.155180049	9.530135563	10.04528509	10.60495068	11.15065382	11.73105353	12.35395914
20200123	8.018733735	8.042406767	8.070754924	8.197199596	8.335351949	8.395476278	8.436377953	8.629639826	8.835336574	9.186425457	9.574451424	10.0922133	10.65416603	11.20279945	11.78645099	12.41294123
20200122	7.997598433	8.025393487	8.067010961	8.197209801	8.335357118	8.395479735	8.436479819	8.610569967	8.835638621	9.166302124	9.530471875	10.04502224	10.60470926	11.15996736	11.75198802	12.38802316
20200121	8.014506675	8.038127229	8.066652389	8.196502267	8.311358318	8.386649351	8.42757779	8.592261543	8.757540537	9.073627936	9.422646268	9.925398625	10.47220725	11.02357909	11.61235304	12.24496835
20200120	7.997598433	8.031112507	8.081571003	8.19693257	8.327485608	8.395529859	8.436467733	8.620417629	8.796215734	9.134913373	9.487145638	10.01105285	10.58237094	11.1371406	11.72743815	12.36156727
20200117	8.021904031	8.03324551	8.073152137	8.188593542	8.327676882	8.395566155	8.436493631	8.620432926	8.796225637	9.134742339	9.520207137	10.05943307	10.64642035	11.21065587	11.81080257	12.45594655
20200116	7.989144312	8.022656612	8.073152137	8.188358832	8.320237891	8.395631834	8.436642114	8.601388561	8.796093595	9.177280857	9.48810308	10.02167611	10.60709542	11.16438051	11.7562859	12.3921861
20200115	7.997598433	8.026716253	8.064731588	8.180018103	8.321147733	8.403418266	8.437170434	8.620132091	8.835211134	9.217991758	9.5971452	10.1334459	10.71767498	11.28593455	11.89115109	12.54189763
20200114	7.980859273	8.01283228	8.067536193	8.19854663	8.364435869	8.441686722	8.490686198	8.695090914	8.93147164	9.381695417	9.815004161	10.37674039	10.98751363	11.59320415	12.24100711	12.93951322
20200113	8.014506675	8.039233481	8.064731588	8.180727337	8.348101796	8.434451649	8.49079497	8.685518593	8.951636153	9.360995455	9.814387859	10.35900118	10.94834134	11.5550064	12.2062321	12.90870961
20200110	7.928932372	7.945971677	8.064731588	8.180727337	8.348101796	8.434451649	8.490895109	8.666431737	8.951721981	9.37207518	9.814986461	10.35897902	10.94831954	11.55498784	12.20621058	12.9086867
20200109	7.955327828	7.991574982	8.059098809	8.181191656	8.348110412	8.433062017	8.48178417	8.676099238	8.941777543	9.3821906	9.860063448	10.39568458	10.97304558	11.56554814	12.2006261	12.88470934
20200108	7.959554889	7.997456388	8.060460709	8.163547546	8.328376495	8.395664674	8.436666285	8.600814086	8.874199931	9.332908469	9.797622174	10.32917089	10.90264605	11.48554695	12.10940376	12.78090618
20200107	7.954313334	7.992212684	8.055265624	8.162180102	8.296766385	8.335250257	8.391279061	8.535337504	8.79741897	9.200178194	9.623416106	10.13254017	10.68232023	11.24086882	11.83776423	12.47917104
20200106	7.991849631	8.020966786	8.058869862	8.144029152	8.274707891	8.340494216	8.373844483	8.52632776	8.749093129	9.09686734	9.491715611	9.993552751	10.5364389	11.09563415	11.69422642	12.33782509
20200103	7.979643571	7.998736866	8.047809684	8.144796214	8.282570785	8.341916687	8.382490984	8.526553811	8.709359943	9.107153793	9.493175106	9.994333383	10.53716004	11.08680786	11.67379612	12.30427266
20200102	8.017211994	8.041938217	8.067246642	8.14610413	8.301062286	8.362363633	8.418496202	8.582565148	8.816056744	9.240077906	9.666026273	10.17731966	10.72955282	11.29113194	11.89139704	12.53652369
20200101	7.993371372	8.022489152	8.060378221	8.146121138	8.301070902	8.359822889	8.400576466	8.544994807	8.757944917	9.147949397	9.524365168	9.996564441	10.50645146	11.04745771	11.62727265	12.24971007
20191231	7.980690191	8.009804464	8.047809684	8.146153453	8.301088134	8.359833259	8.400583373	8.544998206	8.758468134	9.075190043	9.468345994	9.933333208	10.43350534	10.96493362	11.5341842	12.14483793
20191230	7.96800901	8.001516029	8.052082246	8.162258338	8.296769831	8.333979885	8.382269987	8.526599701	8.700138437	9.013932297	9.382467519	9.818504226	10.28674243	10.79826434	11.34675145	11.93427816
20191227	7.971192832	7.984800456	8.056272319	8.161174928	8.28333071	8.349395465	8.38284665	8.498215864	8.670719407	9.014798868	9.362201944	9.807931643	10.2888202	10.80130853	11.34970586	11.93712471
20191226	7.997091186	8.026208798	8.064022861	8.135113553	8.262504293	8.302858354	8.328669622	8.387134785	8.506641963	8.812208667	9.150111768	9.597840161	10.08132856	10.58675672	11.12662653	11.70480344
20191225	7.989144312	8.018260358	8.056147745	8.134822716	8.254665524	8.301615636	8.319429192	8.395202933	8.545749598	8.853295842	9.192763773	9.642424886	10.12809544	10.63167241	11.16902429	11.74429332
20191224	7.998274763	8.022996607	8.048439289	8.135014907	8.254675863	8.301620821	8.319434372	8.395352501	8.526085195	8.853261635	9.193436396	9.648956547	10.14140312	10.66007864	11.21502667	11.810065
20191223	7.96175296	7.995257415	8.045759258	8.135572769	8.262526695	8.297287728	8.29213781	8.376530788	8.516462611	8.895171401	9.260566719	9.725852807	10.2281491	10.74749694	11.30216479	11.89674452
20191220	7.975418201	7.987872251	8.043580891	8.135627195	8.262528418	8.300082547	8.310306167	8.423302931	8.603833367	8.976138742	9.388723876	9.874239486	10.39697621	10.91784616	11.47208476	12.06588259
20191219	7.98271918	8.011832593	8.049821391	8.143765528	8.262340591	8.297256616	8.292113639	8.395303211	8.545969119	8.874070732	9.236743323	9.760637665	10.33084591	10.81392458	11.31778842	11.85509376
20191218	7.96800901	8.001516029	8.051999757	8.143711103	8.262338867	8.297254888	8.292113639	8.376738143	8.487570099	8.81260123	9.194763941	9.717661708	10.28535466	10.76562595	11.26641984	11.80037234
20191217	7.97223607	8.005743131	8.056188147	8.143605653	8.263465831	8.3049549	8.292113639	8.367339183	8.467965115	8.812562137	9.239395194	9.754604785	10.31055731	10.80046705	11.31404084	11.86227887
20191216	7.942646647	7.98493916	8.060295733	8.128932842	8.280048042	8.29422155	8.274580648	8.330817514	8.390906864	8.690693315	9.067129756	9.583826779	10.14443722	10.62578667	11.12881237	11.66552277
20191213	7.937384802	7.953273957	8.056105659	8.126038079	8.242468819	8.255616057	8.219593873	8.282677167	8.45166449	8.601073299	8.924815338	9.415379586	9.948546188	10.4087367	10.88924554	11.40109067
20191212	7.93097996	7.973269382	8.048816379	8.140853757	8.208461758	8.240739737	8.220465775	8.265556785	8.451090106	8.714105381	9.067652728	9.583185488	10.14384068	10.65305752	11.18976663	11.76427878
20191211	7.976463131	8.005575671	8.043622977	8.143922002	8.263481339	8.307758361	8.310287175	8.39517064	8.545752899	8.863360767	9.258386327	9.7492892	10.27911357	10.80324982	11.36091786	11.95878238
20191210	7.948902696	7.986799829	8.049821391	8.143277398	8.251096807	8.275684483	8.301234937	8.37670415	8.507049643	8.833079662	9.238169026	9.716667312	10.23146356	10.74239855	11.28562503	11.86731991
20191209	7.953129757	7.991028622	8.054011464	8.142682118	8.240978263	8.256231366	8.274359651	8.321656503	8.488537309	8.793956931	9.174517675	9.631128675	10.12210356	10.62068209	11.15147154	11.71937219
20191206	7.958515032	7.973267691	8.060378221	8.142522243	8.246630311	8.301727982	8.319451637	8.404865335	8.526029077	8.85300427	9.193270654	9.631081172	10.10307814	10.58579458	11.09930979	11.64786006
20191205	7.938419586	7.980710367	8.056188147	8.142136161	8.241733019	8.319094923	8.328591928	8.39540009	8.506118745	8.873458269	9.259818466	9.726293002	10.22855406	10.7199059	11.24068329	11.79715928
20191204	7.980690191	8.009804464	8.047809684	8.143816552	8.265740435	8.334296181	8.382454726	8.536391275	8.680566463	8.992966826	9.371668545	9.837546592	10.33959932	10.87045397	11.43895296	12.04892389
20191203	7.984917252	8.014031565	8.051999757	8.143711103	8.265735266	8.331542844	8.364804331	8.508211394	8.641892917	8.952718531	9.307616518	9.769362381	10.26812352	10.78065044	11.32735105	11.91289538
20191202	8.003516318	8.032636564	8.07043002	8.142760355	8.256731623	8.324046782	8.364735269	8.451622182	8.583394865	8.933790804	9.256070767	9.731299817	10.24785206	10.77911752	11.34679296	11.95599232
20191129	7.951753426	7.97082514	8.019997629	8.10937363	8.229443261	8.288315615	8.328533226	8.433094505	8.584266345	8.934316936	9.366733297	9.816640525	10.29678549	10.83718292	11.41951105	12.04515342
20191128	7.955327828	7.984435088	8.022511	8.108820869	8.219328164	8.270340277	8.310501266	8.395270918	8.584721891	8.956430776	9.368039923	9.852481533	10.37401175	10.89342924	11.44606383	12.03809353
20191127	7.944337471	7.973441917	8.011619166	8.11056249	8.24741436	8.300486992	8.310482274	8.451486211	8.661794996	9.120777847	9.497896338	9.986128033	10.5147158	11.06656896	11.65768522	12.29287116
20191126	7.934192526	7.967690758	8.018320926	8.110395811	8.247405744	8.303274898	8.328647177	8.451392732	8.661529261	9.120442295	9.519798414	10.01018038	10.53981721	11.10742264	11.71757731	12.3742485
20191125	7.938588669	7.972087012	8.022761832	8.127854534	8.264999465	8.32535518	8.373620033	8.488616349	8.719547008	9.139306495	9.582804498	10.06666936	10.58578663	11.1458385	11.74778083	12.39507999
20191122	7.962740401	7.975182488	8.030971952	8.127648737	8.26499085	8.326620367	8.382475445	8.526351555	8.757903653	9.242574998	9.625860398	10.10835957	10.63009727	11.22202826	11.86251239	12.55340298
20191121	7.938588669	7.972087012	8.022761832	8.127854534	8.264999465	8.32662728	8.382280346	8.56372304	8.856139842	9.303493935	9.799862104	10.33299805	10.90618012	11.52802327	12.1995132	12.92513077
20191120	7.936052432	7.969549736	8.020248461	8.126937802	8.248174285	8.317734674	8.373333427	8.545693355	8.73789759	9.283686606	9.715544501	10.22852947	10.78273212	11.40533693	12.07985199	12.80914728
20191119	7.951100768	7.984602548	8.035160342	8.127543288	8.263851824	8.318868503	8.382490984	8.507499249	8.738760817	9.180162367	9.648480153	10.16072528	10.71127813	11.33880411	12.01980926	12.7566234
20191118	7.985762664	8.010481071	8.036081182	8.144110791	8.263489955	8.316263807	8.364327806	8.507572333	8.738564404	9.242871456	9.71594196	10.27987545	10.89057351	11.55307749	12.27065879	13.04887205
20191115	7.961894989	7.980975935	8.030051112	8.109611742	8.237278585	8.290788952	8.34629412	8.489029359	8.719688954	9.202087255	9.672493428	10.23420449	10.84236434	11.48197838	12.17180295	12.91842059
20191114	7.963781949	7.988494729	8.014132536	8.110501261	8.245146648	8.288194627	8.328343307	8.451334944	8.681030262	9.161733082	9.630211527	10.177497	10.76890267	11.43191944	12.1522396	12.93380177
20191113	7.958878559	7.983589329	8.009274139	8.108664396	8.214580789	8.285906228	8.31066356	8.470554371	8.681074826	9.182151245	9.674580489	10.24948937	10.87164154	11.52366117	12.22724037	12.98949596
20191112	7.959554889	7.988663881	8.026701073	8.10920525	8.232245161	8.301259586	8.310565147	8.469971397	8.739934343	9.223640756	9.739467664	10.35564589	11.02455208	11.70940921	12.44837673	13.25079288
20191111	7.90375769	7.946039338	8.021674332	8.110310771	8.247402298	8.30047835	8.310475367	8.469923808	8.739454039	9.285926333	9.862951863	10.53153047	11.2582323	11.98227547	12.76330403	13.61350453
20191108	7.928932372	7.942498992	8.014132536	8.109521599	8.232260669	8.306361816	8.346516843	8.488527968	8.777842044	9.358170957	9.939881881	10.6251652	11.37145656	12.1197883	12.92864942	13.81064546
20191107	7.938419586	7.97191786	8.022511	8.109800531	8.239553189	8.306289223	8.346413251	8.497799455	8.807064662	9.410205916	10.00651498	10.70233698	11.46025072	12.22055741	13.04291523	13.94027839
20191106	8.007067048	8.022998298	8.023516012	8.110264849	8.250791803	8.334768034	8.382599755	8.544399936	8.894780378	9.471064583	10.09223737	10.79444053	11.55829046	12.32592838	13.15660306	14.06335231
20191105	8.006052554	8.021983388	8.022511	8.110778491	8.257512226	8.325476167	8.373509534	8.525862061	8.83619815	9.387965022	9.981561962	10.6638358	11.40577242	12.17158899	13.00248964	13.90982449
20191104	8.022960796	8.030104362	8.005755756	8.112350032	8.283625375	8.343342615	8.391765944	8.506787103	8.806409402	9.367331846	9.948946196	10.63495715	11.38206968	12.13640758	12.95260442	13.84302812
20191101	8.013451601	8.02043565	7.997293121	8.094711023	8.252321992	8.339844338	8.365063312	8.526094911	8.806897958	9.346177424	9.937334604	10.62956081	11.38327367	12.13815706	12.95434294	13.84475224
20191031	8.021269972	8.032809098	8.020711406	8.081533217	8.181040712	8.272307194	8.31945509	8.469990093	8.778568277	9.369685595	9.963468732	10.64428674	11.38457578	12.17922421	13.04608176	13.99501201
20191030	8.028033268	8.039575167	8.027288593	8.05746348	8.194598733	8.253936054	8.301247023	8.451419926	8.739919489	9.30747006	9.942533752	10.63685885	11.39017048	12.17565719	13.02980024	13.96400988
20191029	8.024989785	8.036530436	8.024231472	8.048267248	8.174563258	8.219298962	8.273967727	8.432769876	8.740483969	9.329541549	9.943471884	10.69890251	11.52587793	12.33652735	13.21412179	14.17518203
20191028	8.018733735	8.030271822	8.018031375	8.047444061	8.158877103	8.21943032	8.274062686	8.432526828	8.779639471	9.392297875	10.032736	10.79458462	11.62762464	12.46670814	13.37890305	14.37988833
20191025	8.00499917	8.016831026	8.022303937	8.066862107	8.210121186	8.255057784	8.30999021	8.488643543	8.83722808	9.473916773	10.11970065	10.84919089	11.64382623	12.49192014	13.4192979	14.43790222
20191024	7.997598433	8.00913124	7.997377293	8.111426497	8.247431592	8.308793672	8.363851282	8.620305453	8.973063322	9.594971149	10.29265802	11.04793391	11.86987292	12.69469119	13.58987884	14.57058023
20191023	7.946873707	7.975977502	8.014132536	8.109521599	8.229450154	8.29086673	8.345950539	8.563925296	8.895064269	9.513166558	10.13789364	10.85511926	11.63666931	12.42128044	13.27105332	14.19968472
20191022	7.938419586	7.97191786	8.022511	8.1093107	8.229439815	8.290858088	8.346045498	8.545159671	8.856148095	9.429575072	10.0712348	10.79834369	11.59017344	12.3618337	13.19455844	14.10359965
20191021	7.989144312	8.005071598	8.00571367	8.101437692	8.229641428	8.293447228	8.363894445	8.601527931	8.953755433	9.553491411	10.24817159	10.98814189	11.79200339	12.56814703	13.40484251	14.31800777
20191018	7.992321371	8.004144647	8.009903744	8.101332242	8.229636258	8.293443771	8.363890992	8.601527931	8.953605234	9.574567647	10.27107777	11.0249868	11.84534	12.63678356	13.49067252	14.42358086
20191017	8.068274884	8.075430259	8.050619339	8.098352439	8.191405671	8.240827885	8.318519307	8.55483397	8.90573659	9.513754588	10.1834759	10.94342733	11.77254964	12.55944449	13.40690998	14.33256125
20191016	8.029216845	8.040757538	8.028669011	8.098415368	8.183584133	8.240907391	8.318429527	8.583239902	8.935307469	9.512767479	10.2042564	10.96681463	11.79750309	12.6124084	13.49447851	14.4601295
20191015	8.027187856	8.038729409	8.026701073	8.107247628	8.19238444	8.248562465	8.318695414	8.535803202	8.896232844	9.472239014	10.13867891	10.87082375	11.66706638	12.44427117	13.28329214	14.19943122
20191014	8.010279614	8.021815928	8.009861658	8.090101853	8.175940083	8.23974418	8.309802018	8.517365606	8.837561487	9.410275958	10.02794557	10.77627538	11.59473705	12.36859341	13.20129117	14.11028234
20191011	8.00499917	8.016831026	8.022428512	8.089787204	8.180994186	8.270881266	8.310078264	8.52655891	8.857178025	9.409999046	10.00421551	10.77518123	11.62192402	12.40501693	13.24620064	14.16493503
20191010	8.006052554	8.017587135	8.005755756	8.108752837	8.212631866	8.281981037	8.3370088	8.544865635	8.915575394	9.471830162	10.09188818	10.88202813	11.74998079	12.54876508	13.40701758	14.34518751
20191009	8.048323159	8.051469917	8.013481046	8.108541938	8.214575619	8.28845043	8.328030803	8.544717767	8.934937751	9.555708334	10.25076392	11.0412534	11.90506567	12.70363813	13.56178429	14.49946515
20191008	7.997598433	8.00913124	7.997377293	8.110955375	8.230602965	8.302445267	8.372720506	8.65748318	9.11100959	9.741542121	10.44702011	11.26293878	12.15674178	12.95448508	13.80799931	14.73968318
20191007	7.980690191	7.995939097	7.998582633	8.128616493	8.267570458	8.347734474	8.417807313	8.73282782	9.168641113	9.823265267	10.51142937	11.27921806	12.11715519	12.92970155	13.80749973	14.76742185
20191004	8.045737889	8.052745321	8.02942319	8.117432025	8.232198635	8.314701335	8.399842688	8.67650375	9.090579341	9.719545561	10.40123349	11.13672175	11.93652343	12.72285921	13.57236298	14.49998589
20191003	8.031414917	8.04295651	8.030805292	8.092513589	8.229791345	8.29090994	8.345484373	8.657840103	9.091975688	9.678816743	10.31069171	11.06388225	11.88775666	12.66210848	13.49434017	14.40211867
20191002	8.031414917	8.04295651	8.030763206	8.084218782	8.229972279	8.290939322	8.345505092	8.658146036	9.052724457	9.593920514	10.31173283	11.00645746	11.75520636	12.5667162	13.45310758	14.42387712
20191001	7.993371372	8.0092987	8.009819572	8.084742628	8.229998127	8.294774637	8.372694608	8.658003267	9.052315125	9.593949834	10.24303359	10.96823181	11.75753334	12.51001511	13.31894486	14.2001566
20190930	8.014506675	8.026043029	8.013965876	8.075366112	8.212214856	8.278161278	8.364082638	8.563717941	8.935079696	9.449960657	10.06775583	10.79384516	11.58590576	12.31647407	13.09832652	13.94876461
20190927	7.971192832	7.980170773	7.988791766	8.0691837	8.230799408	8.296122787	8.382261354	8.573030219	8.934492108	9.470383706	10.09015352	10.77996003	11.52915968	12.27337283	13.07658964	13.95174861
20190926	7.984917252	8.000842805	8.00135862	8.069153086	8.2290745	8.275530656	8.346000608	8.544724565	8.935338829	9.471978392	10.04614984	10.74353632	11.50467661	12.23796713	13.02649229	13.88479341
20190925	7.951100768	7.975810041	8.001565683	8.110814208	8.247424699	8.306244285	8.346282034	8.515863132	8.935672236	9.430544263	10.02363146	10.77097246	11.58968904	12.31217849	13.08131331	13.91711651
20190924	7.988620157	7.998620152	8.005755756	8.11120029	8.257534627	8.328037653	8.39089059	8.667303648	9.03183371	9.593410671	10.22038165	10.98094677	11.8136455	12.5731093	13.38611691	14.27188711
20190923	7.941610171	7.957494292	7.995772978	8.145345572	8.264673783	8.324046782	8.36383747	8.619974025	8.993115599	9.55280239	10.22308662	10.99225882	11.83221768	12.60874239	13.44211847	14.35134487
20190920	7.921511344	7.941815619	7.954449661	7.888007566	7.94227272	7.957814844	7.949520206	8.246969621	8.669085383	9.33986058	10.04622868	10.84883779	11.72593228	12.51152173	13.35249015	14.27073414
20190919	7.921511344	7.941815619	7.954574236	7.914351274	7.967519107	7.985673159	8.029672994	8.303074438	8.706722397	9.358030872	10.06509752	10.8439909	11.69288426	12.5056329	13.38331007	14.34410172
20190918	7.938419586	7.954332847	7.954491747	7.89532101	7.934554574	8.023744578	8.075324379	8.331325704	8.705971407	9.335776948	10.01842104	10.79354747	11.63946822	12.44841826	13.32176554	14.27765964
20190917	7.929965465	7.94587526	7.94598871	7.869678033	7.911279511	7.969507455	8.021138718	8.25668981	8.609559052	9.234134079	9.93368989	10.71707082	11.57141279	12.37577695	13.24266365	14.19122599
20190916	7.886673603	7.905700034	7.954449661	7.884583853	7.885131898	7.949079521	7.984966026	8.247644374	8.590520199	9.234798667	9.957727302	10.73101295	11.57191899	12.37516749	13.2420534	14.19061514
20190913	7.722839502	7.791453267	7.941633659	7.83466194	7.881861292	7.964785472	7.986252297	8.209555645	8.610372763	9.256572068	10.02586978	10.81805743	11.67837416	12.50074642	13.38923272	14.3625845
20190912	7.853878377	7.891751783	7.954325087	7.860199468	7.89767841	7.967115352	8.003322575	8.228362061	8.609618471	9.297721141	10.04819989	10.82792855	11.67492108	12.5013961	13.3963728	14.37726168
20190911	7.925738405	7.954836919	7.992025648	7.859257224	7.897633607	7.967085969	8.003498682	8.19056057	8.590449227	9.256725184	10.04959019	10.81907083	11.6509707	12.45876664	13.33211365	14.28798299
20190910	7.951100768	7.975810041	8.000735749	7.931250433	7.999678913	8.058716979	8.111303699	8.33985955	8.753699756	9.449928079	10.19793246	11.01211665	11.90056592	12.70990903	13.5788928	14.52912799
20190909	7.955471548	7.972120842	8.006097494	7.934051653	8.048991304	8.078901208	8.147471212	8.320675816	8.723688186	9.418332458	10.17605935	10.98945139	11.87623861	12.6836591	13.55047392	14.49825261
20190906	7.946873707	7.971581248	7.996712335	7.965502866	8.016910765	8.071011072	8.094062493	8.302141341	8.705040508	9.398722226	10.13224876	10.97968319	11.90854212	12.72124894	13.59020932	14.54039052
20190905	7.946873707	7.971581248	7.996463187	7.914283242	7.992200289	8.050641904	8.05803483	8.226903778	8.667063485	9.359584835	10.09066201	10.90984588	11.80512572	12.60793184	13.46825622	14.40868682
20190904	7.962936537	7.987648971	8.012795888	8.001211185	8.070017611	8.13006524	8.18379584	8.338510043	8.801611314	9.459067793	10.21751576	11.08473131	12.03559272	12.84850929	13.71520599	14.66244891
20190903	7.942646647	7.9717504	8.009280872	7.966166179	8.038469535	8.104780509	8.112123805	8.244885873	8.704891961	9.420945201	10.17914247	11.00510363	11.9068771	12.7384189	13.63363236	14.61425748
20190902	7.944799066	7.957392801	8.014050048	8.091954025	8.216372902	8.309504043	8.364269104	8.581321019	9.10165274	9.775424706	10.56467598	11.41752619	12.35000367	13.18502661	14.08051501	15.06032716
20190830	7.963781949	7.988494729	8.014050048	8.092933686	8.234059675	8.324459869	8.365141006	8.581625253	9.04197126	9.743697145	10.52077367	11.37007228	12.29913266	13.13019101	14.02120243	14.99595127
20190829	7.963781949	7.988494729	8.014215025	8.129046796	8.286949399	8.381052799	8.436557513	8.656541585	9.109459743	9.761455327	10.4919748	11.32477343	12.23713453	13.04179046	13.90179638	14.84077874
20190828	7.979643571	7.995744572	8.032904537	8.15595687	8.335248558	8.461469963	8.56285375	8.845052751	9.283806779	9.944464615	10.68634346	11.4936339	12.37523592	13.17749812	14.03742861	14.97595054
20190827	7.963781949	7.991566525	8.033335497	8.166700831	8.379989339	8.516052766	8.671118026	8.996165238	9.429768016	10.06560695	10.81417718	11.59147423	12.43706272	13.20966782	14.03632647	14.93620715
20190826	7.970545246	7.994025991	8.023133871	8.166952549	8.380001401	8.513263132	8.65306362	8.977328228	9.400141019	10.06661524	10.80463977	11.56761031	12.39695123	13.18158179	14.02495923	14.94427953
20190823	7.953637004	7.98129394	8.023492443	8.166952549	8.37660328	8.487326794	8.634713977	8.968219906	9.370987724	10.00343214	10.7017462	11.49540259	12.36370541	13.14352789	13.9769647	14.88487901
20190822	7.941124905	7.972802524	8.028547803	8.18245365	8.36279712	8.501584348	8.625896549	8.958401138	9.400821037	10.06744271	10.84035958	11.60716446	12.43872618	13.24230622	14.10892775	15.05503873
20190821	7.942962831	7.963468731	8.031537587	8.182382217	8.36279195	8.500182617	8.61681496	8.958305959	9.421195168	10.04624594	10.79303784	11.56887072	12.41276811	13.20484012	14.05592518	14.98411301
20190820	7.960907548	7.988447367	8.030977002	8.182382217	8.36279195	8.500182617	8.61686503	8.948723439	9.420987201	10.08944579	10.81679043	11.59273147	12.43825736	13.22690584	14.07350559	14.99643537
20190819	7.995569444	8.014769067	8.031078008	8.182361807	8.36279195	8.505777441	8.652980747	8.986246192	9.499813169	10.17317736	10.9054656	11.66114845	12.4823842	13.2887672	14.1598567	15.11102307
20190821	7.980690191	8.003882462	8.033835477	8.20085972	8.396099398	8.52475352	8.679792151	9.052409425	9.578446024	10.25600001	11.01677983	11.78076256	12.61008742	13.43715588	14.33290016	15.31229793
20190820	8.038276281	8.044950809	8.024238206	8.201070619	8.396109737	8.520562156	8.652854709	8.995764125	9.479742735	10.12992539	10.85913991	11.61211428	12.43021107	13.24342922	14.12347536	15.0851704
20190819	8.022960796	8.033521227	8.024553008	8.201070619	8.396109737	8.52196043	8.661934571	8.995706337	9.479747687	10.1085136	10.8124747	11.56154417	12.37660345	13.17521653	14.03751162	14.97878335
20190808	8.039869038	8.046253278	8.024192753	8.201070619	8.396109737	8.526158708	8.689029128	9.024011991	9.51894115	10.1499347	10.85626115	11.63404641	12.48316297	13.2918578	14.16293254	15.11406816
20190807	7.989144312	8.008263491	8.024842559	8.183011513	8.372915664	8.518265115	8.635238845	8.929920422	9.341768408	9.919487183	10.58817111	11.34802614	12.17779357	12.96327424	13.80813611	14.72977367
20190806	7.995400362	8.010208736	8.014146004	8.183276838	8.369531328	8.489539144	8.599095503	8.85472705	9.2043206	9.753024181	10.38881893	11.14791029	11.97856939	12.73955583	13.55433679	14.44174905
20190805	8.003310037	8.014589766	8.022928492	8.183054033	8.369519265	8.48953223	8.598990185	8.873569159	9.243807858	9.794730335	10.43273894	11.19456773	12.0284171	12.79313849	13.61212144	14.50425268
20190804	7.978999367	7.997989216	8.014997823	8.183263232	8.368397472	8.476232209	8.562967701	8.807455215	9.165876477	9.691458574	10.34601084	11.09085444	11.9031935	12.64707471	13.44270874	14.30824181
20190801	8.020931807	8.035855521	8.039350415	8.200699844	8.396090782	8.509358681	8.581132605	8.825588577	9.244370688	9.79604648	10.47986437	11.25949798	12.11145145	12.87233377	13.68451827	14.56858275
20190731	7.997598433	8.021003999	8.050243933	8.200439622	8.396078719	8.512146587	8.599073058	8.86315382	9.322729555	9.943216884	10.6373836	11.41383204	12.26178426	13.07540646	13.95321261	14.91276428
20190730	7.989144312	8.012443231	8.042040547	8.20064882	8.393824793	8.502324102	8.634826202	8.939044041	9.400774823	10.06810241	10.79420286	11.59463951	12.46937246	13.29989365	14.19553402	15.17519891
20190729	7.969163843	7.987442605	8.040173616	8.184110231	8.394190108	8.502384596	8.634972958	8.919907897	9.401137939	10.04753114	10.73682395	11.49965569	12.33199844	13.17123959	14.08245797	15.08061041
20190728	7.989144312	8.017040774	8.058378298	8.183149278	8.385181296	8.492005567	8.616923732	8.8917994	9.342185992	9.963569891	10.63584526	11.39829856	12.23111461	13.05232601	13.94122128	14.91371568
20190725	8.006052554	8.029774516	8.058018043	8.183149278	8.385181296	8.48920902	8.598921123	8.86334078	9.323168596	9.900810306	10.57955253	11.37126302	12.23819678	13.03028813	13.87939084	14.80576333
20190724	7.980690191	8.008480006	8.050173229	8.183360177	8.385191635	8.489214205	8.598876233	8.873062669	9.303195544	9.879234001	10.56854437	11.32811605	12.15610007	12.96083177	13.8298607	14.77952124
20190723	7.986269911	8.014129673	8.055588844	8.183220712	8.386318598	8.499719407	8.617054949	8.882476924	9.302782912	9.878672033	10.56792807	11.36598861	12.23973719	13.06435272	13.9532203	14.92565168
20190722	7.988096001	8.006509388	8.058550009	8.183639109	8.393033851	8.493256927	8.626001868	8.882145496	9.341968122	9.98481716	10.70529436	11.50001988	12.36810236	13.20144016	14.10149869	15.08658146
20190721	7.989144312	8.017040774	8.058378298	8.182659447	8.376196608	8.481642094	8.599088597	8.825289442	9.303258264	9.944627504	10.63933711	11.44143128	12.31993369	13.15044692	14.04600746	15.02599132
20190718	7.963781949	7.995538207	8.050962761	8.19945996	8.375843355	8.475997147	8.562751884	8.826078071	9.224298604	9.870595986	10.59647269	11.37180139	12.21625874	13.04728021	13.94722079	14.93257413
20190717	7.984917252	8.012551488	8.05470504	8.199356212	8.375838186	8.480188512	8.589822269	8.854393922	9.253367722	9.901369016	10.59437276	11.3679679	12.21261564	13.03298273	13.91963504	14.88957797
20190716	7.963951032	7.99570905	8.051127737	8.199456559	8.375843355	8.478793694	8.580847726	8.835536517	9.224301905	9.817143891	10.50370547	11.25908629	12.08222254	12.89173892	13.76736928	14.72486855
20190715	7.966965771	7.979627796	8.055265624	8.199356212	8.375838186	8.478790238	8.580845999	8.83538695	9.243992717	9.859573273	10.54913647	11.30720207	12.13345802	12.95746584	13.85071679	14.82852205
20190714	7.938419586	7.978633184	8.059888341	8.197703033	8.359025067	8.479080609	8.580839093	8.854274948	9.284014746	9.837677705	10.52388093	11.28072549	12.10554212	12.90641847	13.77107689	14.71581271
20190711	7.963781949	7.995538207	8.050962761	8.197725143	8.359033683	8.479085794	8.580694064	8.883291048	9.243576783	9.858240839	10.52492044	11.26772867	12.07740505	12.89638873	13.78521255	14.75802393
20190710	8.006052554	8.029774516	8.058018043	8.180513036	8.341419284	8.465407253	8.589794645	8.874124938	9.204049913	9.805466363	10.48048228	11.22757122	12.04164534	12.83189155	13.68457822	14.61561662
20190709	8.006052554	8.029774516	8.058018043	8.180513036	8.343130407	8.479433202	8.580980669	8.855757026	9.095420343	9.689676566	10.39299949	11.13646048	11.9441336	12.73726186	13.59437501	14.53078339
20190708	8.0641628	8.072074289	8.064731588	8.180490926	8.344831191	8.497648786	8.599138667	8.883452513	9.20375942	9.793785578	10.57163071	11.37442039	12.24778347	13.08305715	13.98523305	14.97309329
20190707	8.05677728	8.067974051	8.05693896	8.180513036	8.34398683	8.48994186	8.599463256	8.807625178	9.115312519	9.711866964	10.43912725	11.20550767	12.03881372	12.85614142	13.7405229	14.70827788
20190704	8.05677728	8.067974051	8.05693896	8.180513036	8.34398683	8.48994186	8.599262978	8.84551675	9.164220996	9.795077289	10.57443062	11.35141311	12.19410108	13.01248087	13.89689748	14.86429797
20190703	8.052550219	8.06369282	8.052836425	8.180523241	8.343991999	8.482953948	8.553994884	8.826949982	9.125654734	9.733001839	10.46194493	11.17871915	11.95320008	12.74971859	13.61446406	14.55968573
20190702	8.004473324	8.018571598	8.056272319	8.163321339	8.327185774	8.45597193	8.527376852	8.694426358	9.009431079	9.52692581	10.19530634	10.90669485	11.67821374	12.44478937	13.27315461	14.17697182
20190701	8.026173362	8.046507005	8.059455698	8.163312835	8.324916339	8.434956341	8.491185168	8.647892163	8.891893603	9.44503	10.08772049	10.77885004	11.52811301	12.30311862	13.14447493	14.06362261
20190630	8.05677728	8.068325886	8.056272319	8.163321339	8.320391255	8.39827974	8.454846728	8.600890569	8.854055224	9.342251794	9.977164168	10.6744923	11.43119936	12.17950883	12.98718421	13.86768352
20190627	8.068274884	8.079826512	8.067665818	8.163292425	8.32377559	8.424442497	8.473015084	8.638938507	8.83357546	9.340958453	9.954177528	10.64911621	11.40448589	12.15100824	12.95665635	13.8348748
20190626	8.052550219	8.068495038	8.068837489	8.163290725	8.323773867	8.424440769	8.473413915	8.562830734	8.814680203	9.301509944	9.889076337	10.59144599	11.35711156	12.11129767	12.92543524	13.81353631
20190625	8.04725963	8.056312731	8.064649099	8.163300929	8.324911169	8.434951156	8.491532202	8.581302323	8.873057765	9.383874874	10.06700436	10.77168026	11.53402389	12.26905868	13.05956874	13.92008676
20190624	8.031414917	8.047352764	8.047892172	8.163341749	8.322112717	8.416749399	8.473146301	8.600113838	8.932310108	9.446577448	10.11024692	10.81632674	11.58173309	12.3203814	13.11496927	13.98007217
20190623	8.039869038	8.05106057	8.040101228	8.163363859	8.322124779	8.416756312	8.472851063	8.656595973	9.030018128	9.613105605	10.28794644	10.99168562	11.75407714	12.49917792	13.30174412	14.17564016
20190620	8.077912582	8.089168762	8.077879227	8.197650308	8.358997496	8.473470229	8.544885671	8.788123613	9.205360433	9.819282626	10.48345277	11.19795469	11.97419892	12.72025896	13.52216571	14.39475946
20190619	8.010955944	8.035681295	8.061172803	8.172141693	8.344965599	8.473864304	8.544908116	8.816753896	9.224841628	9.861011585	10.50521002	11.20712435	11.96993436	12.70448116	13.49353009	14.35132349
20190618	7.882446542	7.899170777	8.039983388	8.180565761	8.342301555	8.467543553	8.553943088	8.80747561	9.185763702	9.734153466	10.3459159	11.03144562	11.77661016	12.52292352	13.32872116	14.20629258
20190617	7.955327828	7.991574982	8.059098809	8.182659447	8.378462597	8.502662868	8.635157697	8.901689553	9.282611796	9.835913615	10.43058912	11.0760541	11.77527223	12.54461026	13.38367899	14.29964105
20190616	7.938419586	7.974451753	8.042690353	8.183081246	8.378483275	8.497081872	8.599060973	8.863770786	9.263541583	9.837737974	10.40981506	11.11591861	11.88825196	12.64973683	13.47133052	14.36683295
20190613	7.929965465	7.970072415	8.051683271	8.199949791	8.385960176	8.50526065	8.652927224	8.958416435	9.361249603	9.91880142	10.49461702	11.23162798	12.04039931	12.83639441	13.69677399	14.63671994
20190612	7.980690191	8.014200717	8.064731588	8.181669581	8.38630309	8.505307317	8.652861616	8.977533883	9.370794612	9.960523862	10.58574774	11.34328218	12.17329227	12.98000644	13.85125633	14.80344669
20190611	7.996548431	8.01565373	8.064731588	8.181669581	8.38630309	8.505307317	8.652761476	8.996489867	9.400388599	10.00247761	10.63031302	11.39059199	12.22379882	13.03439655	13.91004475	14.8671995
20190610	7.953129757	7.989348945	8.056965895	8.183203704	8.38858114	8.519343635	8.643949228	8.977572975	9.360695025	9.981930763	10.6093716	11.36820858	12.19975342	12.99777503	13.85800289	14.79735804
20190609	7.896148981	7.944604931	8.052402099	8.201419283	8.411783829	8.523045863	8.670551721	9.062457643	9.51878435	10.14921961	10.79733908	11.58159994	12.44231477	13.25461909	14.1290706	15.0842358
20190606	7.925738405	7.970180672	8.064349448	8.201102934	8.414034309	8.545459726	8.715766292	9.128848626	9.577675227	10.14625503	10.78072626	11.57685122	12.45242636	13.25077518	14.10629307	15.03948803
20190605	7.88769486	7.944613388	8.078163728	8.219337223	8.449600852	8.582658304	8.760863458	9.204764342	9.625806305	10.20698827	10.86888812	11.6590599	12.5258522	13.33969857	14.21525108	15.1714544
20190604	7.878221172	7.895841871	8.053536735	8.218498728	8.422672637	8.557176535	8.74261568	9.205124663	9.62619418	10.21834817	10.83451195	11.62012011	12.48458034	13.2901176	14.15566181	15.10037902
20190603	7.91559346	7.959698339	8.054933987	8.217457837	8.404696369	8.540639225	8.733870767	9.128931908	9.557198763	10.15695033	10.76992407	11.55116952	12.41056263	13.21022778	14.06915853	15.00642887
20190602	7.963781949	8.001683489	8.064731588	8.181905992	8.397553766	8.536695021	8.706943684	9.090753099	9.557872179	10.19050388	10.85274356	11.61528747	12.4492879	13.260296	14.13589863	15.09238301
20190530	7.980690191	8.01859697	8.081488515	8.181628762	8.3885484	8.527715994	8.697917345	9.071749525	9.548356879	10.16987071	10.83051644	11.59165632	12.42402762	13.24918658	14.14264674	15.11991704
20190529	7.955327828	8.002020101	8.089949467	8.199978705	8.452211478	8.596736104	8.75217034	9.16590398	9.675866852	10.33712209	11.00855227	11.74200012	12.54108968	13.40525379	14.35064352	15.38800049
20190528	7.951753426	7.980532757	8.087436096	8.199985508	8.452214924	8.596737832	8.752172067	9.16590398	9.675866852	10.33712372	11.00855227	11.74200012	12.54108968	13.40525379	14.35064352	15.38800049
20190527	7.929965465	7.974357028	8.068665779	8.210761784	8.443071704	8.591958812	8.770311073	9.165852991	9.675619273	10.33691848	11.0082932	11.76775624	12.59777346	13.49017394	14.46757321	15.54211167
20190526	8.027187856	8.05075948	8.07938927	8.219721604	8.460849806	8.609856371	8.788415547	9.184944945	9.654948046	10.31436158	11.0081178	11.7818488	12.62731232	13.51204012	14.47814421	15.53940714
20190523	7.991173301	8.018783037	8.060990992	8.210921659	8.44308032	8.596165732	8.797481597	9.185052022	9.654923289	10.3144642	10.98481577	11.74292326	12.57136526	13.43990308	14.38763664	15.42763392
20190522	8.037332802	8.056121589	8.073537644	8.261367419	8.466746546	8.654623603	8.780342257	9.060659433	9.536780068	10.10400808	10.80616363	11.54265857	12.3427237	13.17039656	14.07051583	15.05575037
20190521	8.016495084	8.034624096	8.08805055	8.261020456	8.466729314	8.654609776	8.780333624	9.060654334	9.536776767	10.10400645	10.80616041	11.54265698	12.3427237	13.17039347	14.07051429	15.05574732
20190520	8.014506675	8.042306968	8.083848693	8.219616154	8.461976769	8.617570211	8.788993937	9.089396793	9.576363056	10.16717978	10.88528209	11.64658245	12.47520236	13.31453761	14.22595735	15.22395385
20190519	8.031414917	8.051749017	8.064731588	8.181434871	8.37958439	8.511768068	8.644209935	8.919698842	9.420690106	10.10057764	10.84041107	11.65075796	12.53648245	13.39968206	14.33483082	15.36025113
20190516	8.062357	8.077805149	8.079552563	8.198199667	8.372484867	8.522356233	8.662247075	8.95756492	9.459627738	10.17377842	10.95419856	11.78011969	12.68193702	13.56247495	14.51731548	15.56526134
20190515	8.035641977	8.060374064	8.085761077	8.19810102	8.382593072	8.54042836	8.680313566	8.995080873	9.538414092	10.30067889	11.13729516	11.99060703	12.92175242	13.84455111	14.8487687	15.95368822
20190514	8.008380819	8.019167012	8.061443836	8.182086277	8.371738728	8.504925341	8.598876233	8.91970734	9.460641162	10.24000917	11.0968332	11.94819319	12.87558519	13.79411319	14.79346809	15.89284151
20190513	8.048323159	8.068662498	8.081488515	8.179092867	8.320270632	8.406835309	8.50788942	8.845187022	9.343671468	10.1265096	10.95283401	11.79970359	12.72359048	13.64653196	14.65214378	15.75929305
20190512	8.128637308	8.131757783	8.093567172	8.196345794	8.341283152	8.456927734	8.535337917	8.863806479	9.342715812	10.13616241	10.94009279	11.80468032	12.75132104	13.67265041	14.67378074	15.77559814
20190509	8.039869038	8.064602857	8.089866978	8.180427996	8.340218224	8.43737437	8.508262352	8.816242307	9.344009827	10.09550201	10.84851151	11.67863271	12.58726936	13.47163812	14.43077069	15.48399699
20190508	8.063628499	8.072490402	8.098203356	8.170376262	8.320294756	8.398464678	8.454099137	8.73195421	9.18737957	9.864831337	10.57913737	11.37791977	12.25111974	13.10782056	14.03674458	15.05569081
20190507	8.022960796	8.052085629	8.089742404	8.154642151	8.317211978	8.435106712	8.490434124	8.798148036	9.235614631	9.92593108	10.64437695	11.43458926	12.2974692	13.1678056	14.11475817	15.15458427
20190506	7.942646647	7.989335413	8.077133465	8.146080319	8.30276307	8.383444901	8.453957561	8.76110288	9.147910468	9.779057135	10.51051698	11.28078407	12.11864731	12.95243087	13.8566917	14.84731636
20190505	7.980690191	8.014200717	8.064566611	8.144864246	8.292663481	8.367522901	8.454049067	8.723593725	9.069188484	9.695719756	10.42239858	11.21266637	12.07443636	12.91718604	13.83022193	14.83114565
20190502	8.006052554	8.039570093	8.089700318	8.143745119	8.285055618	8.36831105	8.453931663	8.751979261	9.108350587	9.758308307	10.48931488	11.2709462	12.12235739	12.97859263	13.90944833	14.93097981
20190501	7.988096001	8.00962178	8.072778414	8.109030068	8.249875069	8.334005811	8.426897534	8.714254253	9.109203911	9.781243108	10.51394607	11.30966906	12.17782628	13.0499315	13.99877229	15.04110068
20190430	7.997598433	8.031112507	8.080656897	8.008803561	8.167382746	8.214260682	8.291262455	8.5929193	8.974697345	9.639353573	10.36343788	11.14921504	12.00581399	12.86386171	13.79665358	14.82071845
20190429	8.111729066	8.116931635	8.072434993	8.003531078	8.137227004	8.165564803	8.219220941	8.470624056	8.858911081	9.496558374	10.23430237	11.03828447	11.91522555	12.75703826	13.66761574	14.66606361
20190428	8.05677728	8.07272214	8.073027563	8.160753129	8.286699537	8.389273059	8.489828109	8.846111621	9.265116188	9.9669531	10.7345277	11.59763695	12.5443356	13.44993281	14.43176523	15.51160433
20190425	8.073685522	8.089635621	8.08978449	8.163710823	8.340581816	8.448617597	8.580029347	8.977751436	9.460794662	10.21726821	11.04840275	11.96151461	12.96458961	13.9291356	14.97819083	16.13554417
20190424	8.081065969	8.092952686	8.098285844	8.189474557	8.369243556	8.499228542	8.661264675	9.100459691	9.617637837	10.40530752	11.22545379	12.16330732	13.19737268	14.2172924	15.33241698	16.56682366
20190423	8.103274945	8.110439591	8.085636502	8.172787998	8.369622657	8.48810803	8.589394088	8.967334398	9.520113026	10.32493472	11.11673189	12.0319853	13.04064771	14.04567478	15.1450411	16.36136143
20190422	8.073685522	8.089635621	8.08978449	8.163945533	8.346032251	8.423751138	8.525935193	8.873645642	9.342915526	10.13585455	10.98663089	11.8961315	12.89348451	13.88509387	14.9690417	16.16765042
20190421	8.055255538	8.071199774	8.071436715	8.146093925	8.301913539	8.373930071	8.445115961	8.703878006	9.147856001	9.886493973	10.76668969	11.65014359	12.61358878	13.56869326	14.61080359	15.76104771
20190418	8.17348811	8.172124151	8.069721294	8.126595941	8.262674889	8.308544782	8.363815025	8.591454218	8.992070814	9.742957628	10.61463673	11.48747117	12.43850189	13.3676392	14.37876419	15.49316279
20190417	8.091608258	8.103166067	8.09053867	8.106137005	8.201288138	8.257463714	8.327799447	8.525403161	8.993524931	9.745632269	10.64025271	11.52867052	12.49681954	13.43141864	14.44748877	15.5675169
20190416	8.031414917	8.060541524	8.097870036	8.097168681	8.191347082	8.234427628	8.273867588	8.431806185	8.837822271	9.538179825	10.39527321	11.25333209	12.18705786	13.09525246	14.08239495	15.16939126
20190415	8.020593642	8.045321252	8.070349215	8.089564399	8.190430348	8.225462428	8.264870599	8.412896091	8.838606272	9.475607563	10.3496813	11.18051159	12.08031766	12.95650835	13.90732552	14.95220377
20190414	8.054917373	8.075257724	8.087649893	8.096445841	8.172273145	8.208786846	8.255863252	8.38513092	8.760415759	9.392781656	10.23893992	11.04878738	11.92527639	12.78826902	13.72530048	14.75449016
20190411	8.021904031	8.034404199	8.08945117	8.086149191	8.135409044	8.166539619	8.228499355	8.386033424	8.702026642	9.35163747	10.15040797	10.95231514	11.82246432	12.67751659	13.60546711	14.62432733
20190410	8.006052554	8.039570093	8.089410767	8.076876423	8.117636111	8.147395885	8.20159817	8.329892915	8.624427018	9.290927032	10.08680328	10.87187199	11.72213966	12.56819807	13.48715859	14.49579241
20190409	8.022960796	8.047689376	8.072611754	8.069003415	8.117837724	8.141619579	8.165838121	8.3202917	8.664503514	9.291712158	10.0746301	10.8458736	11.68049087	12.52249195	13.43808344	14.44289744
20190408	8.044096098	8.060037452	8.059879924	8.035164277	8.096094573	8.093623701	8.147579984	8.226575749	8.568117568	9.1486938	9.93310577	10.68373797	11.49341399	12.29913086	13.17242959	14.12858644
20190407	8.06100434	8.076950933	8.076635167	8.03474588	8.09833816	8.109087676	8.147738825	8.226630138	8.548207236	9.169708138	9.911438629	10.68337061	11.52122086	12.33104843	13.20650212	14.16509232
20190404	8.089518399	8.096557309	8.07248718	8.043144436	8.102687479	8.145105758	8.184139421	8.244955558	8.586380672	9.231224878	9.97717865	10.75310817	11.59562485	12.39039617	13.24655111	14.18264813
20190403	8.082139643	8.089299009	8.064233291	8.070190574	8.138062749	8.183370757	8.238387237	8.294367229	8.663499993	9.291842469	10.0179029	10.79545392	11.64128743	12.43983947	13.30027153	14.24121637
20190402	8.098508512	8.105581554	8.08103062	8.082470358	8.222062859	8.288415862	8.328407189	8.469123282	8.856387422	9.525919154	10.32410555	11.11752104	11.97805852	12.79662662	13.67984072	14.64638205
20190401	8.135907852	8.135565389	8.082136638	8.124354286	8.229003849	8.288204997	8.328201731	8.478411765	8.875936288	9.547063803	10.26623585	11.03305439	11.86729829	12.67124414	13.53919583	14.48832631
20190331	8.0261294	8.037475994	8.076968488	8.106478866	8.202435779	8.259847174	8.29249175	8.412829805	8.798708033	9.433982854	10.14560789	10.90500216	11.73060803	12.53453103	13.40358204	14.35430443
20190328	8.076898088	8.092849503	8.09255206	8.06850338	8.122338684	8.180930259	8.219801058	8.376260546	8.741309234	9.415424886	10.12718317	10.89768511	11.73651581	12.55198252	13.43400999	14.39974704
20190327	8.132864368	8.137393919	8.094876886	8.076667225	8.122150856	8.18089742	8.219675021	8.395111153	8.76138792	9.351433859	10.14794276	10.93730102	11.79252984	12.64447292	13.57014487	14.5864226
20190326	8.120183187	8.120267307	8.065588457	8.071064786	8.158275712	8.216758217	8.255766566	8.451299252	8.81888245	9.454099672	10.2467491	11.06075338	11.94587806	12.81143146	13.75072191	14.78249608
20190325	8.077912582	8.085070216	8.060129072	8.086883937	8.139968592	8.198801892	8.237751871	8.413902273	8.760428963	9.413732467	10.17038068	10.98400438	11.87101615	12.73116421	13.66363605	14.68764492
20190324	7.963754896	7.987689567	8.065322474	8.085775015	8.122009555	8.180893963	8.219574881	8.413980456	8.78013628	9.476956286	10.26141485	11.09446467	12.00303222	12.88497612	13.84221633	14.89475797
20190321	7.896148981	7.951617961	8.064317462	8.084822566	8.108510122	8.181025321	8.219666388	8.413953261	8.789998191	9.487252513	10.31821125	11.15079847	12.05576139	12.94655132	13.9151358	14.98079152
20190320	7.938419586	7.989502874	8.08945117	8.084191569	8.100635166	8.132744257	8.156797969	8.319958572	8.723070888	9.417568508	10.22112668	11.02698192	11.90178237	12.77338839	13.72139303	14.76341926
20190319	7.942646647	7.989335413	8.076801828	8.066450513	8.07521646	8.118168678	8.156521723	8.301300023	8.703573188	9.4182559	10.22252181	11.02832151	11.90306423	12.77467382	13.72268424	14.76471731
20190318	7.952960674	7.995255724	8.070431704	8.100279446	8.085739953	8.143479336	8.175012942	8.329136579	8.752100393	9.45883649	10.31113583	11.11217379	11.97813951	12.84399096	13.78559223	14.81998543
20190317	7.975418201	7.990187938	8.076801828	8.065472552	8.055005221	8.078982443	8.102614035	8.207856014	8.577944818	9.275110489	10.07057022	10.82884378	11.64743039	12.485394	13.39765939	14.39868722
20190314	7.989144312	8.022656612	8.072695926	8.083142175	8.078254436	8.140888467	8.156949904	8.329415318	8.732911342	9.417179203	10.2433522	11.02639447	11.87257214	12.72930954	13.66177302	14.68577725
20190313	7.836970135	7.91001002	8.072611754	8.067045793	8.086458521	8.145143783	8.183469524	8.376422011	8.780877367	9.520719731	10.33194369	11.14475451	12.02767727	12.8880234	13.82090063	14.84501193
