DATE 	1	7	30	90	180	270	360	720	1080	1440	1800	2160	2520	2880	3240	3600
20200306	1.93538	1.97906	2.09025	2.324987	2.38367	2.481015	2.564658	2.803553	2.926713	3.009532	3.03725	3.083177	3.136957	3.194959	3.257379	3.322403
20200305	1.926979035	1.975703384	2.089848812	2.325140385	2.385900616	2.480972585	2.56467453	2.797483931	2.920381549	2.992816856	3.009509097	3.050938549	3.100342949	3.157134421	3.218514504	3.282407009
20200304	1.93510769	1.981929151	2.089718556	2.327485882	2.385849231	2.480964001	2.564667815	2.797527394	2.913882414	2.992811546	3.009734381	3.051140469	3.100521482	3.155945305	3.215762425	3.277995045
20200303	1.92344307	1.973124055	2.090491408	2.324821594	2.38120399	2.480649421	2.56198843	2.797587156	2.910669899	2.996262894	3.00990881	3.056617006	3.111990505	3.165382379	3.222346509	3.281559723
20200302	1.930555643	1.978623192	2.088716019	2.322461191	2.381171201	2.477997455	2.559286833	2.791539818	2.907532031	2.996446612	3.017189589	3.062452836	3.115863795	3.166465045	3.220420481	3.27644688
20200228	1.926237701	1.972352582	2.088716019	2.322461191	2.381171201	2.477997455	2.559286833	2.791539818	2.907532031	2.996426966	3.020662415	3.071648673	3.131108773	3.186558467	3.245531827	3.306890585
20200227	1.926491315	1.975551	2.088716019	2.322461191	2.381171201	2.477997455	2.559286833	2.791587084	2.901063728	2.993396151	3.013875937	3.064571302	3.123922237	3.179183384	3.237941206	3.299066504
20200226	1.930555643	1.978623192	2.088716019	2.322461191	2.381814742	2.482912579	2.56201994	2.797600738	2.907367051	3.002975501	3.027533819	3.07860983	3.138194276	3.193839963	3.253035833	3.314634283
20200225	1.930555643	1.978623192	2.088716019	2.322461191	2.381814742	2.482912579	2.562004959	2.800559484	2.920233337	3.016461245	3.041129149	3.096093104	3.159976239	3.213745327	3.270426848	3.329370772
20200224	1.922426988	1.972478393	2.088716019	2.322527546	2.38468792	2.488193282	2.567363213	2.82168958	2.945802013	3.036125433	3.060860026	3.11251061	3.172833393	3.226775912	3.283994819	3.34351588
20200221	1.933348243	1.976983084	2.088078633	2.322700645	2.384689389	2.487785792	2.564664199	2.818650427	2.945873414	3.036271983	3.057476703	3.103360291	3.157581035	3.213481866	3.273478458	3.335941965
20200220	1.932587807	1.97937432	2.086984049	2.322400126	2.378951352	2.480295455	2.559297164	2.797499143	2.926868784	3.009833595	3.030464031	3.079623302	3.13732929	3.190147101	3.246273395	3.304614472
20200219	1.938684298	1.984768406	2.088716019	2.322394356	2.378462456	2.473697353	2.545948279	2.773429316	2.895037355	2.983655385	2.997126128	3.056398138	3.125460297	3.173211642	3.222503953	3.273596613
20200218	1.934619971	1.981695799	2.088716019	2.322394356	2.378462456	2.474153823	2.548511955	2.773413017	2.89499354	2.983541756	3.011046925	3.06751488	3.132726641	3.185801355	3.241535552	3.299458569
20200217	1.932587807	1.980699277	2.090876531	2.322455421	2.380242838	2.469145789	2.545778848	2.764347715	2.888689135	2.977121718	2.997502956	3.057086216	3.126076628	3.179231286	3.23470783	3.292352182
20200214	1.926237701	1.972352582	2.088716019	2.322461191	2.380245775	2.468403521	2.540340012	2.767382521	2.895092528	2.997466618	3.011410023	3.08002908	3.159396813	3.218209939	3.279262094	3.342849042
20200213	1.927507397	1.975198065	2.086018418	2.32262227	2.38085408	2.474521927	2.551198055	2.776299506	2.914102026	3.0241243	3.052620138	3.12817273	3.214486967	3.283554028	3.355819848	3.431395917
20200212	1.925962953	1.974678213	2.088735123	2.322328963	2.375950444	2.471535184	2.545714278	2.788426778	2.933466908	3.044263712	3.072979062	3.148915781	3.235736562	3.308282824	3.384537489	3.464395839
20200211	1.925475233	1.974512957	2.087614054	2.317537475	2.373942988	2.47111608	2.543267861	2.794541484	2.936675096	3.050899858	3.086877484	3.167137493	3.258353525	3.333243586	3.411829165	3.494200592
20200210	1.924052719	1.973060112	2.086101348	2.317741348	2.381599902	2.479453209	2.553808221	2.809468319	2.965431404	3.077501256	3.120823602	3.205893071	3.302121819	3.378703159	3.458841098	3.542910601
20200207	1.922174593	1.968199995	2.084372851	2.317746156	2.38160186	2.480271722	2.559207799	2.815500444	2.971735268	3.08751229	3.127546512	3.212587422	3.309027865	3.388708842	3.472419735	3.560327978
20200206	1.921207689	1.969811868	2.083672942	2.317858671	2.379052165	2.478063098	2.559258938	2.803489435	2.94605949	3.050383218	3.086095856	3.166430045	3.257713665	3.332636387	3.411253575	3.493657196
20200205	1.924459152	1.973123225	2.087169447	2.322730457	2.38372579	2.479801115	2.556494321	2.809482444	2.958904141	3.070688826	3.103307929	3.185656031	3.279449496	3.349571401	3.422451341	3.498731897
20200204	1.924052719	1.97270261	2.086746115	2.322401568	2.378709106	2.477225901	2.553860394	2.79430461	2.952785812	3.04393079	3.075522275	3.155513287	3.246584178	3.312763404	3.381313074	3.452945155
20200203	1.922426988	1.971021396	2.085053221	2.322406377	2.378468329	2.473701393	2.545950862	2.791458325	2.933475022	3.03735199	3.065793889	3.141639395	3.228325821	3.288100697	3.349670976	3.413850586
20200131	1.927253377	1.972619982	2.086063139	2.322403492	2.378466861	2.474156347	2.548469081	2.782378897	2.920599539	3.023984653	3.052283484	3.124154182	3.20641515	3.268060943	3.332156225	3.399011981
20200130	1.926491315	1.97447185	2.084372851	2.317279268	2.363176033	2.455805172	2.529543955	2.755388898	2.895418161	3.00463321	3.053948447	3.124862113	3.204826343	3.267491003	3.332965635	3.401289324
20200129	1.92344307	1.971046309	2.081675684	2.317288404	2.363180438	2.455399702	2.52686457	2.749357859	2.88912187	2.991396493	3.019202394	3.086694864	3.164028064	3.222730438	3.283846334	3.347505021
20200128	1.919866461	1.968425042	2.082276598	2.317286962	2.362936724	2.454372141	2.534946116	2.75544377	2.885708675	2.991119323	3.019086447	3.086590756	3.163934416	3.222642175	3.283763985	3.347427099
20200127	1.925475233	1.972121721	2.07935626	2.31270127	2.367668096	2.455357792	2.526805683	2.758470427	2.892334926	2.984352026	3.011824992	3.071892234	3.141054957	3.197281788	3.256276887	3.317665408
20200124	1.930788529	1.974214	2.080548536	2.312696462	2.36774493	2.455356277	2.526804649	2.758469884	2.892334385	2.984351495	3.011824483	3.071892234	3.141054957	3.197281788	3.256276887	3.317664997
20200123	1.927507397	1.974171648	2.081583203	2.317421595	2.367240863	2.452701787	2.524055013	2.758468797	2.895554473	2.994536689	3.025829698	3.086243087	3.155631934	3.212233761	3.271653977	3.333504681
20200122	1.922426988	1.969995394	2.080617572	2.31742448	2.367242331	2.452702797	2.52408549	2.752373107	2.895653461	2.987977004	3.011930769	3.071811853	3.140983451	3.199952305	3.262087831	3.326812915
20200121	1.926491315	1.973121149	2.08052509	2.317224453	2.360426669	2.450123038	2.521422118	2.746520809	2.870058821	2.957767619	2.977854464	3.035230427	3.101737998	3.160845026	3.223328298	3.288395438
20200120	1.922426988	1.971399243	2.084372851	2.317346104	2.365006822	2.45271744	2.524081874	2.755520917	2.882733623	2.977745084	2.998238306	3.061423865	3.134367118	3.193407076	3.255273338	3.319708166
20200117	1.928269459	1.971922832	2.082201484	2.314988586	2.365061143	2.452728044	2.524089622	2.755525806	2.882736868	2.977689331	3.008686787	3.076218748	3.153337759	3.214486471	3.278413428	3.345053792
20200116	1.920394824	1.969323573	2.082201484	2.314922232	2.362948469	2.452747232	2.524134046	2.749438265	2.882693595	2.991555786	2.998540888	3.064672504	3.141690202	3.201217709	3.263280826	3.327930876
20200115	1.922426988	1.970320094	2.080029683	2.312564233	2.363206864	2.455022004	2.524292113	2.755429644	2.895513363	3.004826485	3.03300165	3.098852196	3.174442498	3.236071497	3.300716372	3.368136019
20200114	1.918403303	1.966911991	2.080753038	2.317802413	2.3755007	2.466201966	2.540303336	2.779390271	2.92706027	3.058189637	3.101851977	3.173252718	3.254365361	3.32417642	3.397828543	3.474915984
20200113	1.926491315	1.973392701	2.080029683	2.31276474	2.370861821	2.464088271	2.540335879	2.776330473	2.933668671	3.051441985	3.101657206	3.16782799	3.242763015	3.313223791	3.388175781	3.466643652
20200110	1.905921347	1.950499702	2.080029683	2.31276474	2.370861821	2.464088271	2.540365839	2.77022935	2.933696799	3.055053689	3.101846383	3.167821214	3.242756558	3.313218469	3.388169808	3.466637499
20200109	1.912266169	1.961693957	2.078576895	2.312896007	2.370864268	2.463682296	2.537639965	2.773319572	2.930437765	3.058351053	3.116092138	3.179045935	3.250080104	3.316246476	3.386619682	3.460198361
20200108	1.913282251	1.963137667	2.078928152	2.307907859	2.365259834	2.452756826	2.524141278	2.749254634	2.908290939	3.042286356	3.096358719	3.158705757	3.229228636	3.293307341	3.36129841	3.432321945
20200107	1.912022309	1.961850494	2.077588252	2.307521271	2.356282559	2.435107017	2.510562008	2.728325011	2.883127953	2.999019725	3.041304088	3.09857522	3.163970859	3.223149578	3.285897379	3.351290746
20200106	1.921045116	1.968908771	2.078517845	2.302389835	2.350017944	2.436639017	2.505345808	2.725445042	2.8672904	2.965343063	2.999682563	3.056072258	3.120762617	3.181505727	3.246054508	3.313332185
20200103	1.918111078	1.963451986	2.07566524	2.30260669	2.352251007	2.437054586	2.507932729	2.725517299	2.85426887	2.96869618	3.000143809	3.056310979	3.12097621	3.178974922	3.240383516	3.304321655
20200102	1.927141608	1.974056633	2.080678358	2.30297645	2.357502595	2.443028072	2.518705024	2.743421352	2.889236004	3.012025997	3.054770249	3.112268985	3.177960567	3.23756177	3.300784643	3.366692844
20200101	1.921410906	1.969282466	2.078906877	2.302981258	2.357505042	2.442285804	2.513343671	2.731411973	2.870191346	2.98199449	3.010000856	3.056993246	3.111880709	3.16769186	3.227469646	3.289668831
20191231	1.91836266	1.966168752	2.07566524	2.302990394	2.357509936	2.442288834	2.513345738	2.731413059	2.870362817	2.958276826	2.992297024	3.037656858	3.090274972	3.144029322	3.201630384	3.261505339
20191230	1.915314414	1.964134188	2.076767205	2.307543389	2.356283537	2.434735883	2.50786661	2.725531968	2.851246758	2.938308388	2.965156708	3.002541651	3.046805617	3.09623942	3.149603264	3.204959355
20191227	1.916079727	1.960031012	2.077847896	2.307237099	2.352466826	2.439239478	2.50803914	2.71645906	2.841605427	2.938590867	2.958752144	2.999308509	3.047421027	3.097112296	3.150423342	3.205723798
20191226	1.922305058	1.970195529	2.07984689	2.299869315	2.346552121	2.425643864	2.491830075	2.680951936	2.787833262	2.872551711	2.891724936	2.935061613	2.985964575	3.0355928	3.088501532	3.143333746
20191225	1.920394824	1.968244423	2.077815766	2.299787093	2.34432591	2.425280809	2.489065458	2.683530924	2.800649784	2.885945065	2.905204319	2.948695817	2.999816345	3.048471697	3.100270197	3.153938783
20191224	1.922589561	1.969407031	2.075827626	2.299841427	2.344328846	2.425282324	2.489067008	2.683578733	2.794205282	2.885933915	2.90541689	2.950693228	3.003757915	3.056616755	3.113039424	3.171601817
20191223	1.913810613	1.962597885	2.075136401	2.29999914	2.346558483	2.42401643	2.48090023	2.677562363	2.791051727	2.899595413	2.926632196	2.974208441	3.029450999	3.081682634	3.137227009	3.194879667
20191220	1.917095403	1.960785047	2.074574563	2.300014526	2.346558972	2.424832924	2.486335967	2.692513102	2.819685247	2.925988668	2.967133914	3.019585738	3.079455496	3.130527703	3.184392975	3.240301823
20191219	1.918850379	1.966666598	2.076184093	2.302315306	2.34650563	2.424007341	2.480892998	2.683562978	2.800721727	2.892717141	2.919103249	2.984845803	3.059868521	3.100729758	3.141563777	3.183694325
20191218	1.915314414	1.964134188	2.07674593	2.30229992	2.34650514	2.424006836	2.480892998	2.677628644	2.781582949	2.872679676	2.905836436	2.971703567	3.046394577	3.086880854	3.127305014	3.168998846
20191217	1.916330496	1.965171816	2.077826186	2.302270108	2.346825198	2.426256361	2.480892998	2.674624262	2.775157919	2.872666933	2.919941324	2.983000922	3.053859289	3.096871014	3.140523533	3.185623891
20191216	1.909217923	1.96006506	2.078885602	2.298121973	2.351534548	2.423120659	2.475647355	2.662950091	2.749904058	2.832940854	2.865499993	2.930776259	3.004656578	3.04678405	3.089108272	3.132784893
20191213	1.907953104	1.952292194	2.077804911	2.297303598	2.340862044	2.411842233	2.459196024	2.647562005	2.769815809	2.803727051	2.820524133	2.879264369	2.946636082	2.984548245	3.022609902	3.061771454
20191212	1.906413537	1.957200477	2.075924883	2.301492122	2.331204035	2.407496181	2.459456885	2.642089466	2.769627569	2.840572581	2.865665269	2.930580149	3.00447989	3.054603555	3.106027805	3.159305894
20191211	1.917346578	1.96513071	2.074585418	2.302359543	2.346829602	2.42707538	2.486330285	2.683520601	2.800650866	2.88922597	2.925943124	2.981375393	3.044546043	3.097668931	3.153535541	3.211539981
20191210	1.910721724	1.960521799	2.076184093	2.302177307	2.343312394	2.417705136	2.483621973	2.677617778	2.787966869	2.879355114	2.919553817	2.971399476	3.030432701	3.080220747	3.132635943	3.186977666
20191209	1.911737806	1.961559842	2.077264783	2.302009016	2.340438726	2.412021993	2.475581235	2.66002177	2.781899927	2.866602118	2.899437975	2.945241386	2.998041624	3.045320388	3.095397948	3.147246195
20191206	1.913032294	1.957200061	2.078906877	2.301963818	2.342043908	2.425313631	2.489072173	2.686619515	2.794186891	2.88585002	2.90536451	2.945226859	2.992406531	3.035316921	3.080919019	3.128041559
20191205	1.908201841	1.959027017	2.077826186	2.301854669	2.340653077	2.430387307	2.49180683	2.683593945	2.787661791	2.892517494	2.926395725	2.974343055	3.029570943	3.073771319	3.120161126	3.168135977
20191204	1.91836266	1.966168752	2.07566524	2.302329731	2.347471186	2.434828288	2.507921881	2.72866185	2.844832547	2.931474187	2.96174389	3.00836489	3.062461173	3.116938707	3.175196331	3.235747551
20191203	1.919378742	1.96720638	2.07674593	2.30229992	2.347469718	2.434023913	2.502641112	2.719654136	2.832158286	2.918354286	2.941501422	2.98751386	3.041290927	3.0911889	3.144218149	3.199216993
20191202	1.923849502	1.971773354	2.081499404	2.302031135	2.344912682	2.431833971	2.502620449	2.701565366	2.812987053	2.912184337	2.925211333	2.975874161	3.035286771	3.090749358	3.149614786	3.210790709
20191129	1.91140697	1.956600488	2.068492044	2.292592409	2.337162784	2.421395266	2.491789267	2.695642984	2.813272658	2.912355843	2.960184195	3.001971723	3.049780247	3.107398736	3.169799694	3.234734989
20191128	1.912266169	1.959941325	2.069140284	2.292436139	2.334290096	2.41614385	2.486394338	2.683552655	2.813421952	2.919564382	2.960597131	3.012932061	3.072653708	3.12352652	3.177170149	3.23283905
20191127	1.909624356	1.957242829	2.066331098	2.29292851	2.342266578	2.424951081	2.486388656	2.701521902	2.838680681	2.973137269	3.001635868	3.053801747	3.114328504	3.173171723	3.235911492	3.301259774
20191126	1.907185759	1.95583109	2.068059594	2.292881389	2.342264131	2.425765555	2.49182336	2.701492022	2.838593593	2.973027888	3.008557617	3.06115706	3.12176323	3.184885899	3.252536191	3.32311372
20191125	1.908242484	1.95691024	2.069204978	2.297817126	2.34726075	2.432216214	2.505278656	2.71339057	2.857607419	2.979177128	3.028469534	3.078431638	3.135378803	3.195901068	3.260920009	3.328708032
20191122	1.91404797	1.957670087	2.071322506	2.297758945	2.347258303	2.432585832	2.50792808	2.725452648	2.870177823	3.012839984	3.042076561	3.091180687	3.148503065	3.217747332	3.292766913	3.37122579
20191121	1.908242484	1.95691024	2.069204978	2.297817126	2.34726075	2.432587852	2.507869709	2.737398462	2.902372209	3.03269798	3.097066608	3.159876119	3.230275384	3.305486786	3.386310766	3.471053567
20191120	1.907632835	1.956287414	2.068556738	2.297557957	2.342482397	2.429989916	2.505192907	2.731635264	2.86362135	3.026241303	3.070419576	3.127929169	3.193711616	3.270308328	3.353095502	3.439906113
20191119	1.911250087	1.959982432	2.072402762	2.297729134	2.34693482	2.430321159	2.507932729	2.719426499	2.863904251	2.992495084	3.04922512	3.10719435	3.17254783	3.251231046	3.33642899	3.425800786
20191118	1.919581958	1.966334839	2.072640262	2.302412915	2.346832049	2.429560209	2.502498542	2.71944986	2.863839881	3.012936622	3.070545186	3.143630995	3.225652899	3.312670705	3.406059183	3.50428438
20191115	1.913844753	1.959092206	2.071085006	2.292659725	2.339388017	2.422117841	2.497103096	2.713522589	2.857653938	2.999642029	3.056814075	3.129664615	3.211373941	3.292284108	3.378619023	3.469251543
20191114	1.914298332	1.960937846	2.066979338	2.2929112	2.341622548	2.42135992	2.491732446	2.70147355	2.844984545	2.986487614	3.043451656	3.112323216	3.189615504	3.277930462	3.373188677	3.47338217
20191113	1.913119677	1.959733717	2.065726276	2.292391902	2.332941841	2.420691374	2.486442894	2.707617049	2.84499915	2.993143406	3.057473652	3.134338798	3.220045484	3.304236019	3.394007205	3.488338887
20191112	1.913282251	1.960979368	2.070220975	2.292544806	2.337958524	2.425176791	2.486413451	2.707430702	2.864288844	3.006667912	3.077980053	3.166801928	3.265335691	3.357496468	3.45538969	3.558510371
20191111	1.899869969	1.950516311	2.068924494	2.292857347	2.342263153	2.424948556	2.48638659	2.70741549	2.864131436	3.026971396	3.117004968	3.220588204	3.334548876	3.435736752	3.542806433	3.655916856
20191108	1.905921347	1.949647261	2.066979338	2.292634241	2.337962928	2.426667385	2.497169732	2.713362319	2.876712118	3.050521272	3.141317289	3.249222115	3.368084499	3.475166482	3.588702598	3.708859201
20191107	1.908201841	1.956868718	2.069140284	2.292713098	2.340034005	2.426646177	2.497138739	2.716325955	2.88628908	3.067483321	3.162375457	3.272821584	3.394384228	3.504060504	3.62042022	3.743672222
20191106	1.924703011	1.969407446	2.069399494	2.292844365	2.343225773	2.434966138	2.507965272	2.731221822	2.915035652	3.087321669	3.189466446	3.300987253	3.423422384	3.53427404	3.651977407	3.776723815
20191105	1.924459152	1.969158316	2.069140284	2.292989576	2.345134373	2.432251559	2.505245596	2.725296181	2.895836832	3.060233365	3.154489514	3.261047754	3.378248431	3.490019548	3.609198984	3.735493804
20191104	1.928523479	1.971151774	2.064818826	2.293433864	2.352550511	2.437471164	2.510707677	2.719198861	2.886074336	3.053507485	3.1441819	3.252216536	3.371227973	3.47993181	3.595351968	3.717555589
20191101	1.926237701	1.968778392	2.06263617	2.288447159	2.343660346	2.436449158	2.502718596	2.725370612	2.886234447	3.046611691	3.140512269	3.250566312	3.37158458	3.480433447	3.595834542	3.718018602
20191031	1.928117047	1.971815706	2.068676139	2.284721675	2.323416455	2.416718476	2.489073206	2.707436678	2.876950123	3.054274746	3.148771481	3.255069566	3.371970249	3.492208832	3.621299177	3.758370976
20191030	1.929742777	1.973476575	2.070372506	2.277916946	2.327266934	2.411351427	2.483625589	2.701500714	2.864283976	3.033994093	3.142155364	3.252798084	3.37362733	3.491186043	3.616779793	3.750045331
20191029	1.929011199	1.972729184	2.069584023	2.275317089	2.321576857	2.401232352	2.475463976	2.695539216	2.864468969	3.041188827	3.142451844	3.271771308	3.413822195	3.537313135	3.667943314	3.80675577
20191028	1.927507397	1.97119288	2.067984914	2.275084366	2.317121988	2.401270728	2.475492387	2.695461526	2.877301179	3.061645763	3.17066213	3.301031316	3.443958309	3.574640513	3.71368289	3.861729801
20191025	1.924205944	1.967893564	2.069086879	2.280574021	2.331675313	2.411679136	2.486241437	2.713399263	2.896174365	3.088251409	3.198145712	3.317730153	3.448757019	3.581869674	3.724895592	3.877309475
20191024	1.922426988	1.966003496	2.062657879	2.293172773	2.342271472	2.427377841	2.502355972	2.75548506	2.940690875	3.127711999	3.252805715	3.37850664	3.515709247	3.640011214	3.772245029	3.912940254
20191023	1.910234005	1.957865239	2.066979338	2.292634241	2.337164742	2.422140563	2.497000301	2.737463114	2.91512869	3.101045822	3.203895272	3.319543075	3.446637228	3.561614805	3.683746228	3.813335986
20191022	1.908201841	1.956868718	2.069140284	2.292574618	2.337161806	2.422138039	2.497028712	2.731464672	2.902374914	3.073797164	3.182828969	3.302180857	3.432865728	3.544569349	3.662512968	3.787532268
20191021	1.920394824	1.965006975	2.064807971	2.290348848	2.337219064	2.422894444	2.502368886	2.749482815	2.93436321	3.11419068	3.238746595	3.360221978	3.492645258	3.603726585	3.720883101	3.84511173
20191018	1.921158511	1.964779436	2.065888661	2.290319037	2.337217595	2.422893435	2.502367853	2.749482815	2.934313986	3.121060986	3.245985673	3.371489313	3.508442901	3.623407074	3.744707583	3.873463463
20191017	1.939415877	1.982277933	2.076389897	2.28947662	2.326360105	2.407521933	2.488793232	2.734557066	2.918626269	3.101237505	3.218300709	3.34654807	3.486883298	3.601231263	3.721456984	3.849020078
20191016	1.93002728	1.973766811	2.070728539	2.28949441	2.324138787	2.40754516	2.488766371	2.743637037	2.928317364	3.100915733	3.224868005	3.353700009	3.494274201	3.616417865	3.745764041	3.883278627
20191015	1.929539561	1.973268966	2.070220975	2.291991369	2.326638075	2.409781557	2.488845921	2.728473872	2.91551166	3.087704503	3.204143443	3.324345577	3.455640464	3.56820705	3.687143449	3.813267909
20191014	1.925475233	1.96911721	2.065877807	2.287144105	2.321967876	2.407205333	2.486185132	2.722580285	2.896283631	3.067506152	3.169148202	3.295432271	3.434217413	3.546507594	3.664381822	3.78932691
20191011	1.924205944	1.967893564	2.069119009	2.287055151	2.323403242	2.416301897	2.486267781	2.725518929	2.902712447	3.067415886	3.161648752	3.295097675	3.442269856	3.556951489	3.676847682	3.804003931
20191010	1.924459152	1.968079167	2.064818826	2.292416905	2.332388346	2.419544647	2.494325049	2.731370683	2.921850684	3.087571228	3.189356091	3.327771925	3.480198684	3.598169103	3.721486851	3.85241087
20191009	1.934619971	1.976396382	2.066811308	2.292357282	2.332940372	2.421434652	2.491638949	2.731323417	2.928196199	3.114913339	3.239565853	3.376463711	3.526132904	3.642576614	3.764446613	3.893842246
20191008	1.922426988	1.966003496	2.062657879	2.293039582	2.33749214	2.425523182	2.505009529	2.767368939	2.985899218	3.175490339	3.301589021	3.444256073	3.600676248	3.714503193	3.83279037	3.958352978
20191007	1.91836266	1.962765217	2.062968757	2.298032538	2.347990912	2.438754227	2.518498918	2.791452892	3.004786469	3.202129967	3.321944386	3.449234348	3.588951191	3.70739689	3.832651698	3.965802218
20191004	1.933998535	1.976709456	2.070923054	2.294870589	2.337945311	2.429103739	2.513124134	2.773448874	2.979203729	3.16832003	3.287119	3.405658351	3.535450302	3.648087969	3.76738302	3.893982091
20191003	1.930555643	1.974306594	2.071279522	2.287825925	2.33726164	2.422153187	2.496860831	2.76748303	2.979661346	3.155043491	3.258504932	3.383383713	3.52100619	3.630668613	3.74572564	3.867699775
20191002	1.930555643	1.974306594	2.071268667	2.285480909	2.337313025	2.422161771	2.49686703	2.767580821	2.966797764	3.12736952	3.258833959	3.36582296	3.481746433	3.603316316	3.7342804	3.873543023
20191001	1.921410906	1.966044602	2.065866952	2.285629005	2.337320366	2.423282241	2.505001781	2.767535185	2.966663616	3.127379077	3.237122824	3.354133389	3.482435656	3.587058133	3.697039843	3.81346271
20190930	1.926491315	1.970154837	2.066936354	2.28297818	2.332269915	2.418428721	2.502425191	2.737396832	2.928242717	3.080442336	3.181729504	3.300805186	3.431601694	3.53156316	3.635801149	3.745951202
20190927	1.916079727	1.958894563	2.060443528	2.281230357	2.33754793	2.423676097	2.507864027	2.740373507	2.928050151	3.087099721	3.188807883	3.296559053	3.414794208	3.519204529	3.629767479	3.746752558
20190926	1.919378742	1.963968932	2.063684731	2.281221702	2.337058056	2.417660196	2.497015281	2.73132559	2.928327642	3.087619547	3.174901328	3.285420522	3.407542626	3.509052479	3.615861581	3.728771689
20190925	1.911250087	1.957824133	2.063738136	2.292999673	2.342269515	2.426633049	2.497099481	2.722100018	2.928436907	3.074113095	3.167784807	3.293810614	3.432722255	3.530331467	3.631078664	3.737452081
20190924	1.92026883	1.963423337	2.064818826	2.293108822	2.345140735	2.432999886	2.510445783	2.770508057	2.959951359	3.127203324	3.229964094	3.358021679	3.499055382	3.605149441	3.715685295	3.832725992
20190923	1.908968779	1.953328161	2.0622441	2.302761999	2.347168256	2.431833971	2.50235184	2.755379118	2.947262493	3.113966077	3.230818951	3.361480954	3.504556232	3.615366692	3.73123007	3.854064433
20190920	1.904137513	1.949479513	2.051586122	2.230010244	2.255606319	2.324840907	2.378393481	2.636148069	2.841069918	3.044552564	3.174926244	3.317622174	3.473075814	3.587490134	3.706351262	3.832416361
20190919	1.904137513	1.949479513	2.051618252	2.237457846	2.262776296	2.332979592	2.402374157	2.654082003	2.853404482	3.050475608	3.180889394	3.316139974	3.4632874	3.585801601	3.714906179	3.85211928
20190918	1.908201841	1.95255212	2.051596977	2.23207782	2.253414365	2.344101991	2.41603246	2.663112535	2.853158364	3.043221405	3.166138149	3.300714151	3.447466231	3.569396166	3.697822801	3.834276209
20190917	1.906169677	1.950476034	2.049403901	2.224828321	2.246804245	2.328256852	2.399820812	2.639255133	2.821561693	3.010088464	3.139360424	3.277327256	3.427309056	3.548567366	3.675865893	3.811064388
20190916	1.895763373	1.940614211	2.051586122	2.22904233	2.23937832	2.32228892	2.388998411	2.636363755	2.815322198	3.010305102	3.146957007	3.281590821	3.427458986	3.548392612	3.675696502	3.810900344
20190913	1.856381663	1.912570028	2.04828066	2.214928959	2.238449467	2.326877346	2.389383246	2.624188673	2.821828366	3.017402667	3.168492187	3.308209405	3.458989688	3.584400476	3.716550174	3.857082844
20190912	1.887880203	1.937190331	2.051553993	2.222148646	2.24294153	2.32755801	2.394490453	2.630200153	2.821581166	3.030816198	3.175549208	3.311228036	3.457966929	3.584586762	3.7185321	3.861024412
20190911	1.905153595	1.952675855	2.0612776	2.221882265	2.242928806	2.327549426	2.394543141	2.618116887	2.815298939	3.017452578	3.175988587	3.308519307	3.450873123	3.572363408	3.700695203	3.837048553
20190910	1.911250087	1.957824133	2.063524082	2.242235389	2.271909684	2.354319026	2.426797006	2.665840383	2.868800104	3.080431717	3.22286944	3.367553565	3.524800134	3.6443747	3.769195551	3.901808223
20190909	1.912300715	1.956918544	2.064906966	2.243027319	2.285914409	2.36021576	2.437617858	2.659708292	2.858964583	3.070132363	3.215956845	3.360622429	3.517594686	3.636847928	3.761307108	3.893516617
20190906	1.910234005	1.95678609	2.062486376	2.251918858	2.276803532	2.357910691	2.421638661	2.653783738	2.852853286	3.063739935	3.202111312	3.357635271	3.527162585	3.647626248	3.772336763	3.904832784
20190905	1.910234005	1.95678609	2.062422116	2.237438613	2.269785754	2.351959928	2.410859651	2.629734012	2.840407293	3.05098216	3.188968582	3.336278715	3.496531929	3.615134279	3.738485322	3.869463657
20190904	1.914095116	1.960730238	2.066634594	2.262013919	2.291885882	2.375163109	2.448485716	2.665409012	2.884501886	3.083411027	3.229058382	3.389759447	3.564793398	3.684116234	3.80703303	3.937611657
20190903	1.909217923	1.956827612	2.065728012	2.252106383	2.282926225	2.367776285	2.427042371	2.635481998	2.852804604	3.070984049	3.216931208	3.365408953	3.526669427	3.652549475	3.784390023	3.924669812
20190902	1.909735312	1.953303248	2.066958063	2.287667731	2.333450801	2.427585373	2.502480979	2.743023665	2.982832751	3.186535184	3.338772	3.49152958	3.657918025	3.780607499	3.908434606	4.044462159
20190830	1.914298332	1.960937846	2.066958063	2.28794469	2.338473846	2.431954652	2.502741841	2.743120914	2.96327368	3.176192821	3.324897481	3.477017967	3.642850662	3.764884218	3.891970766	4.027173966
20190829	1.914298332	1.960937846	2.067000613	2.298154189	2.353494534	2.44848803	2.524108735	2.767067958	2.985391296	3.181981528	3.315796126	3.46316538	3.624487585	3.739536694	3.85882633	3.985502266
20190828	1.918111078	1.962717467	2.071820952	2.305761907	2.3672115	2.471981554	2.561894933	2.827325649	3.042529056	3.241637814	3.377222775	3.514803652	3.665391505	3.778448818	3.896474789	4.021802755
20190827	1.914298332	1.961691881	2.071932104	2.308799321	2.379917887	2.487927682	2.594286202	2.875628833	3.0903641	3.281127077	3.417622277	3.544723654	3.683703837	3.787672995	3.89616886	4.011129637
20190826	1.915924063	1.962295607	2.069300933	2.308870484	2.379921312	2.487112702	2.588884557	2.869607573	3.080654613	3.281455753	3.414608153	3.537425963	3.67182331	3.779619749	3.89301357	4.013297481
20190823	1.911859736	1.959170267	2.069393415	2.308870484	2.378956246	2.479535514	2.583394582	2.866696093	3.07110037	3.2608597	3.382090528	3.515344525	3.661976311	3.768708367	3.879691366	3.997345427
20190822	1.908852133	1.957085877	2.070697277	2.313252784	2.375035295	2.483700797	2.580756522	2.863557519	3.080877471	3.281725487	3.425896744	3.549521795	3.684196533	3.797031563	3.916321344	4.043041947
20190821	1.909293926	1.954794708	2.071468393	2.313232589	2.375033826	2.483291287	2.578039428	2.863527095	3.087554569	3.274815889	3.410941576	3.537811401	3.676508074	3.786288724	3.901609022	4.023994792
20190820	1.913607397	1.96092622	2.071323809	2.313232589	2.375033826	2.483291287	2.578054408	2.860464037	3.087486413	3.288897921	3.418448146	3.545108123	3.684057674	3.792615737	3.906488948	4.027303971
20190819	1.921939268	1.967387415	2.07134986	2.313226819	2.375033826	2.48492579	2.588859763	2.872458205	3.113319598	3.316192244	3.446472307	3.566030336	3.697127497	3.810353549	3.930458076	4.058076584
20190821	1.91836266	1.964715077	2.072061057	2.318456344	2.384493145	2.490469569	2.596881388	2.893607316	3.139089495	3.343190282	3.481651127	3.602608855	3.734951608	3.852901764	3.978491053	4.112129099
20190820	1.932204947	1.974796135	2.06958576	2.318515967	2.384496082	2.48924508	2.588822054	2.875500617	3.106742029	3.302093222	3.431831922	3.551035472	3.681674463	3.797353567	3.920359434	4.05113383
20190819	1.928523479	1.971990512	2.069666953	2.318515967	2.384496082	2.48965358	2.591538631	2.875482145	3.106743652	3.295113533	3.417084239	3.53557091	3.66579655	3.777794607	3.896497831	4.022563508
20190808	1.932587807	1.975115852	2.069574037	2.318515967	2.384496082	2.490880089	2.599644972	2.884530062	3.119588302	3.308615739	3.430922143	3.557742413	3.697358159	3.811239732	3.93131186	4.058894345
20190807	1.920394824	1.965790489	2.069741633	2.313410497	2.377908962	2.48857401	2.583551616	2.854453643	3.06152449	3.233495819	3.346197205	3.47027616	3.606911528	3.717023352	3.832828343	3.955691771
20190806	1.921898625	1.966267989	2.066982812	2.313485506	2.376947811	2.480181843	2.572737996	2.830418043	3.016479504	3.179233193	3.283195606	3.409079856	3.547903795	3.652875473	3.762379354	3.878342544
20190805	1.923799918	1.967343402	2.069247963	2.313422518	2.376944385	2.480179823	2.572706486	2.836440933	3.029420437	3.192828319	3.29707572	3.423347906	3.562668069	3.668239492	3.778419075	3.89512794
20190804	1.917956227	1.963268461	2.06720251	2.31348166	2.376625795	2.47629428	2.561929025	2.815307577	3.00388043	3.1591644	3.269666895	3.391631927	3.52557839	3.626357906	3.731393916	3.842489074
20190801	1.92803576	1.972563512	2.073483452	2.318411146	2.384490698	2.485972034	2.567363729	2.821103916	3.029604891	3.193257348	3.311968847	3.443203861	3.587261814	3.690947544	3.798514808	3.912403829
20190731	1.922426988	1.968917905	2.076293074	2.318337579	2.384487273	2.486786509	2.572731281	2.833111665	3.055284995	3.241231086	3.361749909	3.490399893	3.631788529	3.749175575	3.87309832	4.004834037
20190730	1.920394824	1.966816491	2.074177283	2.318396721	2.383847157	2.483916912	2.583428158	2.857370013	3.080862326	3.281940532	3.411309759	3.54569161	3.693273581	3.81354389	3.940361299	4.075311054
20190729	1.915592008	1.960679581	2.07369577	2.313721114	2.383950907	2.483934585	2.583472066	2.851253135	3.080981328	3.275234831	3.393176208	3.516645142	3.652585099	3.776654279	3.908973928	4.049909241
20190728	1.920394824	1.967945051	2.078391063	2.313449444	2.381392403	2.480902397	2.578071971	2.842268239	3.061661342	3.247865639	3.361263745	3.485649687	3.622704559	3.742557604	3.869769796	4.005089536
20190725	1.924459152	1.971070806	2.078298147	2.313449444	2.381392403	2.480085398	2.572685824	2.833171427	3.05542888	3.227407641	3.343473461	3.4773821	3.62480221	3.736238574	3.852607055	3.976098852
20190724	1.91836266	1.965843637	2.076274838	2.313509067	2.381395339	2.480086913	2.572672393	2.836279033	3.048883225	3.220374324	3.339994534	3.464187568	3.600486182	3.716323011	3.838858601	3.969051519
20190723	1.919703888	1.967230463	2.077671616	2.313469639	2.381715397	2.483155962	2.57811123	2.839288305	3.048747996	3.220191137	3.339799764	3.475769162	3.62525846	3.746006082	3.873100454	4.008294958
20190722	1.920142836	1.965359909	2.07843535	2.313587924	2.38362253	2.481267977	2.580788032	2.839182364	3.061589941	3.254791699	3.383211859	3.516756513	3.663278633	3.785313837	3.914259204	4.051512771
20190721	1.920394824	1.967945051	2.078391063	2.313310965	2.378840751	2.477874754	2.57273593	2.821008297	3.04890378	3.241690912	3.36236728	3.498839862	3.64901167	3.770692295	3.898856085	4.035241244
20190718	1.914298332	1.962666811	2.076478471	2.31806062	2.378740427	2.476225607	2.561864456	2.821260383	3.023026781	3.217558555	3.348820767	3.477546736	3.618304434	3.741110797	3.871435125	4.010153987
20190717	1.919378742	1.966843065	2.077443668	2.318031289	2.378738959	2.477450096	2.569963564	2.830311559	3.032553437	3.227589766	3.348157123	3.476374438	3.617225393	3.73701121	3.863777941	3.998607336
20190716	1.914338976	1.962708748	2.076521021	2.318059658	2.378740427	2.477042606	2.567278497	2.82428378	3.023027863	3.200134557	3.319503389	3.443077964	3.578604573	3.696511678	3.821512387	3.954374498
20190715	1.915063645	1.958761278	2.077588252	2.318031289	2.378738959	2.477041597	2.567277981	2.82423597	3.02948102	3.213965436	3.333861023	3.457791981	3.593779887	3.715357881	3.844647783	3.982210723
20190714	1.908201841	1.95851713	2.078780528	2.317563921	2.373964031	2.477126427	2.567275914	2.830273529	3.042597212	3.206828048	3.325879473	3.449695326	3.585511544	3.700720818	3.822541536	3.951942545
20190711	1.914298332	1.962666811	2.076478471	2.317570171	2.373966478	2.477127942	2.567232524	2.83954854	3.029344709	3.213531097	3.326207991	3.445720842	3.577177692	3.697844941	3.826465278	3.9632784
20190710	1.924459152	1.971070806	2.078298147	2.312704155	2.368963987	2.473131816	2.5699553	2.836618588	3.016390793	3.196327986	3.312164126	3.433440518	3.566586109	3.679351347	3.798531449	3.92503481
20190709	1.924459152	1.971070806	2.078298147	2.312704155	2.369449946	2.477229436	2.567318272	2.830747276	2.980790243	3.158583512	3.284516796	3.405578454	3.53770434	3.652217711	3.773493064	3.902252782
20190708	1.938427433	1.981454142	2.080029683	2.312697904	2.369932969	2.482551039	2.57275091	2.839600152	3.016295591	3.192520352	3.340969915	3.478347638	3.627641669	3.751369295	3.881986475	4.021035438
20190707	1.936652135	1.980447656	2.078019833	2.312704155	2.36969317	2.480299494	2.572848023	2.815361906	2.987309393	3.165817007	3.299094628	3.426693387	3.565747419	3.686304632	3.814060435	3.949919061
20190704	1.936652135	1.980447656	2.078019833	2.312704155	2.36969317	2.480299494	2.572788102	2.827473966	3.003337889	3.192941417	3.341854775	3.471311911	3.61174161	3.731132611	3.857466505	3.991818373
20190703	1.935636053	1.979396741	2.076961721	2.31270704	2.369694638	2.478258006	2.559244475	2.821539089	2.990698788	3.172706428	3.306305737	3.41850134	3.540389719	3.655789491	3.779069333	3.910014527
20190702	1.924079543	1.968320823	2.077847896	2.307843909	2.364921669	2.470375328	2.551280704	2.779177845	2.952609472	3.105530982	3.222039503	3.335315116	3.458942174	3.568355636	3.684329499	3.80723642
20190701	1.929295702	1.975178135	2.078668942	2.307841504	2.364277149	2.464235715	2.540452621	2.764303166	2.914089585	3.07883507	3.188038969	3.296219613	3.414484198	3.527733686	3.648610911	3.776796404
20190630	1.936652135	1.980534021	2.077847896	2.307843909	2.362992024	2.453520806	2.529580631	2.749279082	2.901689029	3.045332037	3.153099672	3.264306558	3.385779576	3.492290443	3.604950541	3.724176815
20190627	1.939415877	1.983357083	2.08078647	2.307835734	2.363953176	2.461164141	2.535016368	2.761441125	2.894977313	3.044910442	3.145835166	3.256546439	3.377867377	3.484118329	3.596476693	3.715366008
20190626	1.935636053	1.980575543	2.081088664	2.307835254	2.363952687	2.461163636	2.535135693	2.737113236	2.888784878	3.03205125	3.125261129	3.238910632	3.363835688	3.472731922	3.587810414	3.709635541
20190625	1.934364324	1.977585149	2.080008408	2.307838138	2.364275681	2.4642342	2.540556449	2.743017689	2.907916624	3.058900083	3.181492016	3.294027063	3.416234927	3.517967512	3.62504286	3.738249744
20190624	1.930555643	1.975385743	2.075686515	2.307849679	2.36348092	2.458916636	2.535055626	2.7490308	2.927335056	3.079339498	3.195158034	3.307680152	3.430365801	3.532683527	3.640420802	3.754358871
20190623	1.932587807	1.976295899	2.0736771	2.307855929	2.363484345	2.458918656	2.534967295	2.767085343	2.959356348	3.133623362	3.251316707	3.361305667	3.481411972	3.583950733	3.692265304	3.806878802
20190620	1.941732544	1.985650327	2.08342068	2.317549015	2.373956201	2.475487379	2.556519116	2.809128221	3.016820282	3.200831729	3.313102895	3.424383653	3.546609316	3.647342386	3.753449385	3.865723454
20190619	1.925637807	1.972520745	2.079111813	2.310337501	2.369971141	2.475602507	2.556525832	2.818279905	3.023204743	3.214434289	3.319978875	3.427187775	3.545346206	3.64281834	3.74550078	3.854058692
20190618	1.894747291	1.939011473	2.073646707	2.312719061	2.369214552	2.473755927	2.559228978	2.815314096	3.010397957	3.173081829	3.269636891	3.373464449	3.488085974	3.590759425	3.699753524	3.815110532
20190617	1.912266169	1.961693957	2.078576895	2.313310965	2.379484292	2.484015881	2.583527337	2.845429632	3.042137431	3.206253001	3.296396308	3.387105918	3.487689695	3.596977771	3.715008583	3.840179334
20190616	1.908201841	1.957490713	2.074344878	2.313430211	2.379490164	2.482385418	2.572727665	2.833308878	3.035887659	3.206847695	3.289831048	3.39929666	3.521152891	3.627121229	3.739338679	3.858223769
20190613	1.906169677	1.956415716	2.076664303	2.318199099	2.381613605	2.484774812	2.58884375	2.863562408	3.067908951	3.233272278	3.316631151	3.434681093	3.566217051	3.680642475	3.801916721	3.930702122
20190612	1.91836266	1.967247902	2.080029683	2.313031121	2.381710993	2.484788446	2.588824121	2.869673311	3.071037082	3.246872713	3.345431343	3.468825437	3.605578298	3.721821058	3.844797547	3.975476716
20190611	1.922174593	1.967604573	2.080029683	2.313031121	2.381710993	2.484788446	2.58879416	2.875732601	3.080735751	3.260548548	3.359515382	3.483292984	3.620537713	3.737416602	3.861115892	3.992597581
20190610	1.911737806	1.961147531	2.07802678	2.313464831	2.382357959	2.488889095	2.586157649	2.869685806	3.067727202	3.253850808	3.352897231	3.476448039	3.613415763	3.726915933	3.846670241	3.973841605
20190609	1.898041022	1.950164206	2.076849701	2.318614538	2.388947525	2.489970685	2.594116771	2.896819234	3.119536915	3.308382638	3.412300904	3.541704053	3.685259429	3.800562093	3.921912547	4.050882842
20190606	1.905153595	1.95644229	2.079931123	2.318525103	2.389586662	2.496518797	2.607644385	2.918041146	3.138836886	3.307416262	3.407050727	3.540251873	3.688254356	3.79945991	3.915590016	4.038865795
20190605	1.896008858	1.950166282	2.083494057	2.3236801	2.399687564	2.507386199	2.621136873	2.942307643	3.15461061	3.327213724	3.434912665	3.565391648	3.71000218	3.824957351	3.945834312	4.074305463
20190604	1.893731615	1.938194326	2.077142342	2.32344305	2.392039948	2.499941812	2.615677374	2.94242282	3.154737726	3.330916757	3.424048708	3.55348369	3.697777967	3.810740755	3.929293669	4.055218116
20190603	1.902714999	1.953869189	2.077502717	2.32314878	2.386934686	2.495110509	2.613061009	2.918067767	3.132126252	3.310902652	3.403636893	3.532398297	3.675854838	3.787833555	3.905282302	4.029987733
20190602	1.914298332	1.964175295	2.080029683	2.313097956	2.384906186	2.493958227	2.605004775	2.905863891	3.132346946	3.32184024	3.429810473	3.552005847	3.687324783	3.802189862	3.923807854	4.053070782
20190530	1.91836266	1.968327051	2.084351576	2.313019581	2.382348661	2.491335043	2.602304211	2.899789389	3.129228551	3.315114361	3.422786	3.544779338	3.679843001	3.799004403	3.925680978	4.060465066
20190529	1.912266169	1.964257923	2.086533797	2.318207274	2.400428982	2.511498967	2.618536004	2.929885909	3.171016668	3.369633978	3.479050957	3.590755131	3.714515333	3.843754321	3.983416211	4.132459078
20190528	1.91140697	1.958983419	2.085885557	2.318209197	2.400429961	2.511499472	2.618536521	2.929885909	3.171016668	3.369634509	3.479050957	3.590755131	3.714515333	3.843754321	3.983416211	4.132459078
20190527	1.906169677	1.957467461	2.081044377	2.321255746	2.397833285	2.510103302	2.623963477	2.92986961	3.17093553	3.369567606	3.478969083	3.598631466	3.731304366	3.868103893	4.015873266	4.173845751
20190526	1.929539561	1.976221991	2.083810145	2.323788768	2.402882268	2.515331996	2.629380101	2.935972363	3.164161067	3.362214641	3.478913651	3.602941032	3.74005341	3.874373691	4.018807538	4.173119447
20190523	1.920882543	1.968372725	2.079064921	2.321300944	2.397835732	2.511332335	2.632092546	2.93600659	3.164152953	3.362248093	3.471549472	3.591037431	3.723482584	3.853689483	3.99368467	4.143102665
20190522	1.931978158	1.977538229	2.082300913	2.335562412	2.404556943	2.528410548	2.626964677	2.896244435	3.125434549	3.29364485	3.415089741	3.529795611	3.655761788	3.776412553	3.905659058	4.043233059
20190521	1.92696928	1.972261234	2.086044035	2.335464322	2.404552049	2.528406508	2.626962094	2.896242805	3.125433467	3.293644319	3.415088724	3.529795125	3.655761788	3.776411667	3.905658631	4.04323224
20190520	1.926491315	1.97414715	2.084960305	2.323758956	2.403202326	2.517585561	2.629553148	2.905430347	3.138406856	3.314237188	3.440093679	3.561575989	3.695000325	3.817742825	3.948806132	4.08840423
20190519	1.930555643	1.976464893	2.080029683	2.312964766	2.379802881	2.486675926	2.58623565	2.85118631	3.087389048	3.292526616	3.425913016	3.562852879	3.713150728	3.842156712	3.979026961	4.125006966
20190516	1.937993363	1.982860898	2.083852261	2.317704324	2.377786616	2.489769212	2.591632128	2.863290221	3.100149856	3.316388174	3.461873465	3.602412263	3.756232569	3.888835117	4.029680602	4.180062612
20190515	1.931571725	1.978582085	2.085453541	2.317676435	2.380657347	2.495048905	2.597037388	2.875282215	3.125970059	3.357754439	3.519737786	3.666780215	3.827262919	3.969716201	4.121684569	4.284374942
20190514	1.92501881	1.96846698	2.079181717	2.313148924	2.377574712	2.484676853	2.572672393	2.851189026	3.10048198	3.337977682	3.506950525	3.653809876	3.813588757	3.955253889	4.106334362	4.268034513
20190513	1.934619971	1.980616649	2.084351576	2.31230266	2.362957768	2.456020278	2.545450317	2.827368568	3.062148169	3.300979763	3.461442224	3.608401105	3.768569808	3.912937197	4.067105909	4.232169973
20190512	1.953925527	1.996104665	2.087466864	2.317180217	2.368925326	2.470654561	2.553662552	2.833320287	3.061834977	3.304126329	3.457415595	3.609923011	3.776783256	3.920426269	4.073111843	4.236548718
20190509	1.932587807	1.979620128	2.086512522	2.312680113	2.368622886	2.464942131	2.545561894	2.818116376	3.062259057	3.290872092	3.428473012	3.571377099	3.728193182	3.862789027	4.005657713	4.15823901
20190508	1.938299	1.981556286	2.088662614	2.309838398	2.362964619	2.453574835	2.529356961	2.791173642	3.010927516	3.215679429	3.343342257	3.479417763	3.62862983	3.758469829	3.896284918	4.043217064
20190507	1.928523479	1.976547521	2.086480392	2.305390225	2.362089109	2.464279645	2.540227919	2.812332532	3.026735318	3.235596362	3.363960029	3.496747542	3.642357966	3.775669634	3.917939738	4.069774977
20190506	1.909217923	1.961144209	2.083228335	2.302969718	2.357985618	2.449186872	2.529314604	2.800491029	2.997992533	3.187719261	3.321656042	3.44971324	3.589393138	3.713914179	3.846306284	3.987257949
20190505	1.91836266	1.967247902	2.079987133	2.302625923	2.355117334	2.444535329	2.529341981	2.788501209	2.972193426	3.160553435	3.293807839	3.428882549	3.576298403	3.703808256	3.83895887	3.982915293
20190502	1.924459152	1.973475329	2.086469538	2.302309536	2.3529567	2.444765584	2.529306855	2.79757466	2.985027798	3.180955681	3.314955507	3.446704777	3.590492018	3.721415669	3.860950339	4.009725831
20190501	1.920142836	1.966123909	2.082105095	2.292495281	2.34296542	2.434743458	2.521218594	2.785515842	2.985307453	3.188431832	3.322739743	3.458546397	3.606921216	3.741871014	3.885744663	4.039298874
20190430	1.922426988	1.971399243	2.084137088	2.264160352	2.319537591	2.39976044	2.480638335	2.746731062	2.941226384	3.14217952	3.275174391	3.409478854	3.555973307	3.688518309	3.829641051	3.98011506
20190429	1.949861199	1.992465287	2.082016521	2.262669773	2.310973357	2.385534152	2.459084447	2.707639324	2.903280412	3.095631985	3.234363483	3.375555799	3.529142134	3.657888296	3.793823046	3.938582387
20190428	1.936652135	1.98161317	2.082169354	2.307117853	2.353423573	2.450889543	2.540046607	2.827664117	3.036403695	3.248968478	3.39245052	3.546608241	3.715476734	3.856565356	4.005933775	4.165652982
20190425	1.940716462	1.985764927	2.086491247	2.307954019	2.368726146	2.468226791	2.567033649	2.869742851	3.100532285	3.330564718	3.49164497	3.657883625	3.839950763	3.993969528	4.157609245	4.333212494
20190424	1.942490541	1.986579168	2.088683889	2.315237657	2.376866083	2.483012558	2.591338207	2.908966608	3.151933605	3.391860661	3.547598703	3.719592721	3.908898224	4.076594144	4.255934465	4.449032925
20190423	1.947829036	1.990871683	2.085421411	2.310520218	2.376973748	2.479763749	2.569835458	2.86641304	3.119972355	3.365661211	3.513239141	3.679433871	3.86247823	4.02738538	4.203923131	4.393855889
20190422	1.940716462	1.985764927	2.086491247	2.308020374	2.37027407	2.460962164	2.550849379	2.836465381	3.061900428	3.304025974	3.472123107	3.637889183	3.818890314	3.981341226	4.155069652	4.341834652
20190421	1.936286345	1.981239475	2.081759048	2.302973565	2.357744351	2.446407156	2.526669311	2.782199069	2.997974682	3.222740887	3.402614727	3.562665001	3.735988668	3.890618124	4.055630801	4.232641189
20190418	1.964706563	2.006013408	2.081316612	2.29746131	2.34660057	2.427305129	2.502345124	2.746262748	2.946920092	3.175951757	3.354561179	3.512919062	3.684130101	3.832968905	3.991221877	4.160700492
20190417	1.94502465	1.989086249	2.086685763	2.291677386	2.329166726	2.412382018	2.49156973	2.725149493	2.947396641	3.176823621	3.362656639	3.525518004	3.701403066	3.851256697	4.010298277	4.180668344
20190416	1.930555643	1.978623192	2.088576645	2.289141961	2.326343465	2.405652126	2.475434016	2.695231172	2.896369096	3.109199499	3.285235363	3.441318305	3.609655496	3.754866116	3.908956435	4.073751405
20190415	1.927954473	1.974887068	2.081478563	2.286992162	2.326083113	2.403032982	2.472742234	2.689186551	2.896626032	3.088802563	3.270826876	3.419049476	3.578040371	3.715083335	3.860361095	4.015425542
20190414	1.936205058	1.982235581	2.085940699	2.288937607	2.320926465	2.398161283	2.470047352	2.6803114	2.871001101	3.061803463	3.235829095	3.378767635	3.532119069	3.666843245	3.809835033	3.962329403
20190411	1.928269459	1.972207256	2.086405278	2.286026653	2.310457056	2.38581894	2.461860429	2.680599885	2.851865569	3.048391525	3.207850197	3.349266001	3.501667408	3.635086656	3.776571982	3.927374078
20190410	1.924459152	1.973475329	2.086394858	2.283405158	2.305409541	2.380226181	2.453811942	2.662654543	2.826434287	3.028601495	3.187749102	3.324666133	3.471952487	3.60374122	3.743732195	3.892855928
20190409	1.928523479	1.975468372	2.08206211	2.281179388	2.3054668	2.378538659	2.443112999	2.65958551	2.839568328	3.028857425	3.183901991	3.316715711	3.459616631	3.590635679	3.730110036	3.878650945
20190408	1.933603889	1.978499457	2.078778357	2.271612762	2.299291742	2.364516872	2.437650401	2.629629158	2.807980312	2.982237146	3.139175824	3.267133925	3.404206778	3.526590256	3.656370496	3.79424249
20190407	1.937668216	1.982651213	2.083099816	2.271494477	2.299928921	2.369034605	2.437697924	2.629646543	2.801455212	2.989087276	3.132328321	3.267021584	3.412442828	3.535742137	3.665828265	3.804046171
20190404	1.944522299	1.987463996	2.08202998	2.273868824	2.301164128	2.379557131	2.448588511	2.635504273	2.813965575	3.009140139	3.153104249	3.288347636	3.434480368	3.552759207	3.676944965	3.808760797
20190403	1.942748626	1.985682299	2.079901164	2.281515009	2.311210709	2.390736083	2.464818755	2.651298739	2.83923945	3.028899904	3.165974401	3.301297152	3.448005058	3.566936327	3.691856546	3.824489342
20190402	1.946683302	1.989679179	2.084233477	2.284986614	2.335066749	2.421424553	2.491751558	2.707159601	2.902453347	3.105202838	3.26274413	3.39978669	3.547752481	3.669239661	3.797216425	3.933296889
20190401	1.955673188	1.997039319	2.084518738	2.296827574	2.337037991	2.42136295	2.491690088	2.710128669	2.908859986	3.112095446	3.244455473	3.373956418	3.514946674	3.633288126	3.758176564	3.890850902
20190331	1.929285134	1.97296129	2.083185785	2.291774033	2.329492656	2.413078335	2.481006124	2.689165362	2.88355041	3.075233986	3.20633322	3.334797484	3.474460713	3.594087704	3.720533223	3.854859225
20190328	1.941488685	1.986553839	2.08720505	2.281038024	2.306745073	2.390023103	2.459258011	2.67747598	2.864739429	3.06918457	3.200510425	3.332559898	3.476210524	3.599091655	3.728979338	3.867062872
20190327	1.954941609	1.997488169	2.087804662	2.283346016	2.30669173	2.390013509	2.459220302	2.683501586	2.871319702	3.048325153	3.207071112	3.344674617	3.492801186	3.625611882	3.766767322	3.917194734
20190326	1.951893363	1.993284095	2.080250684	2.281762156	2.316951193	2.400490084	2.470018425	2.701462141	2.890162057	3.081791548	3.238297043	3.382426891	3.538221028	3.673484725	3.816891451	3.969850414
20190325	1.941732544	1.984644256	2.078842617	2.286234372	2.311751968	2.395244222	2.464628661	2.689508177	2.871005429	3.068632885	3.214162205	3.35895671	3.516047858	3.650469302	3.792718373	3.944378064
20190324	1.914291829	1.960740203	2.080182082	2.28592087	2.3066516	2.390012499	2.459190341	2.689533168	2.877463995	3.089242212	3.242931884	3.392735951	3.555149382	3.694572547	3.842288246	3.999998429
20190321	1.898041022	1.951885697	2.079922873	2.285651604	2.30281776	2.390050875	2.459217719	2.689524476	2.880695983	3.092598515	3.260881345	3.409963074	3.570767108	3.712228307	3.862529053	4.023102803
20190320	1.908201841	1.961185316	2.086405278	2.285473215	2.300581271	2.375945772	2.440408303	2.659479025	2.85876228	3.069883335	3.230199548	3.37209943	3.525160431	3.662576449	3.808750413	3.96472732
20190319	1.909217923	1.961144209	2.083142801	2.28045766	2.293362356	2.37168758	2.440325653	2.65351481	2.85237241	3.070107407	3.230640453	3.372509082	3.525540102	3.662945026	3.809108824	3.965075912
20190318	1.911697163	1.96259747	2.081499839	2.290021402	2.296351029	2.379081979	2.445857987	2.66241278	2.868275954	3.083335628	3.258645288	3.398151477	3.54777647	3.682820671	3.826570669	3.979918207
20190317	1.917095403	1.961353479	2.083142801	2.280181182	2.287622362	2.360239493	2.424197171	2.623645385	2.81120094	3.023445712	3.182618941	3.311507918	3.449824527	3.579998402	3.718889228	3.866778257
20190314	1.920394824	1.969323573	2.08208382	2.285176542	2.294225141	2.378325068	2.44045376	2.662501879	2.861987236	3.069756431	3.237223515	3.371919785	3.516508723	3.649937503	3.792201238	3.9438765
20190313	1.883815875	1.941672185	2.08206211	2.280625951	2.296555102	2.37956824	2.448388086	2.677527592	2.877706867	3.103507961	3.26522123	3.408114804	3.56244894	3.695446309	3.836371487	3.986639093
