DATE	1	7	30	90	180	270	360	720	1080	1440	1800	2160	2520	2880	3240	3600	5400	7200	9000	10800
20200306	0.08065221	0.07958916	0.07835831	0.07976697	0.07990014	0.07965481	0.07910044	0.07672565	0.07701386	0.07690192	0.076732011	0.0762393	0.07585972	0.07583849	0.07591853	0.07595899	0.07634808	0.07673275	0.07696958	0.07709289
20200305	0.078776577	0.07958916	0.07835831	0.079584018	0.08008256	0.07965481	0.079280623	0.076534918	0.076657256	0.077660315	0.076731008	0.075226625	0.074972936	0.07549164	0.076218233	0.076905205	0.075717381	0.077192541	0.074572159	0.0775714
20200304	0.078776577	0.07958916	0.078718578	0.07976697	0.079535299	0.079472115	0.079280623	0.076531228	0.077223269	0.078628064	0.077556282	0.075596024	0.074857909	0.076013971	0.077300183	0.077577585	0.075142791	0.075582036	0.071996272	0.073473445
20200303	0.079706891	0.07958916	0.078718578	0.07976697	0.079535299	0.079472115	0.079280623	0.075847334	0.075926827	0.076375681	0.075333093	0.074125564	0.073136619	0.074287977	0.075517191	0.07511679	0.073251472	0.071891382	0.070890907	0.069406142
20200302	0.078776577	0.07958916	0.078718578	0.080315826	0.080447401	0.080725638	0.080185467	0.076978291	0.077877341	0.078903133	0.078163341	0.076670643	0.075565084	0.076594704	0.077701513	0.077296996	0.075172785	0.073100468	0.069048824	0.071061054
20200228	0.078776577	0.079519011	0.078718578	0.080498777	0.080629822	0.081054049	0.080551762	0.077385622	0.078204245	0.078778899	0.078713568	0.076833846	0.076682369	0.077384841	0.077966058	0.077798154	0.075228661	0.074248927	0.071753199	0.067375457
20200227	0.078776577	0.079222217	0.078718578	0.080498777	0.080994663	0.081078439	0.080541671	0.076806993	0.077684609	0.077848448	0.077980814	0.076204837	0.077207953	0.077871301	0.078286998	0.078245195	0.077053314	0.076076876	0.074730526	0.069694397
20200226	0.078776577	0.07886066	0.07745764	0.080132874	0.080812242	0.081070181	0.080181503	0.076811997	0.077676931	0.078320024	0.078198921	0.076611217	0.078219234	0.079112346	0.079624544	0.079612704	0.079382708	0.078959197	0.077699969	0.074630848
20200225	0.078776577	0.077840771	0.07745764	0.080132874	0.080975892	0.081041462	0.08018136	0.076762656	0.077934115	0.079024691	0.079510532	0.077766088	0.0800275	0.080453238	0.080310614	0.080580096	0.079812868	0.080389614	0.076443454	0.081107944
20200224	0.078776577	0.07773825	0.07745764	0.080315826	0.081146765	0.081059274	0.080181522	0.077319356	0.078223284	0.079656397	0.079457295	0.07815249	0.080699094	0.081192374	0.081055773	0.081488727	0.079562521	0.079630376	0.077038079	0.079451243
20200221	0.078776577	0.07773825	0.07745764	0.080132874	0.081177083	0.081084065	0.07982157	0.077858519	0.078962913	0.080401242	0.080785319	0.078804405	0.081064903	0.081948064	0.082132317	0.082566113	0.080742578	0.080790118	0.081644016	0.078775737
20200220	0.077088508	0.07773825	0.07745764	0.079949922	0.081724345	0.08129906	0.081623059	0.080025972	0.082162685	0.083755694	0.083828622	0.081368762	0.083580771	0.084828527	0.085479368	0.086191395	0.083220392	0.08255718	0.083078433	0.076644357
20200219	0.077088508	0.07773825	0.078178176	0.079035163	0.081177083	0.081061631	0.081623672	0.082225526	0.083743587	0.084894302	0.084175418	0.081868764	0.081976786	0.083035926	0.084142076	0.084874703	0.083409276	0.078509102	0.077169583	0.074500308
20200218	0.07792579	0.07773825	0.078178176	0.079035163	0.081177083	0.081022425	0.081447741	0.081312932	0.082258997	0.083023228	0.082190827	0.080372143	0.0805188	0.081312187	0.082037718	0.082119815	0.080620703	0.074434973	0.072138665	0.073882718
20200217	0.077088508	0.07773825	0.078178176	0.079035163	0.081177083	0.081009673	0.081623257	0.08098588	0.081388537	0.081806602	0.080715722	0.078582526	0.079555785	0.080195473	0.08037031	0.080141508	0.079864424	0.073614783	0.068551986	0.074444749
20200214	0.077088508	0.077675114	0.078178176	0.079218114	0.081177083	0.081068354	0.081443146	0.080208973	0.081514908	0.081734123	0.081543215	0.079575538	0.081344369	0.081287121	0.080495423	0.080328689	0.081304189	0.075834117	0.072471328	0.073907875
20200213	0.076900945	0.077497946	0.078178176	0.07976697	0.081177083	0.081060553	0.081623276	0.079548187	0.081266893	0.081563791	0.080620395	0.079332192	0.082177111	0.082055414	0.080870265	0.080488951	0.080819065	0.075994928	0.071302844	0.072949355
20200212	0.076900945	0.076448553	0.076917237	0.07866926	0.080812242	0.08166445	0.08198348	0.080760869	0.083331483	0.083719637	0.083114032	0.081680694	0.085189017	0.084923374	0.083414003	0.083361785	0.083359299	0.078567823	0.073021679	0.077651902
20200211	0.076900945	0.075938609	0.076917237	0.07866926	0.080812242	0.08166445	0.08216815	0.082619724	0.084133684	0.084634654	0.083933986	0.082384946	0.085363241	0.085404961	0.084186611	0.083685221	0.082882153	0.078512552	0.073651961	0.085110079
20200210	0.076900945	0.075887339	0.076917237	0.07866926	0.080447401	0.081222931	0.082008147	0.084027676	0.08442969	0.085353863	0.084174135	0.081919902	0.084765546	0.08504293	0.083982867	0.08370938	0.082061577	0.079462502	0.079286788	0.082763896
20200207	0.076900945	0.075887339	0.076917237	0.077754501	0.07971772	0.080385588	0.081623005	0.081739729	0.081479752	0.082891102	0.081659806	0.080316637	0.081759208	0.081367043	0.08022083	0.079794506	0.078723467	0.078123972	0.079999618	0.0867813
20200206	0.076900945	0.075887339	0.076917237	0.077754501	0.07971772	0.080385588	0.080182206	0.080424159	0.080537272	0.081381869	0.080872747	0.080070846	0.081530952	0.08121482	0.080203202	0.079758061	0.078646371	0.078191495	0.082604472	0.097523414
20200205	0.077838761	0.076899139	0.076556969	0.078303356	0.07990014	0.079837505	0.079666035	0.080348568	0.080124748	0.082593511	0.082118583	0.08108374	0.081897318	0.081420496	0.080500148	0.080426531	0.078189544	0.077631649	0.077851226	0.087451846
20200204	0.077838761	0.076812794	0.076556969	0.078486308	0.07990014	0.079751657	0.079484141	0.078345979	0.077587208	0.080039401	0.080501638	0.079211003	0.079302823	0.078633635	0.077685453	0.077393554	0.075588038	0.073192171	0.072926551	0.079263797
20200203	0.077838761	0.076812794	0.076556969	0.078120404	0.07971772	0.079709052	0.078934005	0.076524346	0.076450427	0.078833897	0.079480793	0.077790181	0.077739803	0.078151503	0.078316044	0.077475149	0.076427092	0.072879186	0.070432953	0.081526134
20200131	0.077838761	0.076812794	0.076556969	0.077205645	0.07971772	0.080020199	0.079830218	0.076495219	0.076450131	0.080026569	0.080828385	0.079152	0.078697445	0.079072948	0.079572484	0.079037101	0.078030921	0.07352797	0.073324793	0.082451886
20200130	0.077838761	0.076812794	0.075115897	0.076656789	0.078258356	0.078581936	0.078748993	0.076210211	0.076549909	0.079243138	0.080533516	0.078918927	0.078087173	0.078042986	0.07824796	0.07799052	0.077694077	0.07144181	0.075045743	0.08121158
20200129	0.077838761	0.076812794	0.075115897	0.075924983	0.078258356	0.078558643	0.07748216	0.074980522	0.075286183	0.076796702	0.076081124	0.074525143	0.073947379	0.074089903	0.074524998	0.074897107	0.072802351	0.066836392	0.067597419	0.079456466
20200128	0.077838761	0.076812794	0.075115897	0.075924983	0.078258356	0.078558643	0.077479097	0.073710769	0.074299689	0.075712274	0.074325226	0.072590596	0.071888559	0.072195171	0.072678057	0.072339247	0.071198662	0.064843564	0.064463033	0.071392267
20200127	0.077838761	0.076812794	0.075115897	0.077937452	0.079170458	0.079289421	0.078200082	0.075949308	0.0764128	0.078320258	0.076605929	0.074682611	0.074185367	0.074512898	0.07482373	0.074257398	0.072499113	0.064542057	0.065259455	0.072875108
20200124	0.077838761	0.076812794	0.075115897	0.078486308	0.078623197	0.078757305	0.078019899	0.07572438	0.076271356	0.07721987	0.074702911	0.072762766	0.07222658	0.072143714	0.072227533	0.072137635	0.070213162	0.063016744	0.065190657	0.069870994
20200123	0.076713381	0.075788593	0.074395361	0.079401066	0.078440776	0.078810104	0.078200065	0.075955193	0.076141489	0.076752313	0.075048008	0.072878509	0.072256287	0.072499044	0.072887169	0.073316815	0.071548329	0.0627674	0.066803048	0.075780344
20200122	0.076713381	0.075691994	0.074035093	0.079401066	0.078440776	0.078956424	0.078203632	0.076138245	0.075515641	0.075937736	0.07423268	0.071794511	0.071604364	0.07170017	0.071586704	0.071937822	0.069909197	0.066895549	0.061908054	0.068774669
20200121	0.076713381	0.075702248	0.074035093	0.079401066	0.078440776	0.078972044	0.078380212	0.076299351	0.076025253	0.076735725	0.074701039	0.072399924	0.072243657	0.072442913	0.072454781	0.073205504	0.071316744	0.068613361	0.065496761	0.072503173
20200120	0.076713381	0.075702248	0.074035093	0.079401066	0.078440776	0.079677665	0.079100981	0.077229369	0.07760878	0.077841257	0.075149845	0.073808053	0.073303858	0.073063954	0.072931104	0.07351787	0.072191002	0.070958037	0.069574139	0.078845323
20200117	0.076713381	0.075702248	0.074035093	0.07866926	0.078440776	0.079702165	0.079281037	0.07704946	0.077277074	0.077155985	0.074454743	0.073408474	0.07281997	0.072433958	0.072440408	0.072659077	0.071599792	0.07098744	0.070826638	0.087115746
20200116	0.076713381	0.075702248	0.075476166	0.07866926	0.078988038	0.080246831	0.079641188	0.07681105	0.076152197	0.076573695	0.07473666	0.07362244	0.072729343	0.072090381	0.071878926	0.07210662	0.072121566	0.068751208	0.066595427	0.082345387
20200115	0.076713381	0.075702248	0.075476166	0.07866926	0.078440776	0.080032257	0.079642647	0.075739791	0.075853548	0.075586053	0.074278913	0.073130774	0.071738201	0.070574116	0.070032447	0.070370339	0.069421105	0.066181268	0.063466335	0.076009528
20200114	0.076713381	0.075702248	0.075115897	0.079218114	0.07990014	0.08166445	0.08127936	0.079208118	0.079402588	0.079845846	0.07927553	0.07763252	0.075655919	0.074697917	0.074416225	0.07394651	0.072745035	0.069077884	0.0644196	0.085426245
20200113	0.076713381	0.075702248	0.074935763	0.079584018	0.080447401	0.081658348	0.081442822	0.078572302	0.078778682	0.079032525	0.077240509	0.076520074	0.074923831	0.073897758	0.073489858	0.073229958	0.072397459	0.067904158	0.062883403	0.078876281
20200110	0.076713381	0.075702248	0.074755629	0.079401066	0.080447401	0.081657087	0.081442822	0.078044745	0.077318835	0.077174327	0.075073765	0.072675749	0.071053573	0.069994934	0.069147078	0.067673513	0.068398754	0.062630191	0.056547045	0.068431377
20200109	0.076713381	0.075702248	0.075836434	0.079584018	0.079535299	0.081649213	0.080902273	0.077420533	0.076796167	0.076214719	0.074230528	0.071932569	0.070685236	0.069694589	0.068809125	0.068630478	0.066115196	0.060916558	0.05535051	0.066751316
20200108	0.076713381	0.075702248	0.076016567	0.079584018	0.08008256	0.081644975	0.080938724	0.078546701	0.0786039	0.077919685	0.076725047	0.073933029	0.071624471	0.070264658	0.069495594	0.068752799	0.065203447	0.060316321	0.055256199	0.068360148
20200107	0.076713381	0.075702248	0.073674825	0.07866926	0.08008256	0.081642142	0.080915246	0.078165304	0.078431854	0.078232154	0.0771117	0.074124161	0.071335578	0.069684448	0.068687793	0.068032464	0.064916068	0.05998672	0.055919212	0.067199836
20200106	0.076713381	0.075702248	0.073674825	0.077937452	0.080447401	0.081834026	0.080916254	0.078646397	0.079489062	0.080422742	0.079515611	0.076885964	0.073414897	0.071323481	0.070306959	0.069851414	0.066828768	0.062629973	0.059519979	0.071808595
20200103	0.076713381	0.075702248	0.073674825	0.077388597	0.08008256	0.081470556	0.080735008	0.078174083	0.079356429	0.08077181	0.079551846	0.077532217	0.074162972	0.072340692	0.071820771	0.071292125	0.069362853	0.066383066	0.064419443	0.077733591
20200102	0.076900945	0.074334832	0.071873484	0.076473839	0.07971772	0.08149933	0.080554735	0.078190806	0.079574697	0.081031969	0.080191573	0.078609535	0.075465696	0.073751939	0.073206968	0.072635729	0.071477493	0.070107616	0.068623531	0.082984709
20200101	0.076900945	0.074784344	0.071873484	0.075376128	0.07971772	0.081503642	0.080580717	0.078409783	0.079770336	0.080949887	0.080568669	0.078949191	0.075793417	0.07422472	0.073916325	0.073127396	0.073076223	0.071097171	0.069443368	0.086650234
20191231	0.076900945	0.074961883	0.071873484	0.075376128	0.080994663	0.081627765	0.080913065	0.078434902	0.07999339	0.081297551	0.080869178	0.078686278	0.075146387	0.073789725	0.073747167	0.072974549	0.072400188	0.069928927	0.067854151	0.08235183
20191230	0.076900945	0.075094094	0.071873484	0.075376128	0.080629822	0.082029838	0.081092258	0.078656023	0.080461739	0.082315725	0.081538135	0.079062369	0.075176324	0.073839976	0.074045827	0.072829859	0.071076642	0.068357323	0.066120186	0.082547735
20191227	0.077838761	0.075118378	0.071873484	0.076107935	0.081359504	0.082204714	0.081278315	0.081604806	0.084311558	0.086542968	0.085761527	0.082732432	0.078769763	0.077493367	0.077457933	0.076452591	0.074981474	0.070835148	0.068066539	0.088734051
20191226	0.077838761	0.075277556	0.071152949	0.075924983	0.080812242	0.081887429	0.081287036	0.08241546	0.084114178	0.087881651	0.085577503	0.082049961	0.07777242	0.076522621	0.076931979	0.07550484	0.073492429	0.068311076	0.064508811	0.079589309
20191225	0.077463634	0.075742172	0.071333082	0.075924983	0.080812242	0.082192364	0.081519472	0.082767	0.084452288	0.087027246	0.085117911	0.08096727	0.076885005	0.075247358	0.07476457	0.073489312	0.070666679	0.064957252	0.059568686	0.081533171
20191224	0.077838761	0.075887339	0.071333082	0.075924983	0.080812242	0.082190829	0.081469723	0.082734016	0.084277242	0.086809472	0.085274762	0.080974119	0.076651692	0.074699399	0.073955245	0.072121363	0.069775958	0.063369521	0.058997181	0.074389697
20191223	0.077838761	0.076019549	0.071333082	0.075924983	0.080812242	0.082434671	0.081831964	0.083479055	0.085338026	0.087762752	0.086520211	0.082844085	0.078531066	0.076516314	0.07599687	0.074502801	0.071469665	0.065410495	0.060911393	0.075327852
20191220	0.078776577	0.076043833	0.071333082	0.075924983	0.080629822	0.082397147	0.082194186	0.083938669	0.085680906	0.089177977	0.087788421	0.083939191	0.079856142	0.078013127	0.077774421	0.076435171	0.072971177	0.067717747	0.063656959	0.078983001
20191219	0.078776577	0.076203012	0.071513217	0.077022693	0.080812242	0.082552729	0.082553615	0.083971585	0.086816553	0.090186037	0.088896801	0.085501713	0.081197673	0.079073956	0.078442191	0.077341597	0.073888739	0.068178043	0.063379709	0.08116877
20191218	0.078384308	0.076667627	0.072053618	0.077205645	0.081177083	0.083161649	0.083151824	0.084751934	0.088123735	0.091934997	0.090391607	0.087601218	0.083524755	0.081753943	0.081485413	0.080332827	0.076833275	0.069899486	0.063827683	0.087114055
20191217	0.078776577	0.076812794	0.072053618	0.077205645	0.081177083	0.083160279	0.083099247	0.087068674	0.090239691	0.093590796	0.09220991	0.089566502	0.085855009	0.083952251	0.08365197	0.08295108	0.079537446	0.073458206	0.068531016	0.084740349
20191216	0.078776577	0.076945005	0.072053618	0.077205645	0.081177083	0.082982261	0.083097337	0.087159676	0.090525472	0.09395217	0.092373912	0.089628821	0.086161076	0.084394096	0.083782515	0.08328665	0.080550715	0.075051171	0.070851067	0.085212606
20191213	0.078776577	0.077374008	0.073494691	0.077205645	0.081177083	0.083104667	0.083605706	0.087530034	0.090706719	0.094489005	0.092525189	0.08975416	0.086200363	0.084494843	0.083927179	0.083434751	0.081522998	0.078048534	0.074749564	0.092167781
20191212	0.079901957	0.077287127	0.074755629	0.077754501	0.081359504	0.084020058	0.083817204	0.087933873	0.091803947	0.094814833	0.092823426	0.090257527	0.086784305	0.084967021	0.084418366	0.084143348	0.082512487	0.079308234	0.077199704	0.092542046
20191211	0.07952683	0.077615756	0.074755629	0.077754501	0.081359504	0.083593302	0.083349089	0.087937298	0.092509681	0.095485709	0.093559882	0.091065059	0.087656246	0.085652971	0.084807635	0.08414095	0.083210055	0.078297336	0.075151857	0.098468056
20191210	0.079901957	0.07773825	0.074755629	0.077754501	0.081359504	0.083595988	0.083100364	0.088499285	0.093173575	0.096028302	0.093648632	0.091144997	0.087575786	0.085724304	0.084727246	0.083862302	0.08280454	0.077239125	0.072672513	0.092807987
20191209	0.079901957	0.077858041	0.074755629	0.078120404	0.081906764	0.083664133	0.083099463	0.088265879	0.092483601	0.09565069	0.093285183	0.090751988	0.087468497	0.085550701	0.084388459	0.083498006	0.081697602	0.076313651	0.071652789	0.091338382
20191206	0.081027337	0.07787207	0.074755629	0.078120404	0.081906764	0.083608959	0.083455631	0.087719203	0.092260143	0.09491454	0.09313547	0.090399736	0.087140459	0.085164306	0.08360574	0.082746225	0.080964313	0.075480098	0.070742581	0.08756726
20191205	0.081027337	0.078065268	0.074755629	0.07866926	0.081724345	0.083938594	0.08345646	0.088298063	0.09235145	0.095282901	0.093676648	0.090814561	0.087326693	0.085198564	0.083960233	0.083089294	0.080407575	0.074938742	0.070240446	0.087011301
20191204	0.080556609	0.078668128	0.074755629	0.07866926	0.081724345	0.084234341	0.083696536	0.088203603	0.091934125	0.095027959	0.093978239	0.090395004	0.086824496	0.084970451	0.084018305	0.083161972	0.080762851	0.074458142	0.069743085	0.086467027
20191203	0.081027337	0.078848796	0.074755629	0.07866926	0.082089184	0.084094488	0.08399582	0.08837254	0.092608557	0.095958322	0.094677658	0.091303432	0.087806647	0.085902582	0.084628883	0.083802138	0.081202082	0.074717057	0.069733868	0.084415722
20191202	0.081027337	0.079007437	0.074755629	0.07866926	0.082271605	0.08460269	0.084146201	0.089268512	0.094159805	0.097813596	0.096672247	0.09295827	0.08927637	0.087157018	0.085872428	0.085052949	0.081882537	0.075398945	0.070495541	0.088003356
20191129	0.082152717	0.079036589	0.074755629	0.07866926	0.082454025	0.08481319	0.08432633	0.090201605	0.094914121	0.098765167	0.097575952	0.093756751	0.089916513	0.08753609	0.086311735	0.085049403	0.081780621	0.075584619	0.070385127	0.088000596
20191128	0.082152717	0.079227604	0.075656299	0.080132874	0.082271605	0.084840594	0.084506495	0.089613567	0.093719788	0.097848016	0.097060838	0.093114733	0.08921762	0.086774419	0.085415256	0.084609337	0.08083173	0.074350855	0.069125561	0.09341683
20191127	0.081681989	0.079785153	0.075656299	0.080132874	0.082271605	0.084758253	0.084510748	0.089751898	0.093633889	0.097711374	0.097262612	0.093484931	0.089460174	0.087047276	0.085990586	0.084752001	0.080990016	0.073883909	0.068338918	0.090041166
20191126	0.082152717	0.079959342	0.075656299	0.07866926	0.082271605	0.084755988	0.084686679	0.09087461	0.095122208	0.099357453	0.098544643	0.094668349	0.090715775	0.08818702	0.087100312	0.086338964	0.082119492	0.075205114	0.069467233	0.085026158
20191125	0.082152717	0.080117984	0.075656299	0.079035163	0.082271605	0.084904171	0.084686679	0.090454329	0.094539628	0.098612666	0.097518599	0.09400645	0.090267981	0.088056857	0.087077741	0.086481214	0.083131298	0.075714328	0.06966287	0.087557229
20191122	0.082340279	0.080273034	0.075656299	0.078486308	0.082271605	0.084706807	0.084866898	0.090605278	0.094527288	0.09879814	0.097787697	0.094390056	0.090941744	0.08871185	0.087606959	0.087004606	0.084389909	0.076751985	0.070439896	0.086424848
20191121	0.082340279	0.080541602	0.077097372	0.077754501	0.082454025	0.084868839	0.085227246	0.090037938	0.093829108	0.098441926	0.097423018	0.094317052	0.090685566	0.088343977	0.087280188	0.086201503	0.084405606	0.077131292	0.070868806	0.086798986
20191120	0.082191936	0.080806763	0.077097372	0.077754501	0.082454025	0.084976664	0.085231517	0.090327235	0.093954343	0.099130911	0.098004054	0.094642453	0.09098564	0.088799195	0.087558844	0.086773389	0.084879459	0.077901202	0.072014577	0.090571427
20191119	0.082340279	0.081069888	0.077998042	0.079401066	0.082636446	0.085135645	0.085618334	0.090682448	0.094106264	0.09851211	0.097551613	0.094466581	0.091119325	0.089225047	0.087802859	0.08676676	0.084762514	0.07804938	0.072501224	0.086447322
20191118	0.082340279	0.081096338	0.077998042	0.079584018	0.082636446	0.085113557	0.085587036	0.090294186	0.094132871	0.098129632	0.096861644	0.093819953	0.090585414	0.088506095	0.086614639	0.085767171	0.08496181	0.078136722	0.072228261	0.083833636
20191115	0.082340279	0.08113356	0.077998042	0.07976697	0.082636446	0.084910639	0.085587036	0.090648152	0.09429264	0.097731149	0.096229176	0.093443196	0.09032308	0.088309897	0.08691193	0.086062689	0.083864563	0.076404098	0.069764253	0.087724416
20191114	0.082340279	0.081168635	0.07835831	0.080498777	0.083183707	0.084889629	0.08468612	0.090295117	0.09381969	0.096980384	0.095590305	0.092880789	0.089931934	0.087734333	0.086206698	0.085346771	0.082675035	0.075387345	0.06843809	0.08815839
20191113	0.082340279	0.081254979	0.079078846	0.080498777	0.083183707	0.084640288	0.084769959	0.089830714	0.093396365	0.096354437	0.094761731	0.09223064	0.089348165	0.086800651	0.085303491	0.084034318	0.081788007	0.073767915	0.066443531	0.083257815
20191112	0.082340279	0.081254979	0.079078846	0.07976697	0.083183707	0.084783228	0.084893998	0.089413659	0.093375431	0.096508121	0.095144026	0.092400934	0.089517726	0.086916145	0.085241637	0.084223804	0.082044196	0.075091682	0.068101921	0.08306992
20191111	0.082340279	0.081109276	0.07835831	0.079584018	0.083001287	0.084749667	0.086502331	0.090100878	0.094092851	0.097013342	0.095553495	0.092614186	0.089695645	0.087236604	0.085558134	0.08428537	0.083023303	0.075703841	0.068741525	0.088453298
20191108	0.082527843	0.081119179	0.07835831	0.079584018	0.082818866	0.084918532	0.085752535	0.090448743	0.094473762	0.09777124	0.096488224	0.093723425	0.090985084	0.088460421	0.086795521	0.085507505	0.084082071	0.076664176	0.069449286	0.087395628
20191107	0.082527843	0.081150292	0.078538444	0.079949922	0.083001287	0.085048921	0.085594568	0.09045747	0.094410788	0.09818428	0.097048274	0.09444077	0.091626665	0.089162936	0.087961923	0.086867896	0.085822949	0.07841841	0.07100694	0.092033489
20191106	0.082449385	0.081228105	0.07835831	0.079955373	0.083001287	0.084759806	0.086021422	0.09092927	0.094712436	0.099024099	0.097842471	0.094515032	0.091763881	0.089684603	0.088464716	0.087397224	0.087141681	0.079894449	0.072896393	0.094657074
20191105	0.082527843	0.081254979	0.07835831	0.079949922	0.082818866	0.084897412	0.085382078	0.091302787	0.094672898	0.099792621	0.098205614	0.094796073	0.092340434	0.090008284	0.088776526	0.087751278	0.08711444	0.079946052	0.073317103	0.09273496
20191104	0.082527843	0.081281429	0.07835831	0.07976697	0.082636446	0.085561671	0.086663253	0.090559843	0.093768029	0.099024961	0.097623683	0.093654306	0.090796758	0.08878	0.087554971	0.086310989	0.085018337	0.076963241	0.069830792	0.088007501
20191101	0.082527843	0.081318651	0.07835831	0.080315826	0.083001287	0.085997927	0.086492673	0.091057112	0.094690554	0.099618154	0.097776136	0.094279927	0.09132074	0.089064639	0.088033253	0.087035335	0.085394955	0.077426877	0.070667438	0.089161316
20191031	0.082527843	0.081977113	0.079619248	0.079584018	0.083001287	0.086325407	0.085828842	0.091057195	0.09381697	0.09904798	0.09740738	0.09369402	0.090640961	0.088468634	0.087305488	0.086299041	0.083428045	0.075407813	0.068945718	0.086774584
20191030	0.082527843	0.081491341	0.079619248	0.079584018	0.081541924	0.085767878	0.085887384	0.091365012	0.094337136	0.099157321	0.097398478	0.093649393	0.090690067	0.088711889	0.087687439	0.086723772	0.084206989	0.075201167	0.068430355	0.084105865
20191029	0.082527843	0.08144007	0.079619248	0.079584018	0.081541924	0.084932252	0.084767797	0.091711298	0.094896124	0.099311999	0.097447224	0.093601994	0.090382114	0.088161015	0.087472506	0.086322591	0.083369944	0.075188976	0.068406597	0.079793957
20191028	0.082527843	0.08144007	0.078718578	0.079584018	0.081541924	0.084631555	0.08441053	0.090747899	0.094567868	0.098347523	0.096630224	0.092704481	0.089497238	0.087187441	0.086168195	0.085220768	0.082233957	0.074603348	0.068068316	0.077096189
20191025	0.080277083	0.080703131	0.078718578	0.079949922	0.081359504	0.084360034	0.084422656	0.091080053	0.094716695	0.099110902	0.097277074	0.093044767	0.089670013	0.087383046	0.086251876	0.085311306	0.082698461	0.074757015	0.067277131	0.080398198
20191024	0.080277083	0.080300391	0.078178176	0.080681729	0.082089184	0.084195006	0.083908288	0.091273129	0.094635567	0.099310552	0.09751638	0.093516902	0.089751399	0.087140324	0.086206444	0.085263731	0.082897072	0.07388394	0.066153336	0.079229484
20191023	0.080608057	0.080042004	0.078178176	0.080681729	0.081177083	0.084078611	0.084138579	0.091043031	0.093809852	0.098523291	0.096791539	0.092866765	0.089337551	0.086683506	0.085266629	0.084345618	0.081581302	0.0721107	0.064350854	0.078903699
20191022	0.080277083	0.079959342	0.078178176	0.080681729	0.081177083	0.083879621	0.083871296	0.091572318	0.094538401	0.099254895	0.097406217	0.093293268	0.089610119	0.086916986	0.085324266	0.084666082	0.08125106	0.071845606	0.064407293	0.078981444
20191021	0.080277083	0.079879476	0.079799383	0.081230584	0.081541924	0.083754128	0.083886251	0.091158571	0.093988115	0.098856398	0.096968426	0.092840494	0.089121806	0.086236522	0.084814309	0.083929163	0.080286454	0.071106713	0.064234712	0.076625732
20191018	0.079714394	0.079844938	0.079799383	0.081596488	0.082636446	0.083862868	0.084423341	0.091339294	0.094519191	0.099695471	0.097374419	0.093549598	0.08996794	0.087049154	0.08591201	0.085031037	0.081414136	0.072162552	0.065037652	0.075904273
20191017	0.079714394	0.079718668	0.079078846	0.081047632	0.082636446	0.084815565	0.084599452	0.091756616	0.094419895	0.099858232	0.097549367	0.093574985	0.090084405	0.087401766	0.086109279	0.084968305	0.081226199	0.071573328	0.064510231	0.075389799
20191016	0.079714394	0.079348486	0.079078846	0.081047632	0.082636446	0.084836556	0.084961098	0.092054657	0.094729626	0.10014885	0.097928615	0.093821054	0.090197776	0.087438475	0.086267528	0.08531459	0.0818872	0.071650171	0.063695961	0.076536814
20191015	0.079714394	0.079218978	0.079078846	0.081413536	0.082636446	0.084904135	0.085127732	0.092755891	0.0952515	0.100682763	0.098513086	0.09438167	0.090549779	0.08789643	0.086483168	0.08562487	0.082736318	0.072727109	0.064782915	0.075989443
20191014	0.079714394	0.07912671	0.078898712	0.081596488	0.082636446	0.084877937	0.085125137	0.093283848	0.096202279	0.101385106	0.099172246	0.09497935	0.091408065	0.089093994	0.087806286	0.086734462	0.083792973	0.073806363	0.065579024	0.077152717
20191011	0.078964141	0.079132282	0.078898712	0.081596488	0.083366128	0.084919901	0.085280635	0.093653242	0.096794355	0.101420826	0.099205675	0.095322649	0.091837027	0.089127087	0.087717391	0.086880849	0.084123575	0.074580557	0.066033011	0.077704281
20191010	0.078964141	0.07903496	0.078178176	0.081596488	0.083552251	0.08489427	0.085459593	0.094138889	0.097297689	0.101958612	0.099758174	0.095736156	0.092294194	0.089871094	0.088474175	0.087343182	0.084595616	0.07473372	0.066264467	0.080066322
20191009	0.079286543	0.078757713	0.078178176	0.081596488	0.083730969	0.08472789	0.085226238	0.094076565	0.096114003	0.100923951	0.099257482	0.095125503	0.091559294	0.089205783	0.08796254	0.086897189	0.083409299	0.074108389	0.065598574	0.079067064
20191008	0.078964141	0.078663705	0.078178176	0.081596488	0.083730969	0.084880513	0.085102019	0.093721268	0.096636763	0.101135178	0.099517064	0.095795583	0.091985413	0.089847669	0.088719668	0.08787875	0.084319433	0.075109393	0.066936054	0.080781689
20191007	0.078964141	0.078570881	0.078178176	0.081779439	0.083913389	0.084798684	0.084691256	0.093700255	0.09721364	0.101301577	0.099767263	0.096265056	0.092559056	0.090425705	0.089283463	0.088191478	0.085415309	0.076947195	0.070124974	0.082396411
20191004	0.078776577	0.078480946	0.078178176	0.081779439	0.08409581	0.084629472	0.084691327	0.094024198	0.097982177	0.1018252	0.100316274	0.096888341	0.093286786	0.091048841	0.089779492	0.088672701	0.086395722	0.07802592	0.07161122	0.082090501
20191003	0.078776577	0.078014535	0.076917237	0.081962391	0.083913389	0.085033666	0.085412223	0.094219601	0.098429467	0.102412298	0.100789351	0.097575422	0.093713492	0.09132167	0.090069655	0.08916718	0.087612759	0.078343344	0.071362216	0.088601404
20191002	0.078776577	0.07776146	0.076917237	0.081962391	0.08427823	0.084952951	0.085624659	0.093806602	0.098143795	0.102600607	0.101005975	0.097700641	0.093806212	0.09125854	0.090016144	0.088928642	0.088283185	0.078621709	0.070621733	0.087847377
20191001	0.078776577	0.07773825	0.076917237	0.081962391	0.083913389	0.084945022	0.085952142	0.093994823	0.098102128	0.102710181	0.101435252	0.098286693	0.094156873	0.091201045	0.090115168	0.089299424	0.088483399	0.077935736	0.069957202	0.084977413
20190930	0.078776577	0.07773825	0.076917237	0.082145343	0.083913389	0.085129415	0.085951349	0.093925981	0.0981428	0.103074755	0.101536808	0.09812764	0.09397502	0.091580027	0.090138346	0.089041963	0.087835383	0.077316038	0.067979087	0.084754049
20190927	0.078776577	0.07773825	0.076917237	0.081230584	0.08427823	0.085072488	0.086310201	0.09416198	0.098507563	0.103530356	0.101921456	0.098435084	0.094865966	0.092079623	0.090677141	0.089597493	0.088243986	0.077724805	0.069750126	0.080683464
20190926	0.07952683	0.078478614	0.076376836	0.081596488	0.083548548	0.085247674	0.086309859	0.093873814	0.098335471	0.102438431	0.101091759	0.097511119	0.094025815	0.09102678	0.089980624	0.089137609	0.086942641	0.076395282	0.068096134	0.078691856
20190925	0.07952683	0.078478614	0.076376836	0.081596488	0.083548548	0.085167087	0.086680352	0.093588855	0.098341532	0.103087134	0.101637334	0.097848112	0.094553165	0.091803158	0.09073408	0.089737767	0.08655136	0.07551178	0.066912725	0.079443928
20190924	0.07952683	0.078478614	0.076376836	0.081230584	0.083548548	0.085135645	0.086883131	0.094421886	0.099423794	0.104155674	0.102494793	0.098650284	0.095135287	0.092179145	0.090935229	0.090178651	0.087465715	0.076638134	0.069062931	0.079974358
20190923	0.07952683	0.078478614	0.076376836	0.080681729	0.083913389	0.085106323	0.087208686	0.094943725	0.100022382	0.104797319	0.103544322	0.099495884	0.096187293	0.093287675	0.092003659	0.091410843	0.088126002	0.077208081	0.069678783	0.080921818
20190920	0.07952683	0.078478614	0.076376836	0.080681729	0.083913389	0.085256444	0.087208686	0.094838709	0.099293911	0.104240665	0.102848164	0.098673856	0.09581586	0.093112205	0.09154627	0.090688947	0.087833402	0.076659195	0.069096242	0.082110833
20190919	0.07952683	0.078478614	0.07745764	0.081413536	0.08409581	0.08522332	0.086848319	0.094218736	0.098919947	0.103757966	0.102126478	0.098083509	0.095221282	0.092405657	0.091024524	0.090374344	0.087339805	0.076140421	0.068269919	0.081067223
20190918	0.07952683	0.078478614	0.076376836	0.081230584	0.08409581	0.085154098	0.086848319	0.094887152	0.099638673	0.104372338	0.10328875	0.099347251	0.095881955	0.093216391	0.091619622	0.090994514	0.087875411	0.076992197	0.068831672	0.081965936
20190917	0.07952683	0.078478614	0.076376836	0.081047632	0.08409581	0.085124446	0.086885112	0.095873493	0.100569093	0.105531787	0.10444359	0.100180847	0.096706032	0.094008495	0.092245425	0.091417176	0.088488857	0.07750455	0.069734769	0.081188366
20190916	0.07952683	0.078478614	0.076376836	0.081230584	0.08409581	0.085396734	0.087055584	0.096904255	0.101563357	0.10665293	0.105553814	0.101333723	0.097850257	0.094809534	0.093055439	0.092046678	0.089761184	0.078758825	0.06964489	0.081343429
20190913	0.07952683	0.078478614	0.076376836	0.081230584	0.08409581	0.085505547	0.08705753	0.097267148	0.101765819	0.105997254	0.105583808	0.101288284	0.097568819	0.094351964	0.09282732	0.092057908	0.088143005	0.077226755	0.06878999	0.082240485
20190912	0.07952683	0.078108432	0.077637774	0.08086468	0.083913389	0.085591523	0.087235262	0.09729689	0.101681023	0.106281004	0.105406293	0.101191672	0.097308807	0.094073581	0.09325891	0.092381825	0.088366593	0.077188593	0.069478887	0.082997015
20190911	0.079259984	0.078122461	0.077637774	0.080681729	0.083913389	0.085347352	0.086876103	0.096964153	0.101568035	0.105861284	0.104845721	0.100794671	0.097267885	0.093699116	0.092844595	0.091987467	0.088113435	0.077582868	0.070204709	0.088004428
20190910	0.07952683	0.078205938	0.077998042	0.080681729	0.083913389	0.085292836	0.087054179	0.095592376	0.100250675	0.104314357	0.103023487	0.098953553	0.095576935	0.092306343	0.091312719	0.090443088	0.086571743	0.077258351	0.070462599	0.085550453
20190909	0.079714394	0.078219874	0.077998042	0.079949922	0.083730969	0.084858205	0.087050016	0.09588686	0.100484173	0.10479175	0.103681712	0.099608833	0.096108381	0.092863898	0.092044973	0.091352722	0.088109399	0.07930561	0.073401036	0.089242537
20190906	0.079620612	0.078252414	0.077097372	0.080132874	0.083730969	0.08466528	0.086947744	0.095797853	0.100499217	0.104983961	0.103730083	0.099670365	0.095840947	0.09256559	0.091568641	0.091080053	0.08789731	0.079995469	0.074490416	0.088196441
20190905	0.079714394	0.07825458	0.077097372	0.080132874	0.083730969	0.08459898	0.087415572	0.096159367	0.10209908	0.106108714	0.105001516	0.100993764	0.097300699	0.094008821	0.092996115	0.092344949	0.090333858	0.082300312	0.076632269	0.0887576
20190904	0.079714394	0.078478614	0.077097372	0.080132874	0.083730969	0.084567319	0.087597431	0.096503258	0.102563155	0.106312296	0.105098553	0.101451403	0.097356049	0.094641288	0.093584458	0.092899779	0.091044725	0.08283271	0.076823443	0.091454989
20190903	0.079714394	0.078520889	0.077097372	0.07976697	0.083730969	0.085276466	0.087769974	0.09650251	0.102496093	0.106446614	0.105026376	0.101855217	0.097542784	0.094819467	0.093961675	0.093506929	0.091709808	0.083572179	0.077231824	0.094412081
20190902	0.079714394	0.078663705	0.076737104	0.079584018	0.083913389	0.086065817	0.087769668	0.096827484	0.102668698	0.106986387	0.106234734	0.102870494	0.098113191	0.095090506	0.094636346	0.093858803	0.092737247	0.085123121	0.078568779	0.093743964
20190830	0.079714394	0.078663705	0.076737104	0.079584018	0.083730969	0.086277706	0.087972807	0.098159612	0.10345545	0.107821441	0.106974451	0.102896862	0.098161665	0.095099421	0.094468241	0.093931356	0.093317267	0.085756661	0.079247794	0.092176801
20190829	0.079714394	0.078663705	0.076737104	0.079584018	0.083548548	0.086231813	0.087834642	0.098860046	0.103976128	0.108352488	0.107585667	0.103331641	0.099031251	0.095646194	0.095340644	0.095069835	0.093616586	0.085699203	0.078849448	0.094488915
20190828	0.079714394	0.078663705	0.076737104	0.079949922	0.083913389	0.086550943	0.088224469	0.099453969	0.105045661	0.108968218	0.108049576	0.103591361	0.099101086	0.095710054	0.095228634	0.094891047	0.093360205	0.085525893	0.079873254	0.093287676
20190827	0.079714394	0.078663705	0.076737104	0.080498777	0.08446065	0.08650379	0.088830515	0.100163731	0.106787933	0.110257544	0.109314753	0.104561417	0.099773017	0.096652819	0.09587542	0.095488326	0.095039289	0.087182945	0.081285181	0.092742836
20190826	0.079714394	0.078663705	0.07745764	0.08086468	0.083913389	0.086873966	0.087955383	0.10069222	0.1074324	0.111048999	0.109788793	0.104921342	0.100566809	0.097580462	0.096650359	0.096034246	0.09475432	0.087182594	0.081373928	0.097906707
20190823	0.079714394	0.078663705	0.07745764	0.08086468	0.083730969	0.086652028	0.087835308	0.100734462	0.108375392	0.111579345	0.110253892	0.105131798	0.10137443	0.098517326	0.097394084	0.096605906	0.094981351	0.086985948	0.081194636	0.097908937
20190822	0.079714394	0.078663705	0.07745764	0.08086468	0.083730969	0.086586148	0.087603719	0.101015714	0.108258566	0.112079611	0.110910152	0.106090335	0.102113166	0.099270309	0.098125595	0.097366476	0.095404067	0.087441396	0.081306173	0.100815997
20190821	0.08065221	0.07958916	0.07745764	0.080681729	0.083730969	0.086485593	0.08777765	0.100718071	0.108073992	0.11188417	0.110789858	0.106109164	0.101921166	0.099076533	0.097734975	0.097137776	0.0949994	0.086289778	0.079263849	0.103534342
20190820	0.079714394	0.07958916	0.07745764	0.080132874	0.083913389	0.086414324	0.087777578	0.10091339	0.108187105	0.11181609	0.111569553	0.106316934	0.102262684	0.099141105	0.097668305	0.097363402	0.095146257	0.086080048	0.079056664	0.103311611
20190819	0.079714394	0.080328451	0.07835831	0.080132874	0.083913389	0.086344845	0.087959329	0.100156017	0.106965294	0.111688699	0.110707482	0.105349212	0.101631686	0.098879298	0.097249927	0.096332139	0.094097053	0.084842715	0.077791019	0.098854169
20190821	0.079714394	0.079780729	0.078538444	0.080315826	0.08409581	0.086207076	0.088185513	0.100461822	0.10737572	0.112353685	0.111449752	0.105855157	0.102171666	0.099617039	0.097957951	0.097275237	0.094846213	0.08569981	0.078723854	0.100265028
20190820	0.079714394	0.07958916	0.078576777	0.079949922	0.08427823	0.086444963	0.088312596	0.099742169	0.106667873	0.111888788	0.111139112	0.105695524	0.101817756	0.09929238	0.097631181	0.096947521	0.094560761	0.085822761	0.079639602	0.096170207
20190819	0.079714394	0.07945695	0.07835831	0.080315826	0.085190332	0.086516944	0.089382885	0.099628758	0.106544907	0.111563472	0.11108518	0.106227352	0.102446521	0.09972267	0.098021656	0.09729373	0.095253266	0.086086814	0.079933075	0.09668731
20190808	0.078776577	0.079193435	0.07745764	0.080315826	0.086284854	0.087807078	0.087749559	0.099591985	0.106422205	0.111881086	0.111885619	0.106566912	0.102651947	0.100324022	0.098828913	0.098283415	0.096279398	0.087305313	0.080447396	0.100087528
20190807	0.079339267	0.078850962	0.078898712	0.080498777	0.085555173	0.087538097	0.087752425	0.098558331	0.10508248	0.110865397	0.110598215	0.105700752	0.102142492	0.099464065	0.098102063	0.097459421	0.095895173	0.087302096	0.0804734	0.097349646
20190806	0.078776577	0.078293523	0.077097372	0.080498777	0.084643071	0.087461786	0.087388923	0.097235679	0.104348632	0.110276793	0.109875219	0.105169698	0.101422642	0.098777019	0.097393749	0.096755856	0.095731858	0.087293351	0.080858681	0.102768698
20190805	0.078776577	0.07773825	0.076376836	0.079035163	0.082454025	0.086319524	0.086127767	0.096511986	0.103878744	0.109957074	0.109776323	0.105020399	0.1009648	0.097756081	0.096558135	0.095947982	0.095649385	0.08688427	0.080393911	0.09946308
20190804	0.078776577	0.07773825	0.076376836	0.079035163	0.082454025	0.08541621	0.085227013	0.096763729	0.10348784	0.109710989	0.109384645	0.104625817	0.100496462	0.09797679	0.096318872	0.095219295	0.095161576	0.086200819	0.078440343	0.097025843
20190801	0.078776577	0.078064546	0.076196701	0.077754501	0.081906764	0.084555901	0.085226958	0.098063307	0.104822747	0.110981898	0.110446684	0.105499734	0.101708505	0.098525204	0.096912637	0.096167301	0.094890318	0.085718564	0.077639087	0.096258342
20190731	0.078964141	0.077930356	0.076196701	0.077754501	0.081906764	0.084436419	0.085229373	0.098481859	0.105388993	0.111356718	0.111142186	0.106653504	0.102602644	0.099409732	0.097609526	0.0968672	0.095008233	0.086215677	0.077776011	0.096596487
20190730	0.078776577	0.077923341	0.076196701	0.078303356	0.081906764	0.084404868	0.085253607	0.099135114	0.106080847	0.111726685	0.111678352	0.10715081	0.102618359	0.09909468	0.097832457	0.096953162	0.095217093	0.086167342	0.078149518	0.090110328
20190729	0.078776577	0.078214192	0.077097372	0.077754501	0.081906764	0.084372201	0.085587036	0.099552402	0.106657911	0.112386219	0.111992896	0.107563747	0.1034568	0.100313139	0.098656763	0.097805208	0.095838286	0.085924061	0.077534451	0.096624233
20190728	0.078776577	0.07810249	0.077097372	0.078120404	0.082089184	0.08451463	0.085406853	0.099611485	0.106932859	0.11306911	0.113111099	0.109006291	0.104774061	0.101176556	0.099916775	0.099345222	0.096897838	0.086936003	0.078625541	0.098244112
20190725	0.078776577	0.07773825	0.075656299	0.078303356	0.081541924	0.085039621	0.084866304	0.099520185	0.107070978	0.113879025	0.113271038	0.10932062	0.105191298	0.102015747	0.100758727	0.099998662	0.096964626	0.086565465	0.077934982	0.100013402
20190724	0.078776577	0.07773825	0.075656299	0.078303356	0.081906764	0.08537165	0.084866304	0.099045126	0.106443031	0.113680879	0.113353493	0.109365743	0.105414683	0.102023337	0.100927685	0.100266881	0.096909685	0.08653237	0.077901911	0.099984975
20190723	0.078776577	0.07773825	0.075296031	0.078486308	0.081906764	0.084946886	0.084899853	0.09778312	0.105730118	0.113243753	0.113066871	0.109456451	0.105538059	0.102581872	0.101253894	0.100855664	0.09816002	0.088043995	0.079862809	0.097573507
20190722	0.078776577	0.07773825	0.075296031	0.078120404	0.082089184	0.084922934	0.085433466	0.095617545	0.103846355	0.110891193	0.110899018	0.107264581	0.103605992	0.100900931	0.099537164	0.098598837	0.096092239	0.085531032	0.075977088	0.094682359
20190721	0.078964141	0.077801921	0.075296031	0.078120404	0.082089184	0.084895804	0.085251842	0.09490519	0.102960494	0.110079714	0.109920316	0.106518702	0.102467521	0.099947432	0.09844512	0.097604862	0.094199956	0.084252481	0.075409516	0.091383388
20190718	0.078964141	0.078428972	0.077097372	0.078120404	0.082818866	0.084982018	0.084893493	0.094473771	0.101898312	0.109526553	0.108858115	0.104755852	0.101647302	0.099333675	0.097832304	0.096952849	0.09356669	0.084044958	0.074840267	0.092729527
20190717	0.078964141	0.07792819	0.076556969	0.077937452	0.082818866	0.084864071	0.084946917	0.094069433	0.101022553	0.108502533	0.107997622	0.104412058	0.100923693	0.099069437	0.097533389	0.09652773	0.092538258	0.08252037	0.073287468	0.090731331
20190716	0.078776577	0.077923341	0.076556969	0.077937452	0.082818866	0.084844486	0.084892844	0.094142663	0.10150834	0.108221692	0.1081792	0.104801835	0.101051002	0.098809606	0.097615629	0.097056273	0.092688943	0.081711248	0.07326072	0.093032509
20190715	0.078776577	0.077407991	0.074575495	0.077937452	0.083001287	0.084873022	0.084896016	0.093945299	0.101271111	0.107665418	0.107790649	0.104508743	0.101397904	0.099585836	0.098164153	0.097536558	0.093521911	0.082555163	0.074121203	0.089734222
20190714	0.078776577	0.077477437	0.074575495	0.077937452	0.083001287	0.084691954	0.084709112	0.092196995	0.099922807	0.106475071	0.106293785	0.103246404	0.099725044	0.097908334	0.096701965	0.096073976	0.092343306	0.081610051	0.072341342	0.091583763
20190711	0.078776577	0.074306772	0.071706698	0.078120404	0.082636446	0.084791394	0.084706841	0.091691864	0.09926	0.106383051	0.105910594	0.102878663	0.099798049	0.097750921	0.096566714	0.095772039	0.091621998	0.081243023	0.072750017	0.089756984
20190710	0.076491513	0.074854493	0.070972814	0.078120404	0.082636446	0.084778186	0.084924683	0.092093226	0.099586686	0.106780159	0.106967461	0.103802628	0.100505682	0.098674087	0.097294352	0.096634007	0.092537242	0.082468507	0.074027517	0.091508839
20190709	0.078776577	0.074961883	0.070972814	0.078486308	0.082636446	0.085075338	0.085065946	0.092182731	0.099855325	0.106577849	0.107108192	0.103981561	0.100649153	0.098393243	0.097034495	0.096534046	0.09269763	0.081914104	0.07348378	0.090897529
20190708	0.078776577	0.075203094	0.070972814	0.078120404	0.083183707	0.085399567	0.085430511	0.09351087	0.100759572	0.107074972	0.107371717	0.104484698	0.100896175	0.098462698	0.097429296	0.096966571	0.093369584	0.082417262	0.073236103	0.092909887
20190707	0.078776577	0.074829135	0.070972814	0.078120404	0.083366128	0.085508945	0.085612659	0.094537559	0.101048523	0.107149045	0.108580049	0.104800698	0.101218219	0.098948674	0.097613407	0.097133038	0.093097129	0.082520472	0.072967132	0.092588797
20190704	0.078776577	0.074947316	0.074755629	0.077937452	0.083913389	0.085478015	0.08561664	0.09519482	0.102570444	0.107851637	0.109052712	0.105244638	0.101669207	0.098949188	0.097663962	0.097195187	0.091973302	0.081002004	0.07115623	0.092530264
20190703	0.07775794	0.075348464	0.072053618	0.078303356	0.08409581	0.08553001	0.0858616	0.095988319	0.103341576	0.108434541	0.109609889	0.106366221	0.10254045	0.099815589	0.098522191	0.097549697	0.092899801	0.082697305	0.07285976	0.09266928
20190702	0.078776577	0.075517156	0.072053618	0.079584018	0.08446065	0.085924776	0.086340004	0.096999363	0.104525061	0.108960137	0.109631462	0.106681917	0.103075494	0.100571794	0.098758489	0.097461464	0.092700528	0.08258953	0.072014431	0.098439856
20190701	0.078776577	0.075717888	0.072053618	0.079584018	0.084825491	0.086177662	0.086698407	0.096418292	0.103470401	0.107994155	0.108265492	0.10600776	0.102178803	0.099936154	0.098073906	0.097029699	0.092388184	0.081457475	0.071234807	0.094892599
20190630	0.078776577	0.075650978	0.072774155	0.079584018	0.085007912	0.086148303	0.086879527	0.096962291	0.103762243	0.108442828	0.109479878	0.106949889	0.102661417	0.100626265	0.099145546	0.098100651	0.094497411	0.082765729	0.072215959	0.098863997
20190627	0.078070476	0.076447036	0.072954288	0.079584018	0.08409581	0.085652415	0.086443322	0.096855163	0.10312979	0.107114114	0.108034473	0.104700842	0.101168666	0.099149932	0.09784654	0.097023999	0.093237331	0.081477472	0.072430217	0.096545207
20190626	0.078776577	0.076627703	0.072954288	0.079584018	0.083548548	0.085543858	0.085801545	0.095714132	0.101801503	0.105600745	0.105820613	0.102605512	0.098470827	0.096072669	0.095453905	0.09492479	0.091272778	0.080570186	0.073299783	0.090313911
20190625	0.078776577	0.076786345	0.072774155	0.079584018	0.083366128	0.085603398	0.085260797	0.095248135	0.100628866	0.103996349	0.104062617	0.100358293	0.097340988	0.094961263	0.094303835	0.093466616	0.0904083	0.081162406	0.074201496	0.093212215
20190624	0.079901957	0.076815496	0.072774155	0.078120404	0.083001287	0.084829048	0.08490034	0.094533253	0.09981759	0.102848899	0.102700964	0.098461052	0.095703274	0.093532748	0.093240992	0.094066554	0.088932641	0.07858682	0.071517785	0.096560791
20190623	0.079901957	0.076891032	0.072954288	0.07866926	0.083001287	0.084805224	0.084722895	0.09451844	0.099890137	0.103097044	0.102885549	0.098791173	0.095650713	0.093244423	0.093156214	0.092343024	0.089856962	0.080081136	0.073095047	0.091578637
20190620	0.07943123	0.07756406	0.072954288	0.077388597	0.083001287	0.084733937	0.084792014	0.094037714	0.099636326	0.102359024	0.101910416	0.098428598	0.094420668	0.092057968	0.0921469	0.092691623	0.088640912	0.079802375	0.072780426	0.084640137
20190619	0.079901957	0.07773825	0.072954288	0.078486308	0.082818866	0.084570444	0.084726661	0.094102714	0.09991244	0.10295606	0.10292284	0.098962858	0.095361439	0.09254941	0.092771968	0.093206664	0.089596673	0.080393114	0.072265978	0.086263539
20190618	0.079901957	0.077896891	0.072954288	0.07866926	0.082454025	0.084712836	0.084506748	0.093638795	0.099725909	0.102536956	0.102951845	0.09941879	0.094499405	0.091730402	0.091780065	0.091870035	0.089124202	0.079283058	0.071838459	0.083497533
20190617	0.081027337	0.077926043	0.072954288	0.07866926	0.082454025	0.084689561	0.084326655	0.093174559	0.099042323	0.103242485	0.103221866	0.100086183	0.094901166	0.091851827	0.091452994	0.091420276	0.088727787	0.078463319	0.069153203	0.084425887
20190616	0.081027337	0.078117056	0.075296031	0.079218114	0.081724345	0.084729023	0.084687003	0.094796383	0.100871845	0.105978926	0.105230102	0.103087751	0.098471318	0.095349694	0.094795647	0.094576977	0.090480088	0.079843033	0.072243725	0.084704383
20190613	0.080556609	0.078674606	0.073494691	0.080315826	0.081906764	0.084803817	0.084694859	0.097002638	0.103142596	0.107708009	0.106985585	0.104173673	0.099984327	0.09707024	0.096174588	0.095885098	0.091736103	0.081174542	0.072149068	0.093501126
20190612	0.081027337	0.078848796	0.073494691	0.080498777	0.081177083	0.084777875	0.084687075	0.097376072	0.102921624	0.107459804	0.106786792	0.10396145	0.099122881	0.096710858	0.09546485	0.095031921	0.090482615	0.080269515	0.071967983	0.093095645
20190611	0.081027337	0.079007437	0.073494691	0.080498777	0.081541924	0.084564762	0.084506748	0.096055481	0.101014937	0.106200398	0.10566129	0.101668418	0.097325916	0.094724205	0.093466245	0.09297586	0.088457399	0.078332866	0.069901042	0.092095838
20190610	0.081214899	0.079144515	0.074395361	0.07976697	0.081541924	0.084532497	0.085047243	0.09560752	0.100277841	0.10561368	0.104686263	0.100542708	0.096670757	0.093562786	0.092350833	0.091897352	0.087794459	0.07868061	0.071314037	0.083094199
20190609	0.081214899	0.07922329	0.077637774	0.082328295	0.082454025	0.085002552	0.085047099	0.094698815	0.099762385	0.104057706	0.103568915	0.099215196	0.094966042	0.092125308	0.09159025	0.091369467	0.08672759	0.077918537	0.070908924	0.084355763
20190606	0.080979527	0.079502056	0.075656299	0.081779439	0.083001287	0.08533027	0.085231048	0.093667738	0.098645512	0.102990773	0.102438602	0.098101938	0.093885243	0.091057984	0.090502506	0.090357836	0.08632819	0.077855542	0.07117078	0.080456271
20190605	0.081214899	0.07958916	0.075656299	0.081962391	0.083183707	0.085501035	0.085434799	0.092322477	0.097569887	0.10167856	0.10131838	0.096854665	0.093523106	0.090267768	0.089520034	0.089340184	0.08546334	0.07771387	0.071736375	0.088989515
20190604	0.081214899	0.079610205	0.07745764	0.082145343	0.083183707	0.08548936	0.085587036	0.09177876	0.096850492	0.101736511	0.101585554	0.097109107	0.093755743	0.09005121	0.089607713	0.089520339	0.086734953	0.079687104	0.074208524	0.085433749
20190603	0.081402463	0.07975141	0.075656299	0.082145343	0.083366128	0.085667816	0.08576722	0.090936286	0.095792725	0.10161447	0.102067093	0.097354583	0.09397405	0.090218605	0.090126068	0.090203815	0.087741033	0.079937352	0.07370876	0.089344193
20190602	0.081402463	0.078794286	0.074935763	0.082694199	0.083913389	0.085639827	0.085406853	0.090183966	0.094998357	0.101302103	0.101298571	0.096564925	0.093474098	0.089728636	0.089648411	0.089826236	0.087000881	0.078889606	0.070335035	0.091651443
20190530	0.081402463	0.079258903	0.074935763	0.082694199	0.083730969	0.085644194	0.085406853	0.090229434	0.095117748	0.101175034	0.101531021	0.096123864	0.093031491	0.089987043	0.089401268	0.089310469	0.085831631	0.076753221	0.06854416	0.089222233
20190529	0.081402463	0.079404069	0.074935763	0.083060101	0.083548548	0.085599433	0.085430187	0.090566094	0.096059498	0.102309258	0.10238761	0.097420556	0.093638024	0.090835654	0.08976277	0.089377802	0.085533003	0.076478694	0.068293497	0.088965714
20190528	0.081402463	0.079536279	0.074935763	0.082877151	0.083730969	0.085599818	0.085432602	0.090354615	0.09668516	0.102674285	0.10362286	0.097123435	0.09398764	0.09074653	0.089820181	0.08944625	0.084764309	0.075242982	0.067771795	0.088330399
20190527	0.081590026	0.07966129	0.074935763	0.083060101	0.08446065	0.085794698	0.085786536	0.089164842	0.096348169	0.101517188	0.100988492	0.095714423	0.091527701	0.08876464	0.087125965	0.086351326	0.082232692	0.073066474	0.065092925	0.088256856
20190526	0.081590026	0.080324675	0.076917237	0.083608957	0.085372753	0.086162224	0.085965457	0.08879731	0.096244444	0.10129975	0.100978695	0.095657199	0.092357696	0.089584972	0.088096559	0.087188596	0.081324091	0.072361804	0.064791546	0.083847799
20190523	0.081746942	0.080945026	0.080159651	0.083791909	0.085737594	0.086500977	0.086183893	0.08863228	0.096401585	0.100997556	0.100596519	0.095280272	0.091742499	0.089913684	0.08806754	0.087034169	0.080942885	0.072139761	0.063534031	0.088056408
20190522	0.081590026	0.080884797	0.080159651	0.083791909	0.085737594	0.086431644	0.086148866	0.089347078	0.096715622	0.100913661	0.100925645	0.095843211	0.092286805	0.09046874	0.088600304	0.087661466	0.081740656	0.072886051	0.064985415	0.082252754
20190521	0.081590026	0.080831916	0.080159651	0.083791909	0.085737594	0.086714985	0.085947709	0.088930122	0.09603129	0.101163824	0.100691498	0.096290939	0.092501929	0.090453163	0.088877644	0.088237136	0.081857415	0.072507505	0.063948326	0.082937543
20190520	0.081590026	0.080757455	0.080159651	0.083791909	0.085920013	0.087134452	0.086127856	0.089281479	0.096421511	0.101363591	0.101489612	0.097083611	0.093223871	0.091773793	0.090720269	0.090184587	0.083975608	0.075993165	0.066017183	0.087829034
20190519	0.081590026	0.077607113	0.078898712	0.083791909	0.085920013	0.087331488	0.086488097	0.089301544	0.096513471	0.100536197	0.100707378	0.095867291	0.092535844	0.090645782	0.08929585	0.088496539	0.082224788	0.074132981	0.062828307	0.085041753
20190516	0.081590026	0.076878094	0.078898712	0.083791909	0.085920013	0.087267471	0.087389337	0.089155332	0.096441155	0.100671918	0.101116178	0.096265612	0.092676241	0.090803273	0.08928651	0.088407133	0.082150218	0.072303694	0.060821892	0.084153646
20190515	0.081590026	0.076812794	0.078898712	0.083791909	0.085920013	0.087245201	0.087388905	0.089550195	0.096409434	0.100649263	0.101044509	0.096272558	0.092665769	0.090811783	0.089279229	0.088490308	0.082637039	0.072092433	0.060647943	0.083948494
20190514	0.081590026	0.076953093	0.078898712	0.08598733	0.087744218	0.089323918	0.085841905	0.089503015	0.096431861	0.100468408	0.099418061	0.094919088	0.091544473	0.090186354	0.088650061	0.087751818	0.081930231	0.070608918	0.059859662	0.084589096
20190513	0.081590026	0.07754668	0.078898712	0.084340764	0.087744218	0.089306452	0.0858345	0.089542364	0.096485899	0.100087406	0.099656672	0.094940725	0.091956446	0.090803145	0.089142898	0.088079425	0.081618967	0.070223521	0.060461507	0.081802971
20190512	0.081590026	0.080514615	0.07835831	0.083243053	0.087379377	0.088940972	0.086144776	0.088871804	0.095502452	0.09937147	0.099174786	0.094822065	0.091906774	0.090298952	0.0886383	0.087663197	0.081098639	0.06958398	0.059242827	0.07824397
20190509	0.08065221	0.07958916	0.07745764	0.080498777	0.085737594	0.088304482	0.082588139	0.089424415	0.096093612	0.099275445	0.098800149	0.094382154	0.092358197	0.09011769	0.088264782	0.08717071	0.081210003	0.069985501	0.058959042	0.079463697
20190508	0.08065221	0.07958916	0.07745764	0.080498777	0.085737594	0.088168904	0.08700742	0.090684094	0.096979224	0.101784612	0.101385825	0.098052663	0.094172654	0.093194706	0.091672825	0.090716407	0.084699489	0.073316964	0.063598261	0.088676662
20190507	0.08065221	0.079113217	0.075296031	0.08086468	0.085737594	0.08763825	0.087166018	0.091846786	0.09920851	0.105644036	0.10457173	0.100906892	0.096878949	0.096844856	0.095175884	0.094199195	0.087461128	0.077519292	0.067488806	0.088675856
20190506	0.08065221	0.079224919	0.075296031	0.080681729	0.084825491	0.087083242	0.087248199	0.091365893	0.097950596	0.102808822	0.102287205	0.097726815	0.094650286	0.093463808	0.091964648	0.090933108	0.083907809	0.074389831	0.06601502	0.090109651
20190505	0.08065221	0.078395508	0.075296031	0.079949922	0.084643071	0.086612	0.085556027	0.090175322	0.097132916	0.100586665	0.100419767	0.095223725	0.092268181	0.09017814	0.089306587	0.088640174	0.082660227	0.073853367	0.066106419	0.085616807
20190502	0.080338398	0.078736982	0.075296031	0.07976697	0.084643071	0.086105936	0.083649076	0.09096591	0.097653749	0.101451417	0.100959488	0.096824074	0.092145732	0.090197395	0.089039303	0.08828292	0.08334675	0.074612403	0.066516337	0.090328911
20190501	0.08065221	0.078848796	0.074755629	0.082694199	0.084643071	0.086067607	0.08530514	0.090343311	0.096907437	0.100929139	0.100407858	0.096090999	0.091415595	0.089723951	0.088410435	0.087698097	0.082241623	0.073790112	0.064956321	0.096634586
20190430	0.080464647	0.078941064	0.074935763	0.082877151	0.084825491	0.086067863	0.085152128	0.090882922	0.09685259	0.100742658	0.101139609	0.096300704	0.091335996	0.090101985	0.088647077	0.087785502	0.082881601	0.074532816	0.066045137	0.091664626
20190429	0.08065221	0.079011046	0.074935763	0.082877151	0.08409581	0.085452219	0.084444278	0.088846601	0.09480233	0.098149173	0.098695105	0.093555927	0.089683167	0.088703221	0.087436151	0.086483519	0.081412934	0.072710769	0.066268303	0.087421218
20190428	0.08065221	0.078577896	0.075836434	0.082877151	0.083913389	0.084878028	0.083912396	0.087783838	0.09283789	0.095733196	0.095275348	0.091561988	0.087678815	0.086301836	0.084453106	0.083171294	0.077722811	0.069887193	0.063614432	0.0793729
20190425	0.081324005	0.080115393	0.07745764	0.082511247	0.083913389	0.084952951	0.083846664	0.088528195	0.093657699	0.09620293	0.096155783	0.093173857	0.08927273	0.088090621	0.086085176	0.084738879	0.078703496	0.072046397	0.064472339	0.080693404
20190424	0.081402463	0.080144433	0.07745764	0.082511247	0.08409581	0.084952951	0.084116904	0.089395173	0.094369508	0.096845261	0.097766031	0.095093557	0.090074946	0.089254669	0.087266322	0.085971096	0.080325467	0.073072393	0.064168963	0.090502564
20190423	0.08065221	0.079271859	0.075656299	0.082511247	0.08409581	0.084681339	0.083938108	0.089606086	0.094242813	0.096263411	0.096450023	0.093156166	0.089432613	0.088082111	0.086035727	0.084689506	0.077942101	0.072746539	0.065149506	0.081437787
20190422	0.081402463	0.080329524	0.077637774	0.082694199	0.08427823	0.084664841	0.083940396	0.088331162	0.091775273	0.095368856	0.095268731	0.090936041	0.088214839	0.08714243	0.085149287	0.083701603	0.077077123	0.072215217	0.064532884	0.092594476
20190421	0.08065221	0.080302538	0.07925898	0.082145343	0.083001287	0.083762075	0.083050021	0.089266034	0.092828394	0.096505958	0.096783065	0.093416719	0.088976384	0.089038506	0.087306558	0.086077104	0.079502092	0.074546511	0.067449605	0.08451842
20190418	0.080800554	0.080037376	0.07925898	0.082145343	0.083001287	0.083742966	0.082760593	0.087677908	0.090484193	0.094900583	0.095706429	0.092036725	0.087571754	0.08825432	0.086730348	0.085611098	0.078607155	0.072867262	0.066060328	0.080706065
20190417	0.08065221	0.079774251	0.07835831	0.08086468	0.082089184	0.082820669	0.081966993	0.086299896	0.089032846	0.09293724	0.092929526	0.088707336	0.08583123	0.084750107	0.083346781	0.082398581	0.076379909	0.069548624	0.060826451	0.077155339
20190416	0.08065221	0.079258903	0.076556969	0.08086468	0.082089184	0.082811881	0.081609023	0.08580424	0.088973213	0.092768034	0.092295761	0.087769915	0.085306409	0.08409043	0.082517742	0.081508266	0.076284358	0.068438022	0.059390194	0.075230859
20190415	0.08065221	0.078280566	0.075115897	0.080681729	0.081906764	0.082806528	0.082148761	0.084874588	0.088076613	0.091471372	0.090881673	0.086363904	0.083905102	0.083088331	0.081602229	0.080608198	0.075199771	0.06748856	0.058733711	0.07252953
20190414	0.08065221	0.076259686	0.073854959	0.078303356	0.078988038	0.081928297	0.081790521	0.084708428	0.087639984	0.090952572	0.09069805	0.086549941	0.084146143	0.083115977	0.081622714	0.08061666	0.07551341	0.067759306	0.059036592	0.072907742
20190411	0.08065221	0.077415562	0.073854959	0.078120404	0.078988038	0.081862417	0.081305792	0.084577161	0.086671332	0.090290408	0.090488844	0.08678478	0.084389743	0.083351719	0.081844657	0.080916037	0.076145044	0.068422372	0.059361021	0.080277799
20190410	0.08065221	0.07773825	0.073854959	0.078120404	0.078988038	0.081116366	0.080660034	0.084060525	0.086724484	0.090039178	0.089507803	0.086417946	0.08388468	0.083036648	0.081812175	0.081091591	0.076920266	0.07011127	0.062356638	0.077002264
20190409	0.08065221	0.077144662	0.071333082	0.077022693	0.078805617	0.079632082	0.080722089	0.082710211	0.08503605	0.088775738	0.088687689	0.085070866	0.082864201	0.082521662	0.081045716	0.080131333	0.075578677	0.069251603	0.062118395	0.074742029
20190408	0.08065221	0.077251682	0.070972814	0.077022693	0.078805617	0.079631316	0.080361723	0.081969628	0.084604364	0.088200741	0.088130311	0.085130776	0.082971513	0.082385955	0.080789603	0.079747446	0.075221809	0.069115336	0.063361705	0.072652435
20190407	0.079475381	0.077447934	0.072053618	0.076839741	0.078805617	0.079445205	0.078199524	0.07994664	0.083727921	0.086120093	0.085005475	0.082405021	0.080438024	0.079290406	0.077681689	0.076741431	0.072045399	0.064239147	0.058925276	0.067268194
20190404	0.08065221	0.07773825	0.070972814	0.076290887	0.078075935	0.079106727	0.078195289	0.079489636	0.083011604	0.085556058	0.084236273	0.080808799	0.079144738	0.078316151	0.076349286	0.075188177	0.070763804	0.062235399	0.056828371	0.066249159
20190403	0.08065221	0.07800267	0.07079268	0.076290887	0.077711096	0.079110599	0.078195488	0.079404154	0.083128011	0.085825586	0.084271319	0.081539358	0.07977019	0.077932048	0.075961549	0.074943829	0.070429223	0.062306521	0.05688837	0.067809631
20190402	0.08065221	0.076009295	0.070612546	0.075559079	0.077163834	0.078741337	0.07747634	0.078812674	0.083026586	0.084674117	0.083298617	0.080684137	0.078359523	0.077014606	0.075309902	0.074387319	0.069892595	0.062684405	0.056279498	0.066873167
20190401	0.08065221	0.074196162	0.07079268	0.075924983	0.077528675	0.078924032	0.077656362	0.078117842	0.08147153	0.084059044	0.082483904	0.079456625	0.077165288	0.07564851	0.074084693	0.073229131	0.069108726	0.061780329	0.055348746	0.067024125
20190331	0.078964141	0.074987241	0.07079268	0.075924983	0.077528675	0.080128646	0.077995051	0.078784529	0.081381559	0.083796457	0.082670133	0.079794985	0.077347577	0.075421563	0.073803952	0.072997965	0.068423533	0.060949956	0.054520299	0.066032758
20190328	0.08065221	0.075332065	0.070252278	0.075924983	0.079352879	0.081922853	0.080356119	0.078407023	0.081378995	0.083292698	0.082818669	0.080020325	0.077375171	0.075455742	0.073454791	0.072378757	0.068057309	0.06032865	0.053304717	0.065954714
20190327	0.08065221	0.07573301	0.070252278	0.075924983	0.080264981	0.082218854	0.081796324	0.07982879	0.082839448	0.085079132	0.084244546	0.080999567	0.07826761	0.076150953	0.074234146	0.073230811	0.068089191	0.059800985	0.051696504	0.06694607
20190326	0.078932873	0.075570037	0.070252278	0.077937452	0.081177083	0.082679793	0.082337612	0.081337385	0.084465887	0.085755094	0.084284431	0.080521418	0.077923161	0.07582061	0.074104444	0.073135654	0.067206339	0.05814015	0.050990338	0.063274165
20190325	0.07931976	0.076342884	0.069171474	0.078303356	0.081541924	0.082634247	0.082474335	0.08087202	0.084637872	0.085494526	0.084159364	0.080518683	0.077601214	0.075094225	0.07307177	0.071919472	0.066808054	0.057786036	0.050324261	0.062288882
20190324	0.08065221	0.076627703	0.069171474	0.078303356	0.081359504	0.083497168	0.082878486	0.080838638	0.084443305	0.085486633	0.084276224	0.080384788	0.077229313	0.074708423	0.072808938	0.071798502	0.066238302	0.057290694	0.049573739	0.060029941
20190321	0.08065221	0.076934214	0.069531741	0.07976697	0.081359504	0.083468339	0.083238727	0.082153077	0.085669965	0.087225055	0.085697985	0.082255444	0.078740448	0.076320028	0.074178748	0.072914934	0.067317657	0.057717257	0.049520835	0.064138111
20190320	0.08065221	0.076862972	0.069171474	0.079401066	0.081359504	0.083454235	0.083420135	0.083041251	0.085901241	0.088008164	0.086109458	0.082764922	0.079042254	0.076544246	0.074556192	0.073368797	0.067297442	0.05790667	0.049177811	0.06107237
20190319	0.08065221	0.077255828	0.074575495	0.080132874	0.083001287	0.083886125	0.083600318	0.082953592	0.086107977	0.08770483	0.085701901	0.082347833	0.07885675	0.076232417	0.073988244	0.072603818	0.066394386	0.057683508	0.048695892	0.060351566
20190318	0.08040699	0.078534085	0.074575495	0.079584018	0.0830078	0.083867161	0.083567543	0.083310733	0.086219597	0.087722208	0.08620413	0.083230462	0.079610198	0.07656609	0.074232803	0.072843944	0.066663398	0.057764801	0.048784972	0.060506878
20190317	0.08065221	0.078848796	0.074575495	0.080498777	0.08301216	0.08386073	0.083600894	0.082981404	0.085950695	0.087218097	0.0861076	0.082737563	0.07905773	0.076222582	0.073926508	0.072581475	0.066267976	0.057160547	0.048488318	0.061387661
20190314	0.08065221	0.077724219	0.07259402	0.077754501	0.082818866	0.084046512	0.083961135	0.082554091	0.086183758	0.087443604	0.085863389	0.082702579	0.079241947	0.07609669	0.073712499	0.072370287	0.065666069	0.05641988	0.048582203	0.060276695
20190313	0.08065221	0.078186132	0.07259402	0.076839741	0.082454025	0.084162469	0.083961279	0.082556352	0.085955668	0.087397666	0.085759241	0.082341456	0.079184668	0.076283111	0.073837386	0.072391685	0.066244573	0.056857853	0.048210095	0.061035704
