DATE 	1	7	30	90	180	270	360	720	1080	1440	1800	2160	2520	2880	3240	3600
20230929	8.114737466	8.125658594	8.168025836	8.28856743	8.459137987	8.559107224	8.639431331	8.839584478	9.000569317	9.304956947	9.686088779	10.16139266	10.6743188	11.2300889	11.82721435	12.46879331
20230928	8.079513568	8.111876943	8.166458121	8.289114248	8.467053968	8.558960898	8.639487014	8.820448742	8.9810981	9.253276586	9.597620313	10.05514266	10.54972989	11.09713777	11.68610129	12.31869058
20230927	8.113595714	8.137438802	8.165949123	8.297475932	8.466871613	8.558931284	8.639464393	8.82058578	8.9611112	9.253260169	9.598338765	10.05580814	10.55033739	11.0929581	11.67610877	12.30213273
20230926	8.064687834	8.10128669	8.168969181	8.287977757	8.450386642	8.557846033	8.630438487	8.820774209	8.9512317	9.263931146	9.598895038	10.07385746	10.58936375	11.12612885	11.70001491	12.31551076
20230925	8.094509713	8.123865138	8.162031531	8.279562934	8.450270281	8.548697175	8.621337756	8.801706993	8.941581762	9.26449917	9.622114158	10.09309092	10.60254364	11.12993436	11.6930217	12.29632255
20230922	8.076405277	8.09811916	8.162031531	8.279562934	8.450270281	8.548697175	8.621337756	8.801706993	8.941581762	9.264438427	9.63318934	10.12339813	10.65441867	11.20056153	11.78419846	12.41057608
20230921	8.077468639	8.11125128	8.162031531	8.279562934	8.450270281	8.548697175	8.621337756	8.801856022	8.921689682	9.255067668	9.611546597	10.10007286	10.6299646	11.17463855	11.75663768	12.38121274
20230920	8.094509713	8.123865138	8.162031531	8.279562934	8.452554072	8.56565357	8.630544633	8.820817033	8.941074396	9.284685374	9.655102922	10.14634039	10.67852896	11.22615555	11.81144475	12.43963774
20230919	8.094509713	8.123865138	8.162031531	8.279562934	8.452554072	8.56565357	8.63049417	8.830145941	8.980642302	9.326380984	9.698459768	10.20396096	10.7526478	11.29612171	11.87458977	12.49494297
20230918	8.060427566	8.098635717	8.162031531	8.279799488	8.46275037	8.583871156	8.648544242	8.896768998	9.059274077	9.387179283	9.761383472	10.25806902	10.79639764	11.34192343	11.9238537	12.54802877
20230915	8.106218634	8.117131155	8.159540832	8.280416587	8.46275558	8.582465381	8.639452212	8.887186569	9.059493659	9.387632389	9.750593724	10.22791182	10.74449749	11.29519566	11.88566986	12.51960428
20230914	8.103030249	8.126949132	8.155263548	8.279345235	8.442392508	8.556624908	8.621372558	8.820496705	9.001048403	9.305889426	9.664447657	10.14968055	10.67558561	11.21317536	11.78689102	12.40203395
20230913	8.128591859	8.149096264	8.162031531	8.279324666	8.440657522	8.533862506	8.576404858	8.744604697	8.903156676	9.224950889	9.558129806	10.07313612	10.63519825	11.15364824	11.70058657	12.28562566
20230912	8.111550786	8.136480702	8.162031531	8.279324666	8.440657522	8.535437253	8.585040981	8.744553307	8.903021933	9.224599568	9.602524596	10.10977417	10.65992389	11.19790032	11.76968839	12.38268413
20230911	8.103030249	8.132389167	8.170474119	8.279542363	8.446975719	8.518160333	8.575834104	8.715970469	8.883633892	9.20474991	9.559331551	10.07540386	10.63729548	11.17480693	11.74489762	12.35601426
20230908	8.076405277	8.09811916	8.162031531	8.279562934	8.446986139	8.515599628	8.557512576	8.725539193	8.903326353	9.267652854	9.603682552	10.15101789	10.75067615	11.31181455	11.90666965	12.54552616
20230907	8.081728907	8.109802195	8.151490173	8.280137178	8.449144885	8.536707153	8.594089508	8.753654387	8.961786579	9.350073835	9.735105661	10.30968751	10.93813484	11.54149509	12.18464313	12.87783765
20230906	8.075253299	8.107667778	8.162106184	8.279091539	8.431742925	8.526403365	8.575616591	8.791891598	9.021339723	9.412341446	9.800032271	10.37805151	11.01044216	11.62841533	12.28891399	13.00168452
20230905	8.073208371	8.106989265	8.157725404	8.262009909	8.424618889	8.524957524	8.567375471	8.811171225	9.031205916	9.432859272	9.844355703	10.43810578	11.08740231	11.71615091	12.38800731	13.11354009
20230904	8.067243996	8.10102415	8.151814235	8.262736714	8.45179165	8.553719292	8.602882241	8.85823544	9.11964067	9.515106234	9.952613209	10.56583463	11.23633541	11.87593857	12.55870289	13.29634604
20230901	8.059369315	8.081069397	8.145059825	8.262753856	8.451798597	8.556543034	8.621071521	8.877254692	9.139027048	9.546058632	9.97405323	10.58789757	11.25983504	11.91110795	12.60800555	13.36171249
20230831	8.055315244	8.087687454	8.142324807	8.26315497	8.442750273	8.548923631	8.621243791	8.839384059	9.060065902	9.431261909	9.841863016	10.43577421	11.08522502	11.71401664	12.3859174	13.11150076
20230830	8.068948103	8.10128328	8.155988023	8.280522865	8.459335973	8.554919513	8.611930768	8.858279977	9.099567268	9.494043368	9.896754009	10.49913833	11.15918688	11.7735422	12.42657536	13.13054583
20230829	8.067243996	8.099556312	8.154333777	8.279350378	8.44153283	8.546035435	8.603057991	8.810424365	9.08075147	9.411312107	9.808142827	10.39979526	11.04735402	11.6441643	12.27720646	12.95871074
20230828	8.060427566	8.092653553	8.147718493	8.27936752	8.440678363	8.533876442	8.576413557	8.801450045	9.021364676	9.390971584	9.777118046	10.35407033	10.98522517	11.55747636	12.1623172	12.811991
20230825	8.08066384	8.099217055	8.151664929	8.279357234	8.440673153	8.535445963	8.584896552	8.772822669	8.981768489	9.349642072	9.734032039	10.29644337	10.91066837	11.48703783	12.0987229	12.75630254
20230824	8.077468639	8.106820489	8.145059825	8.261089404	8.386409256	8.472137325	8.521144456	8.687723375	8.904327778	9.289810726	9.739341768	10.29877654	10.90526204	11.48503453	12.10166179	12.76484928
20230823	8.064687834	8.092755842	8.134520164	8.261121973	8.386424887	8.470738518	8.51211855	8.668707548	8.884964688	9.248885068	9.62853319	10.17298667	10.7664352	11.32770383	11.92331457	12.56299979
20230822	8.049691691	8.081993402	8.136868343	8.26111683	8.385559999	8.467193597	8.539342437	8.687896386	8.874468031	9.248028108	9.628163423	10.17264356	10.76611653	11.32739359	11.92301557	12.56270735
20230821	8.073208371	8.097171289	8.125456597	8.244768862	8.402350632	8.470593934	8.511920179	8.697439416	8.894845852	9.227104785	9.605005931	10.12420085	10.68826317	11.23825336	11.82321269	12.45101339
20230818	8.095486166	8.105761805	8.130115629	8.244751721	8.402623298	8.470588709	8.511916699	8.697437703	8.894844188	9.227103143	9.605004308	10.12420085	10.68826317	11.23825336	11.82321269	12.45101184
20230817	8.081728907	8.105587915	8.134158775	8.261596796	8.400834474	8.46143114	8.502654138	8.697434276	8.904746978	9.258594015	9.649668314	10.17149773	10.73786516	11.29080864	11.87904535	12.5104573
20230816	8.060427566	8.088440978	8.130385399	8.261607081	8.400839684	8.461434624	8.502756804	8.678214605	8.905051398	9.238312593	9.605343262	10.12393593	10.68801986	11.24764006	11.84431164	12.48534347
20230815	8.077468639	8.101274757	8.13002401	8.260893989	8.376652349	8.452534868	8.493784841	8.65976235	8.826339775	9.144910357	9.496670577	10.00337256	10.55447691	11.11018033	11.70357969	12.34116482
20230814	8.060427566	8.094204927	8.145059825	8.261327672	8.392906335	8.461485142	8.502744624	8.68813963	8.865318805	9.206677252	9.561676654	10.08969968	10.66550605	11.22463398	11.8195689	12.45867974
20230811	8.084924109	8.096354687	8.13657482	8.252923133	8.393099112	8.461521723	8.502770725	8.688155047	8.865328786	9.206504875	9.594997884	10.13845998	10.73005863	11.29872678	11.90358823	12.55380047
20230810	8.05190703	8.085682602	8.13657482	8.252686579	8.38560168	8.461587918	8.502920374	8.66896107	8.865195706	9.249377575	9.562641618	10.1004064	10.69042476	11.25208788	11.84864328	12.48953911
20230809	8.060427566	8.089774136	8.128088119	8.244280325	8.38651867	8.46943552	8.503452845	8.687851849	8.904620553	9.290408301	9.672540373	10.21305425	10.80187303	11.37459685	11.98456797	12.64042678
20230808	8.043556903	8.07578109	8.130914757	8.262954412	8.430146877	8.508004613	8.557389029	8.763399548	9.001637281	9.455398016	9.892110834	10.45826006	11.07383154	11.68428036	12.33717246	13.04116604
20230807	8.077468639	8.102389699	8.128088119	8.244995131	8.413684484	8.500712701	8.557498655	8.753752027	9.021960207	9.434535435	9.89148969	10.44038149	11.03435151	11.64578253	12.30212426	13.01012043
20230804	7.991222065	8.00839523	8.128088119	8.244995131	8.413684484	8.500712701	8.557599581	8.734515225	9.022046709	9.445702203	9.892092995	10.44035916	11.03432954	11.64576382	12.30210257	13.01009734
20230803	8.017824883	8.054356795	8.122411089	8.245463098	8.413693167	8.499312152	8.548417066	8.744258674	9.012024147	9.455897089	9.937524106	10.47735308	11.05924983	11.65640709	12.29647422	12.98593162
20230802	8.022085152	8.060284405	8.123783688	8.227680376	8.393804221	8.461621016	8.502944735	8.668382081	8.943915646	9.406227798	9.874592294	10.41031686	10.98829724	11.57577741	12.20453524	12.88131298
20230801	8.01680242	8.054999507	8.118547791	8.226302189	8.361945782	8.400731983	8.457200949	8.602391115	8.866531493	9.272454794	9.699017663	10.21214141	10.76624054	11.32917709	11.93076171	12.57720741
20230731	8.054633602	8.083979501	8.122180344	8.208008645	8.339713996	8.406017139	8.439629405	8.593310591	8.817826005	9.16833233	9.566282529	10.0720621	10.61921316	11.18280145	11.78609626	12.43475104
20230728	8.042331651	8.061574943	8.111033277	8.208781733	8.347638661	8.407450784	8.448343833	8.593538418	8.777780675	9.178699593	9.56775349	10.07284887	10.61993997	11.17390582	11.76550546	12.40093503
20230727	8.080195211	8.105115684	8.130622932	8.210099924	8.366275431	8.428058362	8.484631908	8.64998978	8.885315686	9.312667958	9.741962575	10.25727268	10.81384419	11.37983507	11.98481586	12.63501062
20230726	8.056167297	8.085513827	8.123700552	8.210117066	8.366284115	8.425497658	8.466571395	8.612124286	8.826747332	9.219815687	9.599188581	10.07509745	10.58899014	11.13424654	11.7186165	12.34594379
20230725	8.043386493	8.072729488	8.111033277	8.210149635	8.366301482	8.425508109	8.466578356	8.612127712	8.82727466	9.146484736	9.54272932	10.01136947	10.51547096	11.05107414	11.62479675	12.24024778
20230724	8.030605689	8.064375939	8.115339404	8.22638104	8.361949255	8.399451631	8.4481211	8.593584668	8.768486725	9.084745749	9.456176184	9.895638395	10.36755508	10.8830955	11.43589153	12.02803385
20230721	8.033814523	8.047529048	8.119562394	8.225289118	8.348404556	8.414988316	8.448702293	8.564977848	8.738836579	9.085619128	9.435751402	9.884982754	10.36964917	10.88616361	11.43886915	12.03090276
20230720	8.059916334	8.089262694	8.127373825	8.199023005	8.327414527	8.368085609	8.394099651	8.453024116	8.573470142	8.881437378	9.221995046	9.673240793	10.16052748	10.66992628	11.21403731	11.79675638
20230719	8.05190703	8.081251811	8.119436842	8.198729883	8.319514176	8.366833128	8.384786628	8.461155647	8.612885007	8.922847334	9.264982125	9.718175776	10.20766176	10.71519483	11.25676814	11.83655649
20230718	8.06110921	8.086025268	8.111667828	8.198923584	8.319524597	8.366838354	8.384791848	8.46130639	8.59306612	8.922812858	9.265660032	9.72475875	10.22107398	10.74382422	11.30313192	11.90284487
20230717	8.024300491	8.058068157	8.108966743	8.199485829	8.327437105	8.36247122	8.357280845	8.442336814	8.583367941	8.965051868	9.333317731	9.802259107	10.30850144	10.83192928	11.3909546	11.99020534
20230714	8.038073086	8.050624975	8.106771262	8.199540682	8.327438841	8.365287995	8.375591932	8.489476399	8.671425082	9.046655288	9.462481691	9.951811511	10.47865486	11.00361676	11.56220946	12.16067216
20230713	8.045431422	8.07477355	8.113060788	8.20774295	8.327249539	8.362439864	8.357256484	8.461256713	8.613106252	8.943785432	9.309307179	9.837317234	10.41200504	10.89887877	11.40670097	11.94822738
20230712	8.030605689	8.064375939	8.115256267	8.207688097	8.327247801	8.362438122	8.357256484	8.442545798	8.55424845	8.881833025	9.266998007	9.794003658	10.36615641	10.85020071	11.35492883	11.89307607
20230711	8.034865957	8.068636249	8.119477561	8.207581819	8.328383619	8.370198626	8.357256484	8.433073	8.534489449	8.881793625	9.311979883	9.83123696	10.39155705	10.88531552	11.40292394	11.95546893
20230710	8.005044079	8.047668842	8.123617416	8.192793738	8.345096099	8.359380954	8.339585754	8.396264416	8.456825828	8.758967402	9.138361127	9.659117322	10.22413192	10.70926285	11.21624032	11.75716712
20230707	7.999740897	8.015754877	8.119394425	8.189876234	8.307221654	8.320472177	8.284167002	8.347745879	8.518060766	8.668643331	8.994928687	9.489346808	10.02670197	10.49050774	10.97479145	11.49065764
20230706	7.993285739	8.035907386	8.11204788	8.204808304	8.272947434	8.305478988	8.285045754	8.330490999	8.51748187	8.782563393	9.138888208	9.658470993	10.22353069	10.73674794	11.27767344	11.85669895
20230705	8.039126225	8.068467473	8.106813679	8.207900653	8.328399248	8.373024111	8.375572791	8.461123101	8.612888334	8.932991329	9.33112021	9.825879616	10.35986629	10.88812015	11.45016923	12.05273057
20230704	8.011349276	8.049544128	8.113060788	8.207250985	8.315917424	8.34069826	8.366449439	8.442511538	8.573881025	8.902472336	9.310744082	9.79300145	10.31184194	10.82679083	11.3742849	11.96054958
20230703	8.015609544	8.053806143	8.117283778	8.206651029	8.305719388	8.32109232	8.33936302	8.387031436	8.555223258	8.863042257	9.246592686	9.706790822	10.20162281	10.70411817	11.2390775	11.81143958
20230630	8.021037126	8.035905682	8.123700552	8.206489898	8.311415839	8.366946357	8.384809249	8.470893957	8.593009561	8.922553472	9.265492988	9.706742946	10.18244792	10.66895658	11.18650597	11.73936565
20230629	8.00078381	8.043406828	8.119477561	8.206100783	8.306480074	8.384449733	8.394021346	8.461354353	8.572942814	8.943168157	9.3325636	9.80270276	10.30890958	10.80412148	11.3289901	11.88983776
20230628	8.043386493	8.072729488	8.111033277	8.207794375	8.330676092	8.399770412	8.44830729	8.603453165	8.748760993	9.063615573	9.445292373	9.914830358	10.42082721	10.95585226	11.52881737	12.14358024
20230627	8.047646762	8.076989797	8.115256267	8.207688097	8.330670882	8.396995445	8.430518234	8.575051903	8.709783628	9.023051088	9.380737153	9.846110492	10.3487899	10.86534323	11.41633872	12.00648309
20230626	8.066391942	8.095740957	8.133831318	8.20672988	8.321596507	8.389440494	8.430448629	8.518018126	8.650826015	9.003974665	9.328786459	9.807748908	10.32835919	10.86379827	11.43593337	12.0499186
20230623	8.014222401	8.033443942	8.08300273	8.173080869	8.294093767	8.353428622	8.393962183	8.499344895	8.651704341	9.00450493	9.440318354	9.893760053	10.37767704	10.92231983	11.50922273	12.13978015
20230622	8.017824883	8.04716081	8.085535846	8.172523766	8.283899206	8.33531207	8.375788564	8.461224166	8.652163466	9.026792496	9.441635245	9.929882628	10.45550999	10.97900802	11.53598411	12.13266479
20230621	8.006748186	8.036081277	8.074558446	8.174279069	8.312206047	8.365695618	8.375769423	8.517881087	8.729842057	9.192430678	9.572511812	10.06457905	10.59731941	11.15350793	11.749268	12.38944396
20230620	7.996523542	8.030284937	8.081312855	8.17411108	8.312197364	8.368505426	8.394077029	8.517786873	8.729574235	9.19209249	9.59458595	10.08882036	10.62261801	11.19468255	11.8096306	12.4714606
20230619	8.000954222	8.034715728	8.085788649	8.191706959	8.329929301	8.39075917	8.439403192	8.555302919	8.788047769	9.211104887	9.65808701	10.14575311	10.66894857	11.23340021	11.8400714	12.49245574
20230616	8.02529569	8.037835522	8.094063268	8.191499545	8.329920618	8.392034297	8.448328172	8.593334573	8.826705744	9.315184667	9.701481157	10.18777084	10.71360731	11.31018851	11.95570429	12.65202251
20230615	8.000954222	8.034715728	8.085788649	8.191706959	8.329929301	8.392041264	8.44813154	8.630999648	8.925713677	9.376582183	9.876849821	10.41417408	10.99185907	11.61858742	12.29535258	13.0266706
20230614	7.99839806	8.032158519	8.083255533	8.190783025	8.312971942	8.383078798	8.439114334	8.612828322	8.806542513	9.356619248	9.791869819	10.3088848	10.86744126	11.49493726	12.17475131	12.90977594
20230613	8.013564616	8.047329586	8.098284562	8.191393268	8.328772644	8.384221534	8.448343833	8.574334163	8.807412522	9.252281723	9.724278613	10.24054794	10.79542593	11.42788176	12.11423688	12.85683943
20230612	8.048498815	8.07341141	8.099212636	8.208090925	8.328407932	8.381596375	8.430037965	8.574407821	8.807214566	9.315483454	9.7922704	10.36063415	10.97612986	11.64383847	12.36705709	13.15138399
20230609	8.024443636	8.043674482	8.093135194	8.173320852	8.301990646	8.35592139	8.411862607	8.555719174	8.78819083	9.274378852	9.748480536	10.3146044	10.92754195	11.5721808	12.26742463	13.0199077
20230608	8.02634542	8.051252344	8.077091561	8.174217359	8.30992052	8.353306684	8.393770772	8.517728631	8.749228436	9.233707657	9.705866469	10.25745142	10.85350317	11.5217286	12.24770759	13.03540972
20230607	8.021403509	8.046308407	8.072194997	8.172366063	8.279114536	8.351000307	8.375952133	8.537099046	8.74927335	9.254286225	9.750583993	10.33000936	10.95704916	11.61419105	12.32329757	13.09154144
20230606	8.022085152	8.051422824	8.089758837	8.172911166	8.296917679	8.366474281	8.375852947	8.536511492	8.808595267	9.296101678	9.815980922	10.43699984	11.11116096	11.80139833	12.54617118	13.35489111
20230605	7.96584961	8.008463423	8.084692606	8.174025372	8.31219389	8.365686908	8.375762461	8.536463529	8.80811119	9.35887657	9.940435213	10.61426617	11.34667697	12.07640823	12.86357255	13.72045222
20230602	7.991222065	8.004895264	8.077091561	8.173230001	8.296933309	8.371616594	8.412087079	8.555213844	8.846800771	9.431688748	10.01796959	10.7086365	11.46079072	12.21500136	13.03021689	13.91914189
20230601	8.00078381	8.034545247	8.085535846	8.173511124	8.304283119	8.371543431	8.411982673	8.564558168	8.876252962	9.484132494	10.08512616	10.78641454	11.55028245	12.31656211	13.14538037	14.04979322
20230531	8.069970567	8.086026973	8.086548754	8.17397909	8.315610023	8.400245972	8.448453459	8.611524742	8.964657773	9.545469266	10.17152199	10.87924165	11.64909239	12.42276087	13.25996133	14.17383401
20230530	8.068948103	8.085004089	8.085535846	8.174496767	8.322383242	8.390881108	8.439291825	8.592841233	8.905615323	9.461716875	10.05997711	10.74761089	11.49537617	12.26720899	13.1046372	14.01910007
20230529	8.085989176	8.093188862	8.068648973	8.176080654	8.348701536	8.408887915	8.457691657	8.573616422	8.875592554	9.440921605	10.02710512	10.71850537	11.47148722	12.2317512	13.05436008	13.95177895
20230526	8.076405277	8.083444192	8.060119856	8.158303073	8.317152234	8.405362155	8.430779249	8.593075913	8.876084948	9.419600994	10.0154023	10.71306664	11.47270067	12.23351442	13.05611226	13.95351661
20230525	8.084285069	8.095914846	8.083722115	8.145021742	8.245310968	8.337294439	8.384812729	8.536530335	8.847532709	9.443293845	10.04174174	10.72790826	11.47401301	12.2749042	13.14857178	14.10495682
20230524	8.091101497	8.10273407	8.090350972	8.120762913	8.258975501	8.318778976	8.36646162	8.517814281	8.808580297	9.380589545	10.0206423	10.72042201	11.47965166	12.27130915	13.13216235	14.07371114
20230523	8.088034105	8.099665419	8.087269834	8.111494436	8.238782627	8.283869775	8.338968017	8.499017716	8.809149211	9.402834427	10.0215878	10.78295309	11.61642523	12.43344311	13.31793193	14.28654226
20230522	8.081728907	8.093357637	8.081021029	8.110664782	8.222973242	8.284002165	8.339063722	8.498772759	8.848612319	9.466083767	10.11155317	10.87938688	11.71897126	12.5646466	13.48400771	14.49285673
20230519	8.067886443	8.079811251	8.085327157	8.130235376	8.274619898	8.319909518	8.375273493	8.555330327	8.906653344	9.548343863	10.19920102	10.93442213	11.73530013	12.59005666	13.5247199	14.55132638
20230518	8.060427566	8.072050975	8.060204689	8.175149864	8.312223415	8.374067555	8.429557698	8.688026573	9.043555707	9.670349242	10.37351714	11.13472648	11.96312264	12.79442068	13.69664093	14.68504671
20230517	8.009304347	8.038636781	8.077091561	8.173230001	8.294100714	8.355999779	8.411516326	8.631203493	8.964943894	9.587901994	10.21753693	10.94039708	11.72808698	12.51886202	13.37531071	14.31123744
20230516	8.00078381	8.034545247	8.085535846	8.173017445	8.294090294	8.355991069	8.411612031	8.612290445	8.925721994	9.503653814	10.15035442	10.88317548	11.68122584	12.45894827	13.29821489	14.21439753
20230515	8.05190703	8.06795944	8.068606557	8.165082587	8.294293491	8.358600549	8.4296012	8.669101534	9.024096136	9.62854364	10.32868123	11.07446473	11.88464137	12.66688239	13.51015095	14.43049004
20230512	8.055109048	8.067025207	8.072829548	8.164976308	8.29428828	8.358597065	8.42959772	8.669101534	9.023944757	9.64978545	10.35176736	11.1115991	11.93839699	12.73605813	13.59665524	14.53689251
20230511	8.131659251	8.138870839	8.113865005	8.161973096	8.255757354	8.305567829	8.383869595	8.622040746	8.975700057	9.588494644	10.26347729	11.0293989	11.86503479	12.65811149	13.51223466	14.44515785
20230510	8.092294373	8.103925729	8.091742235	8.162036519	8.24787437	8.305647959	8.383779109	8.650669835	9.005503244	9.58749978	10.28442104	11.05296993	11.89018427	12.71149148	13.60049113	14.57372828
20230509	8.090249444	8.101881667	8.089758837	8.170938165	8.256743812	8.313363172	8.384047085	8.602860472	8.966121649	9.546652924	10.21832837	10.95622494	11.75872285	12.54203336	13.38764568	14.31098195
20230508	8.073208371	8.084835314	8.072787131	8.153657693	8.240170268	8.30447561	8.375083823	8.58427803	8.90698937	9.484203086	10.10672511	10.8609338	11.6858253	12.46576108	13.30500051	14.22113272
20230505	8.067886443	8.079811251	8.08545271	8.153340572	8.245264076	8.335857309	8.375362239	8.593543557	8.926760016	9.483923999	10.08280863	10.85983105	11.71322586	12.50247074	13.35026279	14.27621476
20230504	8.068948103	8.0805733	8.068648973	8.172455199	8.277150302	8.34704428	8.402504341	8.611994099	8.985616154	9.54624086	10.17117005	10.96751734	11.84228864	12.64734818	13.51234311	14.4578833
20230503	8.111550786	8.114722265	8.076434953	8.172242643	8.279109325	8.353564497	8.393455813	8.61184507	9.005130622	9.630777979	10.33129392	11.12799349	11.99859187	12.80343791	13.66832567	14.61337295
20230502	8.060427566	8.072050975	8.060204689	8.17467504	8.295262582	8.367669277	8.438496598	8.725496368	9.182585681	9.818071676	10.5290919	11.35142043	12.25224514	13.05625551	13.91647495	14.85547813
20230428	8.043386493	8.058755195	8.061419498	8.192474904	8.332520492	8.413314276	8.483937607	8.801432915	9.240669958	9.900436839	10.59400716	11.3678276	12.21234756	13.03127729	13.91597145	14.88343472
20230427	8.108945206	8.116007688	8.092502339	8.181202571	8.296870787	8.380021629	8.465831852	8.744666363	9.161994932	9.795902311	10.48294558	11.22421184	12.03029676	12.82280999	13.67898746	14.61389778
20230426	8.094509713	8.106141976	8.093895298	8.156088376	8.294444586	8.356043328	8.411046498	8.725856095	9.163402249	9.754853527	10.3916925	11.15080011	11.98114688	12.761582	13.60035171	14.51526171
20230425	8.094509713	8.106141976	8.093852882	8.147728405	8.294626941	8.356072941	8.41106738	8.726164431	9.12384266	9.669290354	10.3927418	11.09292419	11.84755526	12.66544032	13.55879519	14.5371911
20230424	8.056167297	8.072219751	8.072744715	8.148256366	8.294652992	8.359938387	8.438470497	8.726020541	9.123430113	9.669319904	10.32350286	11.05439824	11.84990052	12.60829379	13.42357849	14.31171303
20230421	8.077468639	8.089095623	8.076923592	8.138806188	8.276730016	8.343194513	8.429790871	8.630994509	9.005273682	9.524199548	10.14684812	10.87864161	11.67692464	12.41323229	13.20122697	14.0583461
20230420	8.033814523	8.042862995	8.051551714	8.132575207	8.295460568	8.361297128	8.448112399	8.640379944	9.004681478	9.54478304	10.16942177	10.8646474	11.61973276	12.36979245	13.17931933	14.06135355
20230419	8.047646762	8.063697426	8.064217293	8.132544353	8.293722109	8.340543225	8.411566789	8.611851921	9.005534851	9.546390254	10.12507239	10.82793754	11.59505735	12.3341086	13.12882841	13.99387235
20230418	8.013564616	8.038468005	8.064425983	8.174532764	8.312216467	8.37149814	8.411850426	8.582763753	9.005870877	9.504630619	10.10237711	10.85558922	11.68073764	12.40890296	13.18408011	14.02644938
20230417	8.051378757	8.061457312	8.068648973	8.174921879	8.322405819	8.393462717	8.456809426	8.735393985	9.102787796	9.668776505	10.30067297	11.06721309	11.9064535	12.67188365	13.49127824	14.38400706
20230414	8.003999461	8.020008367	8.058587771	8.209335407	8.32960106	8.389440494	8.429543777	8.687692541	9.063765515	9.627849206	10.30339919	11.07861401	11.92517158	12.70779667	13.54771975	14.46408904
20230413	7.983742737	8.004206523	8.016939818	7.949975753	8.004667214	8.020331437	8.011971637	8.311757814	8.737189718	9.413234525	10.12515185	10.93406626	11.8180512	12.60981224	13.45738731	14.38284503
20230412	7.983742737	8.004206523	8.017065371	7.976526418	8.030111937	8.048408607	8.092754105	8.368303391	8.775122408	9.431547563	10.14416893	10.92918129	11.78474356	12.60387715	13.48844935	14.45678898
20230411	8.00078381	8.016822086	8.016982234	7.957346652	7.996888435	8.086779115	8.138764127	8.396776599	8.774365518	9.409118812	10.09712576	10.87834158	11.73090788	12.54621303	13.42642133	14.38982493
20230410	7.992263274	8.008298056	8.008412397	7.931502224	7.973430523	8.032115906	8.084152784	8.321554365	8.677195748	9.306677436	10.01172896	10.80126413	11.66231781	12.47300105	13.34669802	14.30271226
20230405	7.948631311	7.967807213	8.016939818	7.946525144	7.947077494	8.01152749	8.047695919	8.312437868	8.658007326	9.307347245	10.03595521	10.81531579	11.66282799	12.47238681	13.34608297	14.30209661
20230404	7.783510129	7.852662924	8.004023133	7.896211044	7.943781194	8.027356827	8.048992295	8.274049914	8.678015851	9.329291698	10.10463301	10.90304409	11.77011947	12.59895228	13.49441853	14.47541696
20230403	7.915578446	7.953749385	8.016814265	7.921949195	7.959722572	8.02970501	8.066196677	8.293004073	8.677255634	9.370764038	10.12713855	10.91299276	11.76663926	12.59960707	13.5016147	14.49020945
20230331	7.988003006	8.017330118	8.054811001	7.920999549	7.959677417	8.029675396	8.066374168	8.254905614	8.657935796	9.329446017	10.12853977	10.90406545	11.74250073	12.55664271	13.43685073	14.40022938
20230330	8.013564616	8.038468005	8.063589529	7.993558336	8.062524391	8.12202626	8.175026101	8.405377487	8.822468821	9.524166714	10.27804742	11.09862784	11.99405677	12.80975808	13.68556858	14.64326882
20230329	8.017969732	8.034749823	8.068993396	7.996381563	8.11222418	8.142369056	8.211477746	8.386043045	8.79222148	9.492322878	10.25600247	11.07578452	11.96953834	12.78330193	13.65692644	14.61215088
20230328	8.009304347	8.03420599	8.059534507	8.028079857	8.079891616	8.134416935	8.157649448	8.367362963	8.773427306	9.472558588	10.21184771	11.06593958	12.00209563	12.82118707	13.696974	14.65461983
20230327	8.009304347	8.03420599	8.059283402	7.976457851	8.054987014	8.113887747	8.121338752	8.291534334	8.735151936	9.433113733	10.16993425	10.99555363	11.89786679	12.70697975	13.57406284	14.52188146
20230324	8.025493366	8.050399941	8.075744412	8.0640687	8.133415669	8.193935033	8.24808774	8.404017378	8.870756772	9.53337823	10.29778456	11.17181296	12.13014434	12.94944718	13.82295265	14.77763711
20230323	8.005044079	8.034376471	8.072201783	8.028748381	8.101619752	8.168451665	8.17585265	8.309657696	8.773277592	9.494956146	10.25910981	11.09155972	12.00041753	12.83849192	13.74073818	14.72906709
20230322	8.007213407	8.019906079	8.077008425	8.155524416	8.280920728	8.374783507	8.429978802	8.648735877	9.173155324	9.852220442	10.64767207	11.50722228	12.4470253	13.28860818	14.19113154	15.17864109
20230321	8.02634542	8.051252344	8.077008425	8.156511773	8.298746448	8.389856826	8.430857554	8.649042501	9.113004986	9.82024363	10.60342487	11.45939557	12.39575465	13.23334179	14.131353	15.11375946
20230317	8.02634542	8.051252344	8.077174698	8.192908588	8.352051673	8.44689435	8.502835109	8.724547376	9.181023659	9.83814132	10.57439975	11.41374085	12.33326946	13.14424677	14.01100889	14.9573679
20230316	8.042331651	8.058559141	8.096011035	8.220030067	8.400730271	8.527943271	8.630123529	8.914539485	9.356740365	10.02258833	10.77029537	11.58392789	12.47245577	13.28102055	14.14770665	15.09360161
20230315	8.02634542	8.054348272	8.096445381	8.230858433	8.445822535	8.582954877	8.739238329	9.066839112	9.503848274	10.14468236	10.89913336	11.68253685	12.53476828	13.31344297	14.14659585	15.05354599
20230314	8.033161849	8.056827059	8.086163611	8.231112128	8.445834692	8.580143327	8.721042088	9.047854119	9.473988527	10.14569857	10.88952102	11.65848546	12.49434168	13.2851363	14.13513931	15.06168179
20230313	8.016120776	8.043994985	8.086525	8.231112128	8.442409875	8.554003233	8.70254829	9.038674242	9.444606204	10.0820191	10.78581912	11.58571047	12.46083468	13.24678345	14.08676773	15.00181462
20230310	8.003510382	8.035436861	8.091620075	8.246735006	8.428495254	8.568372795	8.693661592	9.028778337	9.474673887	10.14653254	10.92552144	11.69835034	12.53644481	13.34633778	14.21976749	15.17331111
20230309	8.005362747	8.026029741	8.094633346	8.246663012	8.428490044	8.566960052	8.684508658	9.028682411	9.495208077	10.12516925	10.87782795	11.65975577	12.51028282	13.30857734	14.16634853	15.1018282
20230308	8.023448438	8.05120461	8.094068357	8.246663012	8.428490044	8.566960052	8.684559122	9.01902461	9.494998476	10.16870848	10.90176714	11.68380397	12.53597231	13.33081641	14.18406705	15.11424737
20230307	8.058382638	8.077733093	8.094170157	8.246642441	8.428490044	8.572598829	8.720958564	9.056842142	9.574443701	10.25309784	10.99113894	11.75275843	12.58044581	13.39316376	14.27109653	15.22973527
20230306	8.043386493	8.066760963	8.096949289	8.265285674	8.462059155	8.591723984	8.747980598	9.123525153	9.653694296	10.33657115	11.10332765	11.87331223	12.70915227	13.54271818	14.44549942	15.43259134
20230303	8.101424979	8.108151943	8.087276621	8.26549823	8.462069575	8.587499692	8.720831536	9.066434848	9.554215594	10.20950608	10.94444931	11.70333905	12.52786281	13.3474696	14.23442938	15.2036795
20230302	8.085989176	8.09663257	8.087593896	8.26549823	8.462069575	8.588908951	8.729982729	9.066376606	9.554220585	10.18792608	10.8974175	11.65237166	12.47383405	13.27872103	14.14779031	15.09645667
20230301	8.103030249	8.109464644	8.087230811	8.26549823	8.462069575	8.593140211	8.757290141	9.094904629	9.593721952	10.22967259	10.94154794	11.72544348	12.5812307	13.39627863	14.27419654	15.23280428
20230228	8.05190703	8.071176409	8.087885722	8.247297251	8.438693289	8.585184606	8.703077281	9.000073877	9.415157341	9.997414674	10.67135178	11.43717623	12.27346232	13.06511372	13.91661283	14.84549077
20230227	8.058212227	8.073136936	8.077105135	8.247564661	8.435282366	8.556232964	8.666649997	8.924289786	9.276629743	9.829643939	10.47043349	11.23548827	12.07267303	12.83963778	13.66081966	14.55520343
20230224	8.066184041	8.077552383	8.085956618	8.247340105	8.435270208	8.556225995	8.666543852	8.943279918	9.316427213	9.871677737	10.51469854	11.28251225	12.12291234	12.89364139	13.71905827	14.61819809
20230223	8.041682386	8.060821419	8.077963646	8.247550948	8.434139603	8.542821489	8.630238375	8.876646583	9.237883603	9.767594673	10.4272891	11.17798419	11.99670499	12.74643013	13.54831466	14.42064736
20230222	8.083944247	8.098985202	8.102507552	8.265124542	8.462050471	8.576208203	8.648545983	8.894922401	9.316994464	9.873004221	10.56219418	11.3479526	12.20659901	12.97345882	13.79202385	14.68303354
20230221	8.060427566	8.084017006	8.113486649	8.264862276	8.462038313	8.579018011	8.666627376	8.932782756	9.395968918	10.0213308	10.72095089	11.5034991	12.35811284	13.17812685	14.06282905	15.02991896
20230220	8.05190703	8.075388985	8.105218818	8.265073117	8.459766681	8.56911836	8.702661397	9.009269171	9.47462731	10.14719742	10.87900212	11.685727	12.56733185	13.40437761	14.30705414	15.29441527
20230217	8.031769594	8.050191954	8.10333722	8.248404601	8.460134865	8.569179329	8.702809306	8.989982693	9.474993279	10.12646454	10.82117244	11.58999699	12.42887862	13.27471285	14.19308976	15.19908369
20230216	8.05190703	8.080022646	8.121684918	8.247436099	8.45105528	8.558718763	8.684618285	8.961653376	9.415578205	10.0418437	10.71940046	11.48784359	12.32720225	13.15486508	14.05074351	15.03087783
20230215	8.068948103	8.092856425	8.121321833	8.247436099	8.45105528	8.555900246	8.666474247	8.932971185	9.396411408	9.978591072	10.66266549	11.46059566	12.33434005	13.13265407	13.98842733	14.92207741
20230214	8.043386493	8.071394625	8.11341539	8.247648655	8.4510657	8.555905472	8.666429005	8.942769449	9.376281448	9.956845263	10.65157085	11.41710973	12.25159839	13.06265206	13.93850809	14.89562916
20230213	8.049010047	8.077088676	8.11887355	8.247508094	8.452201517	8.566493203	8.684750533	8.952257663	9.375865575	9.95627888	10.65094971	11.45527982	12.33589257	13.16698627	14.0628368	15.0429076
20230210	8.050850483	8.069408526	8.121857978	8.247929778	8.458969525	8.559979953	8.693767739	8.951923631	9.415358624	10.06325788	10.78939515	11.59036404	12.46526617	13.30515067	14.21228006	15.20510164
20230209	8.05190703	8.080022646	8.121684918	8.24694242	8.442000009	8.548273874	8.666643037	8.894620916	9.376344661	10.0227525	10.72291974	11.53131516	12.41671909	13.25375683	14.15635289	15.14403551
20230208	8.02634542	8.058351155	8.114211124	8.263874917	8.44164398	8.542584581	8.630020863	8.89541574	9.296764694	9.948139388	10.67971858	11.46113826	12.31222967	13.14977964	14.05679016	15.04988443
20230207	8.047646762	8.075498092	8.117982803	8.263770354	8.441638771	8.546808873	8.657303913	8.923954041	9.326062179	9.979154171	10.67760215	11.45727466	12.30855795	13.13536984	14.02898769	15.00655049
20230203	8.026515831	8.05852334	8.114377397	8.26387149	8.44164398	8.545403097	8.648258866	8.904948492	9.296768021	9.894267373	10.58622258	11.34753767	12.17714048	12.99301642	13.87552573	14.84054712
20230202	8.029554254	8.042315752	8.118547791	8.263770354	8.441638771	8.545399614	8.648257125	8.90479775	9.316613524	9.937030081	10.63201049	11.39603145	12.22877847	13.05925969	13.95952802	14.94501492
20230201	8.00078381	8.041313326	8.123206824	8.262104188	8.424693568	8.545692266	8.648250165	8.923834132	9.356949966	9.914962501	10.60655654	11.36934687	12.20064326	13.00781129	13.87926247	14.83142013
20230131	8.02634542	8.058351155	8.114211124	8.262126472	8.424702252	8.545697492	8.648103997	8.953078182	9.316194322	9.935687179	10.60760421	11.35624795	12.17228514	12.99770276	13.89350918	14.87396297
20230130	8.068948103	8.092856425	8.121321833	8.244779146	8.406949474	8.531911492	8.657276072	8.943840064	9.276356929	9.882498107	10.56281695	11.31577502	12.13624451	12.93269889	13.79208427	14.7304369
20230127	8.068948103	8.092856425	8.121321833	8.244779146	8.408674039	8.546047629	8.648392853	8.925327853	9.166873965	9.765798665	10.47464689	11.22394851	12.03796671	12.83732579	13.70117242	14.64493722
20230126	8.127514863	8.135488505	8.128088119	8.244756863	8.410388185	8.564406315	8.6666935	8.953240916	9.276064154	9.870725558	10.65468144	11.46377784	12.34400206	13.18583765	14.09510104	15.09072191
20230125	8.120071322	8.131356055	8.120234272	8.244779146	8.409537191	8.556638843	8.667020639	8.876817881	9.186922414	9.788163391	10.52113703	11.29353814	12.13339064	12.95713927	13.84846845	14.82382611
20230124	8.120071322	8.131356055	8.120234272	8.244779146	8.409537191	8.556638843	8.666818788	8.91500713	9.236215116	9.872027416	10.65750335	11.44058981	12.28989794	13.11470692	14.00607151	14.98107189
20230123	8.115811054	8.127041191	8.116099508	8.244789432	8.4095424	8.549596034	8.621195068	8.896294501	9.197345878	9.809464301	10.54413397	11.26653917	12.04710442	12.84988038	13.72141929	14.67406662
20230120	8.067356466	8.081565496	8.119562394	8.227452391	8.392604145	8.522402045	8.594367925	8.762729771	9.08020917	9.601769339	10.27540067	10.99237784	11.76995779	12.54255564	13.37742851	14.28834611
20230119	8.08922698	8.109720364	8.122770782	8.227443821	8.390316882	8.501221358	8.557891919	8.715830004	8.961748319	9.519230156	10.16696962	10.86352869	11.61867787	12.39977192	13.24773793	14.17410643
20230118	8.120071322	8.131710654	8.119562394	8.227452391	8.385756249	8.464256626	8.521268004	8.668459165	8.923612682	9.415644524	10.05554477	10.75835111	11.52100286	12.27519105	13.08921153	13.97662804
20230117	8.131659251	8.143301629	8.131045401	8.22742325	8.389167171	8.490624917	8.53957909	8.706806008	8.902972029	9.414341023	10.03237755	10.73277567	11.49407953	12.24646656	13.05844384	13.94356158
20230116	8.115811054	8.131881135	8.132226276	8.227421537	8.389165434	8.490623176	8.539981055	8.630100332	8.883928331	9.374582606	9.966764921	10.67465239	11.44633303	12.20644402	13.02697746	13.92205545
20230113	8.110478902	8.119603124	8.128004982	8.227431821	8.390311671	8.501216132	8.558241679	8.648717034	8.942764507	9.457594595	10.14609075	10.85630258	11.62463518	12.3654444	13.16216471	14.02944296
20230112	8.094509713	8.110572767	8.111116413	8.227472962	8.387491235	8.482871382	8.539711338	8.667676332	9.002482336	9.52078976	10.18967302	10.9012998	11.67271919	12.41717032	13.21800047	14.08989962
20230111	8.103030249	8.114309702	8.103264263	8.227495245	8.387503391	8.48287835	8.539413781	8.724602191	9.10095795	9.688626163	10.36876855	11.0780363	11.84641717	12.59737146	13.40624262	14.28700399
20230110	8.141372663	8.152717272	8.141339046	8.262051049	8.42466578	8.540037811	8.612014293	8.857163112	9.277677745	9.89642291	10.56581077	11.28592582	12.06826823	12.82018931	13.62839584	14.50784469
20230109	8.073890014	8.098809607	8.124501377	8.236342038	8.410523649	8.540434982	8.612036914	8.886018315	9.297311984	9.938479692	10.58773895	11.29516752	12.06397016	12.80428756	13.59953526	14.46406749
20230106	7.944371042	7.961226663	8.103145497	8.244832286	8.407838676	8.534064575	8.621142865	8.876667138	9.257927062	9.810624976	10.42719342	11.11810866	11.86912721	12.62130361	13.43343159	14.31789721
20230105	8.017824883	8.054356795	8.122411089	8.24694242	8.444283799	8.569459787	8.702995496	8.971621226	9.355535994	9.913184552	10.51253183	11.16306758	11.86777877	12.64316072	13.48882117	14.41197903
20230104	8.00078381	8.037099046	8.105873728	8.247367532	8.44430464	8.563834947	8.666615196	8.933404569	9.336315966	9.915023244	10.49159457	11.20324527	11.98164607	12.74911316	13.57716129	14.47969879
20230103	7.992263274	8.032685304	8.114937295	8.264368597	8.451840279	8.572077978	8.72090462	9.028793755	9.43479158	9.996723524	10.57706273	11.31986365	12.13498869	12.93723712	13.80437585	14.75170601
20230102	8.043386493	8.077160278	8.128088119	8.245944777	8.452185887	8.572125011	8.720838497	9.048061389	9.444411574	10.03877374	10.66890937	11.432395	12.26892565	13.08197737	13.9600718	14.91974257
20221230	8.059369315	8.078624706	8.128088119	8.245944777	8.452185887	8.572125011	8.72073757	9.067166291	9.474238052	10.08105707	10.71382476	11.48007648	12.31982898	13.13679477	14.01932206	14.98399622
20221229	8.015609544	8.05211327	8.120261419	8.247490952	8.454481833	8.586271599	8.711856093	9.048100788	9.434232645	10.06034881	10.69271882	11.45751723	12.29559468	13.09988555	13.96687136	14.91360608
20221228	7.958181127	8.007017747	8.11566177	8.265849633	8.477866803	8.590002911	8.738667575	9.13365231	9.59356392	10.22895188	10.88216298	11.67258499	12.54006159	13.35874738	14.24006858	15.20273756
20221227	7.988003006	8.032794411	8.127702977	8.265530799	8.480134963	8.612592858	8.784237352	9.200564861	9.652917444	10.22596401	10.86541965	11.66779896	12.55025262	13.35487327	14.21711211	15.15763825
20221226	7.949660591	8.007026271	8.141625782	8.283908336	8.515980916	8.650083668	8.829688801	9.277076971	9.701426639	10.28717437	10.95427411	11.75065347	12.62425529	13.44449524	14.32692609	15.29064135
20221223	7.940112478	7.957871605	8.11680532	8.283063254	8.488841153	8.624401714	8.811297669	9.277440122	9.701817561	10.29862351	10.91962788	11.71140777	12.5826592	13.39452476	14.26686869	15.2190076
20221222	7.977778362	8.022229729	8.118213548	8.282014186	8.470723664	8.607734487	8.802484056	9.200648797	9.632280116	10.23674333	10.85453259	11.64191551	12.50806001	13.31400733	14.17968584	15.12431938
20221221	8.02634542	8.064544714	8.128088119	8.246183045	8.463524948	8.603759297	8.775345434	9.162170055	9.632958823	10.27056048	10.93800271	11.70653717	12.54708951	13.36446889	14.24695025	15.21094877
20221220	8.043386493	8.081591068	8.144976689	8.245903638	8.454448836	8.594709731	8.766248184	9.143017189	9.623368771	10.24976521	10.91560098	11.68272037	12.52163078	13.35327219	14.25375137	15.23869911
20221219	8.017824883	8.064883971	8.15350411	8.264397738	8.518612051	8.664272063	8.82092739	9.237911322	9.751880462	10.41833052	11.09503546	11.83424527	12.63961248	13.51056546	14.46338218	15.50888862
20221216	8.014222401	8.043227822	8.150970994	8.264404594	8.518615524	8.664273804	8.820929131	9.237911322	9.751880462	10.41833216	11.09503546	11.83424527	12.63961248	13.51056546	14.46338218	15.50888862
20221215	7.992263274	8.037003577	8.132053217	8.275265529	8.509400475	8.65945724	8.839210637	9.237859932	9.751630938	10.41812531	11.09477435	11.86020373	12.69674157	13.59615275	14.58123047	15.6642105
20221214	8.090249444	8.114006246	8.142860952	8.284295737	8.527318242	8.677495403	8.85745734	9.257101872	9.730797318	10.3953912	11.09459757	11.874407	12.72651249	13.61819071	14.59188451	15.66148472
20221213	8.053951958	8.081778597	8.124318137	8.27542666	8.509409159	8.66369721	8.866594612	9.257209791	9.730772366	10.39549463	11.07111248	11.83517567	12.67012591	13.54548696	14.50066591	15.54883341
20221209	8.100474088	8.11941048	8.136963356	8.326268721	8.533261307	8.722614326	8.849320626	9.131839974	9.611701012	10.18338517	10.89105685	11.6333377	12.43968814	13.2738632	14.1810538	15.17402834
20221208	8.079472669	8.097744103	8.151590275	8.325919033	8.533243939	8.72260039	8.849311925	9.131834834	9.611697685	10.18338352	10.89105361	11.63333609	12.43968814	13.27386008	14.18105225	15.17402527
20221207	8.077468639	8.105487332	8.147355408	8.284189459	8.528454058	8.685269843	8.858040273	9.160803094	9.651594964	10.24705314	10.97079687	11.738078	12.57320755	13.41913662	14.33771647	15.34355323
20221206	8.094509713	8.115003557	8.128088119	8.245708223	8.445414405	8.578636518	8.712118848	8.989771996	9.494699047	10.17992778	10.92557334	11.74228631	12.63496906	13.50494996	14.44744525	15.48092126
20221205	8.125694877	8.141264386	8.143025528	8.262604724	8.438259108	8.589307864	8.730297688	9.02793555	9.533942574	10.25370362	11.04025474	11.87266431	12.78156632	13.66902175	14.63136351	15.68754203
20221202	8.09876998	8.123696363	8.149282816	8.262505302	8.448446723	8.607521965	8.748506109	9.065746228	9.613347873	10.38160102	11.22478975	12.08480524	13.02326571	13.9533139	14.96542063	16.07902039
20221201	8.071294659	8.082165588	8.124774539	8.246364747	8.437507107	8.571740034	8.666429005	8.989780561	9.534963959	10.32045468	11.18400992	12.0420582	12.97673579	13.90247974	14.90968558	16.01769567
20221130	8.111550786	8.132049911	8.144976689	8.243347821	8.385634678	8.472879407	8.574727399	8.914674811	9.417075351	10.20606346	11.03887947	11.89240206	12.82354701	13.75373912	14.76725102	15.88309806
20221129	8.192495883	8.195640872	8.157150236	8.260736287	8.406812272	8.523365358	8.602391532	8.933440543	9.416112187	10.2157921	11.02603816	11.89741789	12.85149542	13.78006275	14.78905796	15.89953124
20221128	8.103030249	8.127958377	8.153420973	8.244693438	8.405738978	8.503658383	8.575103261	8.885502707	9.417416368	10.17481227	10.93373742	11.77038005	12.68615495	13.57747131	14.54413882	15.60563927
20221125	8.126976364	8.135907887	8.161822842	8.234562738	8.385658992	8.464443017	8.52051454	8.800552442	9.259555624	9.942329452	10.66224707	11.46730471	12.34736454	13.2107956	14.14701725	15.17396832
20221124	8.085989176	8.115342814	8.15329542	8.21870502	8.382551995	8.50137291	8.557134974	8.867266287	9.30816962	10.00390919	10.72799918	11.52441939	12.39407812	13.27125188	14.22564371	15.27363868
20221123	8.005044079	8.052099632	8.140587426	8.210075926	8.367989577	8.449305244	8.520371852	8.829930104	9.219776453	9.855881408	10.5930876	11.36940591	12.2138514	13.05418517	13.96554987	14.96395688
20221122	8.043386493	8.077160278	8.127921846	8.2088503	8.357810645	8.433258161	8.520464076	8.792126277	9.140436029	9.77188933	10.50427694	11.30075308	12.16929313	13.01866345	13.93887215	14.94765913
20221118	8.068948103	8.102728956	8.153253004	8.207722381	8.350143015	8.434052502	8.52034575	8.82073481	9.179905789	9.834969577	10.57171894	11.35949075	12.21759063	13.08055245	14.01872096	15.04827759
20221117	8.050850483	8.072545369	8.136198161	8.172734608	8.314686088	8.399477761	8.493099241	8.782713434	9.180765817	9.858084554	10.59654363	11.39851782	12.27349528	13.15245176	14.10874665	15.15926357
20221116	8.060427566	8.094204927	8.144138538	8.071720722	8.231545705	8.278791914	8.356398613	8.660425274	9.045202567	9.715080335	10.44485305	11.23680327	12.10013166	12.96492021	13.90504009	14.93715001
20221115	8.17545481	8.18069825	8.135852042	8.066406818	8.201153059	8.22971348	8.283791141	8.537169279	8.928506686	9.571163337	10.31470305	11.12500123	12.00883156	12.85725755	13.77498853	14.78128021
20221114	8.120071322	8.136141445	8.136449268	8.224864006	8.351799849	8.455179188	8.556524199	8.915606674	9.337902941	10.04525348	10.81885815	11.68874799	12.6428839	13.55559548	14.54514118	15.63346349
20221111	8.137112395	8.153187798	8.153337837	8.227844935	8.406105427	8.514989937	8.647434058	9.048280651	9.535118665	10.29753507	11.135199	12.05548427	13.06643943	14.03856289	15.0958595	16.262305
20221110	8.144550823	8.156530922	8.161905978	8.253811069	8.434992333	8.565998481	8.72930757	9.171952902	9.693194	10.48705162	11.31364095	12.25886226	13.30105124	14.32898345	15.45286845	16.69697263
20221109	8.166934273	8.174155204	8.149157262	8.236993421	8.435374413	8.554790607	8.656872368	9.037781777	9.594903034	10.40604741	11.20406494	12.12650858	13.14309504	14.1560176	15.26402054	16.48989629
20221108	8.137112395	8.153187798	8.153337837	8.228081489	8.41159868	8.489928127	8.59291494	8.943357002	9.41631347	10.21548182	11.07294186	11.98958751	12.99477572	13.99417517	15.08663849	16.29466348
20221107	8.118537626	8.134607119	8.134845922	8.210089639	8.367133372	8.439715666	8.511460792	8.772255672	9.219721558	9.96416227	10.8512728	11.74166712	12.71268113	13.67528891	14.72558606	15.8848665
20221104	8.237699033	8.236324358	8.133117024	8.190438479	8.327586463	8.37381671	8.429521156	8.658948682	9.062712522	9.819498303	10.69802532	11.57771674	12.53621876	13.47265537	14.49172376	15.61487708
20221103	8.155175932	8.16682454	8.154097942	8.169818817	8.265717458	8.322334349	8.393222639	8.592378728	9.064178063	9.822193956	10.72384254	11.61923976	12.59499455	13.53693586	14.56098824	15.68981531
20221101	8.094509713	8.123865138	8.161486903	8.160780038	8.255698305	8.299117291	8.338867092	8.498046454	8.907252203	9.613111766	10.47693848	11.34173827	12.28279939	13.19812876	14.19302624	15.288562
20221031	8.083603426	8.108525296	8.133749878	8.153116017	8.254774369	8.290081661	8.329799422	8.478987803	8.908042363	9.550047936	10.4309884	11.26834569	12.17522064	13.05829468	14.01658147	15.06966828
20221028	8.118196804	8.138696949	8.151186471	8.16005152	8.236474523	8.273275075	8.320721314	8.451004509	8.829237585	9.466571349	10.31937703	11.13558665	12.01896136	12.88873366	13.83312644	14.87040143
20221027	8.084924109	8.097522478	8.153001898	8.149673979	8.199320817	8.230695954	8.293142446	8.451914103	8.770389763	9.425103934	10.23014958	11.03835653	11.9153416	12.77711116	13.71235166	14.73921605
20221026	8.068948103	8.102728956	8.152961178	8.140328364	8.18140826	8.211401827	8.266029925	8.395332554	8.692180517	9.363916555	10.16604521	10.95728142	11.81422879	12.66693383	13.59311371	14.60967136
20221025	8.085989176	8.110912024	8.136030192	8.132393506	8.181611457	8.205580142	8.229988945	8.385655912	8.732571854	9.364707849	10.15377639	10.93107878	11.77225281	12.62086865	13.54365302	14.55636084
20221024	8.107290517	8.123357106	8.123198341	8.098288528	8.159697492	8.157207209	8.211587372	8.291203728	8.6354287	9.220565938	10.01114025	10.76766942	11.58370625	12.39575283	13.2759122	14.23958062
20221021	8.12433159	8.14040346	8.140085213	8.097866844	8.161958705	8.172792669	8.211747461	8.291258544	8.615361952	9.241745365	9.989302891	10.76729917	11.61173157	12.42792115	13.3102524	14.27637329
20221020	8.153069656	8.160163863	8.135904639	8.106331379	8.166342192	8.209093709	8.24843402	8.309727929	8.653835279	9.303745381	10.05555937	10.83758459	11.68672008	12.48773512	13.35061602	14.29406701
20221019	8.145632932	8.152848542	8.127585908	8.133589991	8.20199537	8.247659318	8.303108007	8.359527778	8.731560449	9.364839183	10.09660355	10.88026301	11.73274138	12.53756685	13.40475846	14.35309537
20221018	8.162130395	8.169259003	8.144515197	8.145966245	8.286655385	8.353529657	8.393835156	8.535656715	8.925963202	9.600754775	10.40521172	11.20486029	12.07215815	12.89715692	13.78730955	14.76144403
20221017	8.199823544	8.199478391	8.145629903	8.188179213	8.293650903	8.353317135	8.393628084	8.545018168	8.945665643	9.622065536	10.3468874	11.11973007	11.96052779	12.77078943	13.64555975	14.6021466
20221014	8.089182673	8.100618405	8.140421152	8.170163364	8.266874114	8.324736533	8.357637565	8.478920996	8.867830683	9.508096223	10.22531179	10.99067186	11.82276369	12.63300231	13.50888058	14.46707185
20221013	8.140350199	8.156426929	8.156127149	8.131889543	8.186147777	8.245199647	8.284375815	8.442064449	8.809980959	9.489392464	10.20674232	10.98329732	11.82871788	12.65059089	13.53954757	14.51287145
20221012	8.19675615	8.201321286	8.158470239	8.140117523	8.185958473	8.24516655	8.284248788	8.461063146	8.830217383	9.424898723	10.227665	11.02322446	11.88517195	12.7438079	13.67675193	14.70101354
20221011	8.183975346	8.184060127	8.12895172	8.134471071	8.222367126	8.28130907	8.320623868	8.517692659	8.888163591	9.528371079	10.32724756	11.14764666	12.03972488	12.91207807	13.85874758	14.89862737
20221010	8.141372663	8.148586528	8.123449446	8.150414497	8.203916185	8.26321168	8.30246765	8.480001889	8.829250893	9.487686749	10.25027919	11.07029472	11.96427485	12.83118024	13.77097757	14.80303106
20221007	8.026318154	8.050440856	8.128683647	8.149296864	8.185816062	8.245163066	8.284147861	8.480080686	8.849113031	9.551407255	10.34202853	11.18162278	12.09732804	12.98620049	13.95096078	15.01177119
20221006	7.958181127	8.014085872	8.12767074	8.148336932	8.172210578	8.245295456	8.284240087	8.480053278	8.859052417	9.561784369	10.39927112	11.23839914	12.15047145	13.04825943	14.02445311	15.09848062
20221005	8.00078381	8.052268409	8.153001898	8.147700978	8.164273756	8.196635096	8.220877774	8.385320167	8.791599333	9.491552926	10.30142385	11.11360989	11.99528277	12.87373613	13.82918829	14.87940068
20221004	8.005044079	8.052099632	8.140253183	8.129820548	8.138655361	8.181945011	8.220599358	8.366515036	8.771948459	9.492245718	10.30282994	11.11496	11.9965747	12.87503166	13.83048965	14.88070893
20221003	8.015439133	8.058066453	8.133833015	8.163915241	8.149261526	8.20745451	8.239235844	8.394570276	8.820856894	9.533145109	10.39214011	11.19947103	12.07223977	12.94489335	13.89389184	14.93641124
20220930	8.038073086	8.052958854	8.140253183	8.128834904	8.118285342	8.142450929	8.166268171	8.272336931	8.645333152	9.347975757	10.14968462	10.91391518	11.7389326	12.58347926	13.5029114	14.51180331
20220929	8.05190703	8.085682602	8.136115025	8.14664334	8.141717203	8.204843287	8.221030902	8.394851205	8.801517094	9.491160563	10.32382397	11.11301782	11.96584307	12.829311	13.76909991	14.80114872
20220928	7.898537372	7.972151059	8.136030192	8.130420505	8.149985739	8.209132033	8.247758861	8.442227182	8.84985994	9.595514505	10.41311144	11.2323077	12.1221667	12.98927171	13.92947763	14.96163434
