DATE 	1	7	30	90	180	270	360	720	1080	1440	1800	2160	2520	2880	3240	3600
20230929	1.950584345	1.994607495	2.106671004	2.343252098	2.402396112	2.500505854	2.584805953	2.825577712	2.949705257	3.033174883	3.061110636	3.107398439	3.161600934	3.220058598	3.282968969	3.348503798
20230928	1.942117382	1.99122451	2.106266664	2.343406688	2.404644251	2.500463106	2.584822613	2.819460965	2.943324066	3.016328425	3.0331518	3.074906722	3.124699243	3.181936869	3.243799154	3.308193598
20230927	1.950309896	1.997499186	2.106135385	2.345770611	2.404592463	2.500454454	2.584815845	2.819504769	2.936773874	3.016323074	3.033378854	3.075110229	3.124879179	3.180738411	3.241025455	3.303746974
20230926	1.938553639	1.988624918	2.106914309	2.343085392	2.399910729	2.500137403	2.582115411	2.819565001	2.933536122	3.019801535	3.033554654	3.080629789	3.136438302	3.190249623	3.247661263	3.307339656
20230925	1.945722088	1.994167256	2.105124972	2.340706446	2.399877682	2.497464603	2.57939259	2.813470155	2.930373603	3.019986697	3.04089263	3.086511465	3.140342021	3.191340794	3.245720104	3.302186647
20230922	1.941370224	1.987847384	2.105124972	2.340706446	2.399877682	2.497464603	2.57939259	2.813470155	2.930373603	3.019966896	3.044392739	3.095779545	3.155706764	3.21159207	3.271028725	3.332869517
20230921	1.941625831	1.991070929	2.105124972	2.340706446	2.399877682	2.497464603	2.57939259	2.813517792	2.923854485	3.016912271	3.037552946	3.088646574	3.14846377	3.204159049	3.263378472	3.32498397
20230920	1.945722088	1.994167256	2.105124972	2.340706446	2.400526279	2.50241834	2.582147169	2.819578689	2.930207327	3.026566877	3.051318125	3.102795389	3.16284793	3.21893077	3.278591683	3.34067405
20230919	1.945722088	1.994167256	2.105124972	2.340706446	2.400526279	2.50241834	2.58213207	2.822560679	2.94317469	3.040158565	3.06502026	3.120416011	3.184801012	3.23899251	3.296119321	3.355526309
20230918	1.937529574	1.987974183	2.105124972	2.340773322	2.403422028	2.507740528	2.587532418	2.843856773	2.968944234	3.059977234	3.084906142	3.136962493	3.197759172	3.252125464	3.309793882	3.369782541
20230915	1.948536627	1.992514263	2.104482579	2.340947781	2.403423509	2.507329837	2.584812201	2.840793745	2.969016196	3.060124936	3.08149624	3.127740289	3.182386992	3.23872698	3.299194905	3.362149125
20230914	1.947770217	1.994924285	2.103379396	2.340644901	2.397640394	2.499780656	2.579403003	2.819476296	2.949862265	3.033478848	3.054271356	3.103816823	3.161976149	3.215208897	3.271776119	3.330575523
20230913	1.953914602	2.000360747	2.105124972	2.340639086	2.397147657	2.493130719	2.565949249	2.795217377	2.917780768	3.007094982	3.020671551	3.080409202	3.150013913	3.198140393	3.247819944	3.299313988
20230912	1.949818345	1.997264001	2.105124972	2.340639086	2.397147657	2.493590775	2.568533065	2.79520095	2.917736609	3.00698046	3.03470171	3.091613277	3.157337341	3.21082901	3.267001055	3.325379116
20230911	1.947770217	1.996259651	2.107302457	2.340700631	2.398942026	2.488543398	2.565778487	2.786064431	2.911382677	3.000509986	3.021051339	3.081102685	3.150635086	3.204207327	3.260119695	3.318216901
20230908	1.941370224	1.987847384	2.105124972	2.340706446	2.398944986	2.487795299	2.560296923	2.789123078	2.917836375	3.021014716	3.03506766	3.104225788	3.184217034	3.243492196	3.305023977	3.369110464
20230907	1.942649895	1.990715221	2.102406179	2.340868791	2.39955807	2.493961771	2.571240267	2.798110115	2.936995212	3.047881821	3.076601522	3.152747655	3.239739977	3.309349628	3.382183169	3.458352963
20230906	1.941093318	1.990191285	2.105144226	2.340573179	2.394615911	2.490951564	2.565713409	2.810332659	2.956512224	3.068179448	3.097120386	3.173653663	3.261156508	3.334272694	3.411126416	3.491612133
20230905	1.940601766	1.990024731	2.10401435	2.335744049	2.392592684	2.490529168	2.563247773	2.816495402	2.959745616	3.074867727	3.111127994	3.192018525	3.28395115	3.359429548	3.438632495	3.521651032
20230904	1.939168077	1.988560472	2.10248976	2.335949524	2.400309751	2.498931793	2.573870938	2.831539502	2.988727833	3.101678106	3.145340792	3.231078567	3.328063288	3.405246251	3.486013754	3.570743707
20230901	1.937275197	1.983662174	2.100747684	2.33595437	2.400311724	2.499756737	2.579312935	2.837619015	2.99508122	3.111767787	3.152116517	3.237825509	3.335023588	3.415330539	3.499699064	3.588297915
20230831	1.936300697	1.98528671	2.100042277	2.336067769	2.397741999	2.497530762	2.579364476	2.825513648	2.969203733	3.074347029	3.110340225	3.191305519	3.283306264	3.358817578	3.438052383	3.521103367
20230830	1.939577703	1.988624081	2.10356625	2.340977827	2.40245234	2.499282433	2.57657814	2.831553738	2.982149292	3.094812157	3.127687516	3.210682545	3.305212851	3.375885634	3.449338119	3.526217935
20230829	1.939168077	1.988200162	2.103139592	2.340646355	2.397396245	2.496686988	2.573923521	2.816256667	2.975982897	3.06784391	3.099683578	3.180302999	3.272089343	3.338788473	3.40787667	3.480071492
20230828	1.937529574	1.98650574	2.101433399	2.340651201	2.397153576	2.493134791	2.565951852	2.813388022	2.956520402	3.061213427	3.089878766	3.166320114	3.253687549	3.313932016	3.375985991	3.440669796
20230825	1.94239388	1.988116885	2.102451251	2.340648294	2.397152097	2.493593319	2.568489854	2.804237266	2.943543769	3.047741076	3.076262223	3.148697537	3.231604747	3.29373483	3.358333644	3.425714619
20230824	1.941625831	1.989983301	2.100747684	2.335483814	2.381741144	2.475097977	2.549416052	2.777035233	2.918164566	3.028237608	3.077940266	3.14941103	3.230003459	3.293160412	3.359149413	3.428009853
20230823	1.938553639	1.986530849	2.098029328	2.335493022	2.381745584	2.474689322	2.546715618	2.770956814	2.911818811	3.014896904	3.042921248	3.110943939	3.188884668	3.248048208	3.309644231	3.37380302
20230822	1.934948932	1.983888989	2.098634963	2.335491568	2.381499955	2.473653689	2.554860653	2.777090536	2.908378802	3.014617556	3.04280439	3.110839013	3.188790285	3.247959252	3.309561235	3.373724486
20230821	1.940601766	1.987614709	2.095691683	2.330869851	2.386268497	2.474647083	2.546656268	2.780140971	2.915057109	3.007797096	3.035485889	3.096025019	3.165731085	3.222399634	3.281858198	3.343728987
20230818	1.945956804	1.989723425	2.096893325	2.330865005	2.386345934	2.474645556	2.546655226	2.780140423	2.915056564	3.00779656	3.035485376	3.096025019	3.165731085	3.222399634	3.281858198	3.343728573
20230817	1.942649895	1.98968074	2.097936121	2.335627259	2.385837907	2.471970212	2.543883989	2.780139328	2.918301949	3.018061769	3.049600616	3.110488613	3.180422578	3.237469069	3.297356091	3.359692694
20230816	1.937529574	1.985471678	2.096962904	2.335630167	2.385839387	2.47197123	2.543914706	2.77399575	2.918401715	3.011450551	3.035592497	3.095944007	3.165659017	3.22509113	3.287714793	3.352948357
20230815	1.941625831	1.988621989	2.096869695	2.335428568	2.378970181	2.469371205	2.54123041	2.768097476	2.892606003	2.981003841	3.001248489	3.059075197	3.126105252	3.185676625	3.248650765	3.314229073
20230814	1.937529574	1.986886555	2.100747684	2.335551175	2.383586316	2.471985988	2.543911061	2.777168289	2.905380378	3.001138249	3.021792466	3.085474411	3.158990706	3.218494482	3.280846765	3.345787793
20230811	1.943417944	1.987414258	2.098559259	2.333175136	2.383641063	2.471996676	2.54391887	2.777173217	2.905383649	3.001082058	3.03232303	3.100385522	3.17811038	3.239739477	3.304168644	3.371332535
20230810	1.935481446	1.984794579	2.098559259	2.333108261	2.381511792	2.472016014	2.543963643	2.771037852	2.905340036	3.015057448	3.022097425	3.088748571	3.16637132	3.226366475	3.28891716	3.354075101
20230809	1.937529574	1.985798929	2.096370396	2.330731738	2.381772217	2.474308657	2.544122952	2.777076299	2.918260516	3.028432402	3.056828911	3.123196779	3.199380918	3.261494075	3.3266468	3.394596096
20230808	1.933474279	1.982364052	2.097099434	2.336011069	2.394162633	2.485576449	2.560259959	2.801225161	2.950055255	3.082214775	3.126220126	3.198181791	3.279931655	3.35029115	3.424521884	3.502214924
20230807	1.941625831	1.988895674	2.096370396	2.33093382	2.389487311	2.483446148	2.560292758	2.798141325	2.956715572	3.075414113	3.126023825	3.192714447	3.268238161	3.339252477	3.41479329	3.493877605
20230804	1.920894265	1.965822828	2.096370396	2.33093382	2.389487311	2.483446148	2.560322953	2.791992272	2.956743921	3.079054191	3.126214488	3.192707617	3.268231654	3.339247113	3.41478727	3.493871403
20230803	1.927288932	1.977105025	2.094906195	2.331066118	2.389489778	2.483036984	2.557575665	2.795106771	2.953459284	3.082377459	3.140572158	3.20402052	3.275612733	3.342298908	3.413224966	3.487381679
20230802	1.928312996	1.978560077	2.095260212	2.326038783	2.383841315	2.472025684	2.543970932	2.770852778	2.931138473	3.066186558	3.120683713	3.183520549	3.254597456	3.319179563	3.38770477	3.459286266
20230801	1.927043156	1.977262791	2.093909785	2.325649158	2.374793515	2.454237218	2.530284983	2.749758732	2.905777806	3.022580024	3.065196573	3.122917627	3.188827014	3.248470641	3.311711389	3.377618486
20230731	1.936136846	1.984376518	2.094846681	2.32047741	2.368479685	2.455781253	2.525027805	2.746856138	2.889815833	2.988638798	3.023248069	3.080080762	3.145279328	3.206499636	3.271555512	3.339361723
20230728	1.933179759	1.978876865	2.091971666	2.320695968	2.370730291	2.456200087	2.527635049	2.746928963	2.876692006	2.992018257	3.023712939	3.080321358	3.145494599	3.203948949	3.265839969	3.330280406
20230727	1.942281232	1.989564822	2.097024167	2.321068633	2.376023135	2.462220501	2.538491971	2.76497367	2.911933842	3.035688473	3.078768524	3.13671897	3.202926625	3.262996055	3.326715607	3.393141583
20230726	1.93650551	1.984753149	2.095238769	2.321073479	2.376025602	2.461472401	2.533088499	2.752869945	2.892739569	3.005421039	3.033647423	3.081008985	3.136327644	3.192577247	3.252824648	3.315512469
20230725	1.933433317	1.981614974	2.091971666	2.321082687	2.376030534	2.461475455	2.533090582	2.75287104	2.892912387	2.981517049	3.015804509	3.06152069	3.114552172	3.168728816	3.226782392	3.287127725
20230724	1.930361124	1.979564426	2.093082288	2.32567145	2.3747945	2.453863168	2.52756841	2.746943747	2.873646153	2.961391739	2.988450979	3.026129618	3.070741322	3.120563477	3.174346547	3.230137516
20230721	1.931132449	1.975429016	2.094171469	2.325362754	2.370947805	2.458402143	2.527742295	2.737799562	2.863929079	2.961676437	2.981996101	3.022871077	3.071361567	3.12144321	3.175173068	3.230907964
20230720	1.937406687	1.985673385	2.096186167	2.317937088	2.364986634	2.444699722	2.511405892	2.702013494	2.80973448	2.895118477	2.914442327	2.958119457	3.009422313	3.059440417	3.1127648	3.168027776
20230719	1.935481446	1.983706951	2.094139087	2.31785422	2.362742934	2.444333815	2.508619556	2.704612743	2.822651689	2.908617049	2.928027604	2.971860771	3.023382902	3.072420491	3.12462592	3.178716126
20230718	1.937693425	1.984878693	2.092135328	2.317908981	2.362745893	2.444335342	2.508621118	2.704660928	2.816156559	2.908605812	2.928241845	2.973873874	3.027355437	3.080629536	3.137495462	3.196517921
20230717	1.928845509	1.978016054	2.091438673	2.318067933	2.364993046	2.443059503	2.500390182	2.698597293	2.812978229	2.922374635	2.949623819	2.997573823	3.053250366	3.105892333	3.161873064	3.219978642
20230714	1.932156104	1.976188974	2.090872421	2.31808344	2.364993539	2.443882411	2.505868622	2.713665485	2.841836694	2.948975235	2.990443718	3.043307604	3.103647698	3.155121129	3.209409566	3.265757634
20230713	1.933924868	1.982116731	2.092494595	2.320402295	2.364939778	2.443050343	2.500382893	2.704645049	2.822724197	2.915442327	2.942035724	3.008294752	3.083906848	3.125089091	3.166243902	3.208705428
20230712	1.930361124	1.979564426	2.093060846	2.320386788	2.364939284	2.443049834	2.500382893	2.698664095	2.803435065	2.895247448	2.928664687	2.99504927	3.070327053	3.11113139	3.151873122	3.193894501
20230711	1.931385188	1.980610206	2.094149589	2.320356742	2.365261857	2.445317031	2.500382893	2.69563611	2.79695956	2.895234604	2.942880383	3.006435377	3.077850408	3.121200033	3.165195486	3.210650152
20230710	1.924216739	1.975463331	2.095217327	2.316176019	2.370008203	2.442156695	2.495096041	2.683870227	2.771507304	2.855196437	2.888011361	2.953800437	3.02826116	3.070719585	3.113376307	3.157396051
20230707	1.922941984	1.967629401	2.094128146	2.315351215	2.359251856	2.430789666	2.478515468	2.668361252	2.791575482	2.825753131	2.842682171	2.90188387	2.969784855	3.007994856	3.046355525	3.085824731
20230706	1.921390322	1.972576244	2.092233349	2.319572644	2.349517974	2.426409471	2.478778378	2.662845721	2.791385763	2.862888119	2.888177935	2.953602787	3.028083084	3.078600521	3.130428759	3.184125401
20230705	1.932409253	1.980568777	2.090883361	2.32044688	2.365266295	2.446142484	2.505862896	2.704602339	2.822652779	2.911923729	2.948929333	3.004797078	3.068463997	3.122004218	3.178309716	3.236769839
20230704	1.925732354	1.975923658	2.092494595	2.320263212	2.361721456	2.436698628	2.503133307	2.698653143	2.809869137	2.901975328	2.942489832	2.99474279	3.05423978	3.104418961	3.157245931	3.212014563
20230703	1.926756418	1.976969856	2.093583775	2.320093599	2.358825213	2.430970838	2.495029401	2.680918901	2.803754533	2.889122144	2.92221596	2.968379202	3.021594239	3.069244425	3.119715394	3.171970961
20230630	1.928061076	1.972575825	2.095238769	2.320048046	2.360443005	2.444366895	2.508626324	2.707725598	2.816138023	2.908521258	2.928189054	2.968364561	3.015914877	3.059162371	3.105122719	3.152615453
20230629	1.923192675	1.974417133	2.094149589	2.319938039	2.359041248	2.44948043	2.511382464	2.704676259	2.809561662	2.915241111	2.94938549	2.997709494	3.053371252	3.097918866	3.144673112	3.193024853
20230628	1.933433317	1.981614974	2.091971666	2.320416833	2.36591292	2.453956299	2.527624115	2.750098217	2.867181551	2.954503848	2.98501135	3.031998605	3.086519868	3.141425377	3.200140673	3.261167584
20230627	1.934457381	1.982660753	2.093060846	2.320386788	2.36591144	2.453145605	2.522301861	2.741019739	2.854407721	2.941280877	2.964609857	3.010983769	3.065183309	3.11547328	3.168919127	3.224350042
20230626	1.938963264	1.987263605	2.097851663	2.320115892	2.363334316	2.450938459	2.522281035	2.722788864	2.835085879	2.935062457	2.948191793	2.999252628	3.059131984	3.115030285	3.17435816	3.236014681
20230623	1.926422983	1.971971541	2.084742117	2.310603015	2.355523535	2.440417747	2.511364763	2.716819955	2.835373728	2.935235311	2.983439402	3.025555213	3.073739321	3.13181046	3.19470164	3.260147067
20230622	1.927288932	1.975338624	2.08539545	2.310445517	2.352628279	2.435125076	2.505927452	2.704634645	2.835524195	2.94250048	2.983855582	3.036601655	3.096792476	3.148064944	3.202129998	3.258236234
20230621	1.924626365	1.972618929	2.082564195	2.310941756	2.360667424	2.444001497	2.505921725	2.722745058	2.860981356	2.996494235	3.025216719	3.077792414	3.138794669	3.19810016	3.261332813	3.327194471
20230620	1.92216861	1.971196099	2.08430627	2.310894265	2.360664958	2.444822369	2.511399124	2.722714943	2.860893584	2.996383995	3.032192846	3.08520551	3.146287802	3.209906363	3.278088115	3.349220101
20230619	1.923233637	1.972283727	2.085460652	2.315868777	2.36570083	2.451323705	2.524960125	2.734706966	2.880056783	3.002581544	3.052261191	3.102615797	3.160010339	3.221008067	3.286537797	3.354858362
20230616	1.929084731	1.973049543	2.087594816	2.315810139	2.365698364	2.451696226	2.527630363	2.746863804	2.89272594	3.036508855	3.065975114	3.115465002	3.173237705	3.243025955	3.31863489	3.39771014
20230615	1.923233637	1.972283727	2.085460652	2.315868777	2.36570083	2.451698262	2.527571533	2.758903464	2.925173245	3.056522855	3.121397163	3.184700106	3.255652427	3.33145469	3.412913623	3.498322164
20230614	1.922619199	1.971656008	2.08480732	2.315607572	2.360884939	2.449079917	2.524873702	2.753094991	2.886117959	3.050015455	3.094540792	3.152502181	3.218801414	3.29599987	3.37943742	3.466930015
20230613	1.926264868	1.975380054	2.088683558	2.315780094	2.36537234	2.449413762	2.527635049	2.740790314	2.886403083	3.016004125	3.073179833	3.131604469	3.197471366	3.276772717	3.362639976	3.452713877
20230612	1.934662194	1.981782365	2.088922924	2.320500671	2.365268762	2.448646834	2.522158171	2.740813858	2.886338207	3.036606252	3.094667389	3.16832736	3.250993628	3.338695046	3.432817184	3.531814038
20230609	1.928879917	1.974482834	2.08735545	2.31067086	2.357766249	2.441145999	2.516720338	2.734840022	2.880103667	3.023207217	3.080828406	3.15425126	3.236602495	3.318148292	3.405161454	3.496505983
20230608	1.92933706	1.976342974	2.083217528	2.31092431	2.360018335	2.440382124	2.511307496	2.722696326	2.867334744	3.009949461	3.067361012	3.136773627	3.214673123	3.303681884	3.399688447	3.50066906
20230607	1.928149145	1.975129385	2.081954622	2.310400933	2.351269432	2.439708325	2.505976389	2.728888089	2.867349463	3.016657541	3.081493165	3.158962164	3.245342161	3.330194097	3.420670526	3.515743277
20230606	1.928312996	1.976384822	2.086484631	2.310555038	2.356325526	2.44422898	2.505946715	2.728700278	2.886790697	3.030288295	3.102160664	3.191680324	3.290988168	3.38387296	3.482535231	3.586466028
20230605	1.914795347	1.965839567	2.085177965	2.310870034	2.360663972	2.443998952	2.505919643	2.728684946	2.886632053	3.050751283	3.141492159	3.245889145	3.360745092	3.4627279	3.57063872	3.684637739
20230602	1.920894265	1.96496369	2.083217528	2.310645176	2.356329965	2.445731284	2.516787497	2.734678493	2.899311568	3.074486167	3.165995478	3.274748004	3.394544171	3.50246739	3.616895446	3.737995999
20230601	1.923192675	1.972241879	2.08539545	2.310724652	2.358417312	2.445709909	2.516756261	2.737665412	2.908963767	3.09158147	3.187219079	3.29853287	3.42105051	3.531588403	3.648862241	3.773082511
20230531	1.939823478	1.984879111	2.085656696	2.31085695	2.361634155	2.454095232	2.527667847	2.752678301	2.937936172	3.111575668	3.214522894	3.326919809	3.45031679	3.562039297	3.680667342	3.806393757
20230530	1.939577703	1.984628024	2.08539545	2.311003302	2.363557749	2.451359327	2.524926805	2.746706108	2.918586526	3.084274558	3.179271184	3.286666545	3.404787951	3.517437142	3.637552851	3.764839843
20230529	1.943673959	1.986637142	2.081040043	2.31145108	2.371032148	2.456619937	2.530431797	2.740560887	2.908747336	3.07749584	3.168882593	3.277765949	3.39771234	3.507270154	3.623597053	3.746760706
20230526	1.941370224	1.984245115	2.07884024	2.3064252	2.362072142	2.455589903	2.522379953	2.746781124	2.908908705	3.070545872	3.165184133	3.276102761	3.398071748	3.507775732	3.624083418	3.747227356
20230525	1.943264335	1.98730629	2.084927659	2.302670448	2.341669215	2.435704216	2.508627365	2.728706301	2.899551443	3.078269128	3.17350823	3.280641393	3.398460447	3.519643625	3.649748103	3.787896738
20230524	1.944902836	1.988980207	2.086637352	2.295812262	2.345549943	2.430295004	2.503136952	2.722723704	2.886785791	3.057829151	3.166840137	3.278352066	3.400130546	3.518612801	3.645193215	3.779505687
20230523	1.944165511	1.988226944	2.085842675	2.29319198	2.339815165	2.420096433	2.494911221	2.716715372	2.886972237	3.065080406	3.167138946	3.297474343	3.440641182	3.565102267	3.696758677	3.836661643
20230522	1.942649895	1.986678571	2.084231003	2.292957429	2.335325298	2.420135111	2.494939855	2.716637072	2.899905257	3.085698052	3.195570852	3.326964218	3.471014045	3.602722889	3.742857583	3.89206755
20230519	1.939322506	1.983353336	2.085341626	2.298490211	2.349992954	2.430625287	2.50577335	2.734715728	2.918926711	3.112512712	3.223270345	3.343794241	3.475850454	3.610008842	3.754158372	3.907769618
20230518	1.937529574	1.981448419	2.078862119	2.311187938	2.360672357	2.446447321	2.522014481	2.777132151	2.963792943	3.152283304	3.278359757	3.405048188	3.543328659	3.668607142	3.801879786	3.943680313
20230517	1.925240803	1.973246228	2.083217528	2.310645176	2.355525508	2.441168899	2.516616735	2.758968624	2.938029941	3.125407638	3.229065073	3.345621405	3.47371401	3.589594851	3.712685738	3.843293554
20230516	1.923192675	1.972241879	2.08539545	2.310585084	2.355522549	2.441166355	2.51664537	2.752923058	2.925175971	3.097944915	3.207833273	3.32812279	3.459834321	3.572415486	3.69128567	3.817287121
20230515	1.935481446	1.98044407	2.081029102	2.308341829	2.355580257	2.441928703	2.522027496	2.771082752	2.957415567	3.138655762	3.264190188	3.386619882	3.520083479	3.632037461	3.750114359	3.875318928
20230512	1.936251132	1.980214743	2.082118282	2.308311783	2.355578776	2.441927686	2.522026455	2.771082752	2.957365957	3.145580041	3.271486136	3.397975733	3.536005228	3.65187256	3.774126006	3.903893392
20230511	1.954651928	1.997850708	2.092702016	2.307462748	2.34463599	2.426435425	2.508345192	2.756039746	2.941554997	3.125600827	3.243583679	3.372838552	3.514276253	3.629522536	3.75069275	3.87925798
20230510	1.945189574	1.989272723	2.086996182	2.307480678	2.342397221	2.426458835	2.50831812	2.76519105	2.951322225	3.125276527	3.250202568	3.380046676	3.521725219	3.644828444	3.775190763	3.913785664
20230509	1.944698024	1.988770967	2.086484631	2.309997253	2.344916144	2.428712801	2.508398295	2.749908763	2.93841592	3.11196151	3.229315194	3.350461636	3.482787975	3.596238885	3.716109648	3.843224942
20230508	1.940601766	1.984586595	2.082107343	2.305111909	2.340209256	2.426116338	2.505716602	2.743968876	2.919036835	3.09160448	3.19404503	3.321321187	3.461196625	3.574368958	3.693169206	3.819095862
20230505	1.939322506	1.983353336	2.085374008	2.305022256	2.341655898	2.435284365	2.505799901	2.746930606	2.925516156	3.091513505	3.186486665	3.320983962	3.469312328	3.5848949	3.705732997	3.833888186
20230504	1.939577703	1.983540397	2.081040043	2.310426132	2.350711589	2.43855259	2.513920467	2.752828331	2.944804743	3.111827188	3.214411672	3.353914901	3.507539125	3.626436319	3.750722852	3.88267541
20230503	1.949818345	1.991922952	2.083048178	2.310366041	2.351267952	2.440457443	2.511213265	2.752780694	2.951200108	3.139384098	3.265015882	3.40298921	3.553834204	3.671192696	3.794020106	3.924432271
20230502	1.937529574	1.981448419	2.078862119	2.311053701	2.355855478	2.444578092	2.524688884	2.789109389	3.009356442	3.200436991	3.327526304	3.471314149	3.628963161	3.74368433	3.862900771	3.989449799
20230428	1.933433317	1.978184701	2.07917544	2.316085882	2.366436729	2.45791308	2.538284245	2.813382546	3.028392072	3.2272859	3.348041581	3.476331533	3.617145992	3.7365222	3.86276101	3.99695756
20230427	1.949192027	1.992238485	2.087192226	2.312899092	2.356312209	2.448186778	2.532867237	2.795237088	3.002608353	3.193210352	3.312942607	3.432413203	3.5632248	3.676747348	3.796979581	3.924573214
20230426	1.945722088	1.989816747	2.087551494	2.305799085	2.355623167	2.441181622	2.51647617	2.789224377	3.003069566	3.179829513	3.284103747	3.409963575	3.548667215	3.659191146	3.775152061	3.898084424
20230425	1.945722088	1.989816747	2.087540554	2.303435647	2.355674956	2.441190274	2.516482417	2.789322936	2.990104927	3.151938135	3.284435359	3.392264865	3.509099033	3.631623969	3.763616907	3.903973577
20230424	1.93650551	1.981489848	2.082096403	2.303584906	2.355682355	2.442319546	2.524681075	2.789276941	2.989969725	3.151947767	3.262553661	3.380483461	3.509793671	3.615238062	3.726083788	3.843421273
20230421	1.941625831	1.985632373	2.083174206	2.300913257	2.350592227	2.437427897	2.522084243	2.758901822	2.951246992	3.104642291	3.206725171	3.326736312	3.458560357	3.55930712	3.664364003	3.775379395
20230420	1.931132449	1.974283639	2.076630372	2.299151703	2.355911707	2.442716496	2.527565807	2.761901881	2.951052913	3.111351976	3.213859158	3.322456821	3.441620831	3.5468514	3.658282932	3.776187046
20230419	1.934457381	1.979397872	2.079897038	2.29914298	2.355417984	2.436653334	2.516631833	2.752782884	2.951332584	3.111875886	3.199843353	3.311230786	3.434312281	3.536619595	3.64426779	3.758064919
20230418	1.926264868	1.973204799	2.079950863	2.311013478	2.360670384	2.445696678	2.516716695	2.743484836	2.951442707	3.098263327	3.192670924	3.31968679	3.459689721	3.558065751	3.659604418	3.766813505
20230417	1.935354462	1.978847991	2.081040043	2.311123485	2.363564161	2.452113533	2.530167845	2.792273168	2.983204737	3.151770633	3.255338692	3.384402297	3.526543961	3.633471495	3.744875719	3.862835887
20230414	1.923965638	1.968673507	2.07844509	2.320852497	2.36560761	2.450938459	2.522010316	2.777025376	2.970416187	3.138429395	3.256200265	3.387888748	3.532088026	3.643769013	3.760542613	3.884341963
20230413	1.919096417	1.964794624	2.067703383	2.247529204	2.273326362	2.343104857	2.39707814	2.656857648	2.863389363	3.068470569	3.199868465	3.343685414	3.500360298	3.615673456	3.735468358	3.862523824
20230412	1.919096417	1.964794624	2.067735765	2.255035315	2.280552667	2.35130748	2.421247208	2.674932471	2.875820828	3.074440144	3.205878461	3.34219157	3.490494986	3.613971658	3.744090482	3.882381529
20230411	1.923192675	1.967891369	2.067714323	2.249613023	2.271117188	2.362517256	2.435012811	2.684033947	2.875572776	3.067128952	3.19101133	3.326644561	3.474549526	3.597437342	3.726872897	3.864398283
20230410	1.921144546	1.965798974	2.065504018	2.242306572	2.264455139	2.346547638	2.418673804	2.659989121	2.843727882	3.033735719	3.164023239	3.303073939	3.454233996	3.576444911	3.704743495	3.84100411
20230405	1.91065649	1.955859676	2.067703383	2.246553687	2.256970876	2.340532822	2.407766383	2.657075029	2.837439369	3.033954059	3.171679501	3.307370998	3.454385104	3.576268784	3.704572774	3.840838777
20230404	1.870965397	1.927595178	2.064371953	2.232329441	2.256034726	2.345157294	2.408154241	2.644804299	2.84399665	3.041107382	3.193383862	3.334198698	3.486163511	3.612559526	3.745747392	3.887384087
20230403	1.90271139	1.952408898	2.067671001	2.239605846	2.260562079	2.345843306	2.41330157	2.650863005	2.843747508	3.05462629	3.200496323	3.337241043	3.485132717	3.612747276	3.747744888	3.89135662
20230331	1.920120482	1.968016077	2.077470997	2.239337372	2.260549255	2.345834654	2.413354672	2.638684813	2.837415927	3.041157685	3.200939153	3.334511035	3.477983182	3.600427895	3.729767865	3.867192406
20230330	1.926264868	1.973204799	2.079735127	2.25985039	2.289757806	2.372814556	2.445861923	2.686783225	2.891337398	3.104631589	3.248188302	3.394009066	3.552490964	3.673004908	3.798806351	3.932460828
20230329	1.927323749	1.972292096	2.081128875	2.260648542	2.303872553	2.378757615	2.456767784	2.68060296	2.881424609	3.094251323	3.241221402	3.387023479	3.54522891	3.665419005	3.790855937	3.924104084
20230328	1.925240803	1.972158602	2.078689269	2.269609933	2.294690101	2.376434437	2.440663054	2.674631863	2.875265301	3.087808676	3.227267098	3.384012854	3.554871974	3.676282	3.801972241	3.93550915
20230327	1.925240803	1.972158602	2.078624504	2.255015931	2.287617191	2.370436925	2.429799364	2.650393202	2.862721533	3.074950676	3.214021119	3.362488521	3.524000684	3.643534774	3.767854863	3.899862163
20230324	1.929132247	1.976133735	2.082870075	2.2797843	2.309890937	2.39382239	2.46772102	2.686348465	2.907162533	3.107634304	3.254425865	3.416389397	3.592798415	3.713058651	3.836941081	3.968545534
20230323	1.924216739	1.97220045	2.081956371	2.269798931	2.300860893	2.386377535	2.446109216	2.656186345	2.875216237	3.0951097	3.24220342	3.391847606	3.554374942	3.681243904	3.814120191	3.955502018
20230322	1.924738193	1.968648398	2.083196086	2.305639649	2.35178239	2.446656484	2.52214047	2.764572859	3.006265885	3.211568604	3.365001393	3.518959036	3.686654629	3.810307952	3.939139268	4.076235454
20230321	1.92933706	1.976342974	2.083196086	2.305918783	2.356844897	2.451060088	2.522403381	2.764670872	2.986553158	3.201144992	3.351017876	3.50433342	3.671468897	3.794461148	3.922546088	4.058811445
20230317	1.92933706	1.976342974	2.08323897	2.316208488	2.371983587	2.467723352	2.543938133	2.788806044	3.00884453	3.206979175	3.34184502	3.490372007	3.652961559	3.768914494	3.88914127	4.016812372
20230316	1.933179759	1.978136575	2.088097177	2.323875973	2.385808314	2.491401441	2.58202118	2.849537119	3.066431164	3.267104121	3.403754237	3.542415949	3.694186821	3.808132312	3.927085495	4.053398037
20230315	1.92933706	1.977102932	2.088209203	2.326937248	2.398614522	2.507472842	2.614666914	2.898219773	3.114642	3.306903611	3.444471118	3.572571003	3.712643014	3.817428954	3.926777163	4.042641071
20230314	1.930975562	1.977711401	2.085557361	2.327008971	2.398617974	2.506651459	2.609222834	2.89215121	3.104856236	3.307234869	3.441433315	3.565215981	3.700669154	3.809312442	3.923597085	4.044825946
20230313	1.926879306	1.974561509	2.08565057	2.327008971	2.397645326	2.499014745	2.60368973	2.889216858	3.095226935	3.286477014	3.408660231	3.542961072	3.690744797	3.79831534	3.910170221	4.028748573
20230310	1.923848075	1.972460744	2.086964675	2.331425698	2.393693572	2.50321275	2.601030945	2.886053627	3.105080844	3.307506722	3.452810589	3.577406838	3.713139581	3.826861043	3.947087964	4.074804085
20230309	1.924293339	1.970151575	2.087741849	2.331405344	2.393692092	2.502800023	2.598292506	2.886022964	3.111810398	3.300542843	3.437737933	3.565604447	3.705390721	3.816033808	3.932260062	4.055607295
20230308	1.928640697	1.976331256	2.087596129	2.331405344	2.393692092	2.502800023	2.598307603	2.882935842	3.111741706	3.314735503	3.445303475	3.572958492	3.712999631	3.822410526	3.937178325	4.058942471
20230307	1.937038023	1.982843211	2.087622385	2.331399529	2.393692092	2.504447367	2.609197845	2.895024237	3.137777837	3.34224425	3.473547793	3.59404507	3.726172131	3.840287686	3.961335755	4.089956834
20230306	1.933433317	1.980149879	2.088339169	2.336670137	2.403225723	2.510034698	2.617282488	2.916339495	3.163750182	3.369454385	3.509002978	3.63091095	3.764293388	3.88317016	4.009746079	4.144433985
20230303	1.947384349	1.990310133	2.085844426	2.336730228	2.403228683	2.508800589	2.60915984	2.89809055	3.131148594	3.328034466	3.458792394	3.578932407	3.710597698	3.827185577	3.951157778	4.082959537
20230302	1.943673959	1.987482469	2.085926257	2.336730228	2.403228683	2.509212299	2.611897758	2.898071933	3.13115023	3.320999945	3.443928853	3.563346355	3.694595048	3.807472961	3.927108718	4.054164767
20230301	1.947770217	1.990632362	2.085832611	2.336730228	2.403228683	2.510448443	2.620067783	2.90719093	3.144095788	3.334608224	3.457875467	3.585692037	3.726404605	3.841180831	3.962196246	4.090781019
20230228	1.935481446	1.981233739	2.086001523	2.33158465	2.396589815	2.508124247	2.603847997	2.876878231	3.085575826	3.258898162	3.37248493	3.49753865	3.635247425	3.746224287	3.862939042	3.986767686
20230227	1.936997061	1.98171499	2.083221029	2.331660248	2.395621113	2.499666152	2.592949426	2.852653807	3.040176967	3.204209249	3.308988391	3.435861587	3.575776127	3.681572463	3.791936606	3.908810803
20230224	1.93891329	1.982798852	2.085503975	2.331596765	2.39561766	2.499664116	2.592917668	2.858724013	3.053219564	3.217911178	3.322977547	3.450241727	3.590656389	3.697057181	3.808102335	3.925728065
20230223	1.933023691	1.978691898	2.083442453	2.331656372	2.395296567	2.495748048	2.582055539	2.837424633	3.027478915	3.183982796	3.295353398	3.418276587	3.553275334	3.654846574	3.760707747	3.872675668
20230222	1.943182409	1.988059971	2.089772738	2.336624584	2.403223257	2.50550183	2.587532938	2.843266508	3.053405467	3.218343578	3.337987674	3.470253671	3.615443343	3.719943628	3.82835594	3.943139673
20230221	1.937529574	1.984385724	2.092604432	2.336550439	2.403219805	2.506322704	2.592942658	2.85536859	3.079287314	3.266694197	3.388159816	3.517820475	3.66031986	3.778629098	3.90352538	4.036296013
20230220	1.935481446	1.982267801	2.09047202	2.336610046	2.40257466	2.503430563	2.60372357	2.879817512	3.10506558	3.307723457	3.438109008	3.573546563	3.722287938	3.843503091	3.971316777	4.107326698
20230217	1.930640899	1.97608268	2.089986724	2.331897707	2.402679225	2.503448375	2.603767823	2.87365258	3.105185517	3.300965076	3.419833	3.544271906	3.681279808	3.806323675	3.939682827	4.081725328
20230216	1.935481446	1.983405227	2.094718903	2.331623903	2.400100622	2.500392366	2.598325304	2.864597098	3.085713754	3.273380871	3.387669833	3.513032951	3.651164526	3.771959137	3.900170708	4.036553519
20230215	1.939577703	1.986555538	2.094625257	2.331623903	2.400100622	2.499568949	2.592896844	2.855428822	3.079432329	3.252762155	3.369739789	3.504700414	3.653278656	3.765590464	3.882873136	4.007335085
20230214	1.933433317	1.981287305	2.092586053	2.331683994	2.400103581	2.499570476	2.592883307	2.858560841	3.072835252	3.245673585	3.366233531	3.491402226	3.628771601	3.745518445	3.869016674	4.000232388
20230213	1.934785082	1.982685026	2.093993804	2.331644256	2.400426153	2.502663635	2.598364872	2.861593754	3.07269896	3.245488959	3.366037231	3.503074805	3.65373849	3.775434706	3.903527531	4.039784123
20230210	1.935227478	1.980799776	2.094763538	2.331763471	2.402348269	2.500760818	2.601062703	2.861486981	3.085641792	3.280361343	3.409790371	3.544384152	3.69205735	3.815051263	3.945009624	4.083341455
20230209	1.935481446	1.983405227	2.094718903	2.331484336	2.397528924	2.497340938	2.592947343	2.843170138	3.072855968	3.267157636	3.388782037	3.526326748	3.677678306	3.800314854	3.929485498	4.066942099
20230208	1.92933706	1.978085521	2.092791286	2.336271304	2.397427812	2.495678835	2.581990463	2.843424205	3.046775679	3.242835695	3.375129103	3.504866343	3.646729834	3.770500963	3.901849119	4.041657757
20230207	1.934457381	1.982294584	2.093764065	2.336241743	2.397426332	2.496912944	2.590153198	2.852546487	3.056377177	3.252945711	3.374460245	3.503684836	3.645642316	3.76636917	3.894131781	4.030020395
20230203	1.929378023	1.978127788	2.09283417	2.336270335	2.397427812	2.496502253	2.587447037	2.846471353	3.04677677	3.225274814	3.345581408	3.470126784	3.606718091	3.725551474	3.851534188	3.985440064
20230202	1.930108385	1.974149307	2.093909785	2.336241743	2.397426332	2.496501236	2.587446517	2.846423168	3.053280623	3.239214348	3.360051835	3.484956395	3.622012622	3.744545733	3.874851336	4.01349497
20230201	1.923192675	1.973903241	2.095111428	2.335770703	2.392613892	2.496586732	2.587444434	2.852508158	3.066499856	3.232020889	3.352007582	3.476796132	3.613679323	3.729793681	3.852571422	3.982989006
20230131	1.92933706	1.978085521	2.092791286	2.335777002	2.392616359	2.496588259	2.587400703	2.861856033	3.053143241	3.238776597	3.352338681	3.472790425	3.60528	3.726895211	3.856525989	3.994413915
20230130	1.939577703	1.986555538	2.094625257	2.330872759	2.387574568	2.49256074	2.590144869	2.858903064	3.040087559	3.221438339	3.338184487	3.460413627	3.594605209	3.708256331	3.828372712	3.955869883
20230127	1.939577703	1.986555538	2.094625257	2.330872759	2.388064345	2.49669055	2.587487124	2.852985627	3.004207331	3.183397344	3.31031996	3.432332678	3.565496545	3.680909533	3.803137626	3.93290888
20230126	1.953655719	1.997020446	2.096370396	2.330866459	2.388551162	2.50205396	2.592962441	2.861908051	3.039991609	3.217600792	3.367216575	3.505673537	3.656140422	3.780840052	3.912483361	4.052624692
20230125	1.951866474	1.996006053	2.094344757	2.330872759	2.38830948	2.499784727	2.593060317	2.837479389	3.010777696	3.190687665	3.325012315	3.45361349	3.593759931	3.715264241	3.844023694	3.980949625
20230124	1.951866474	1.996006053	2.094344757	2.330872759	2.38830948	2.499784727	2.592999925	2.849686601	3.026932111	3.218025165	3.368108386	3.498582537	3.640115452	3.760444389	3.887770762	4.023178098
20230123	1.95084241	1.994946882	2.093278332	2.330875667	2.388310959	2.497727201	2.5793499	2.8437051	3.014193718	3.19763121	3.332280075	3.445357087	3.568203021	3.684509373	3.808757702	3.940731601
20230120	1.939195112	1.983783951	2.094171469	2.325974331	2.383500494	2.489782597	2.571323565	2.801011066	2.975805172	3.129928033	3.247351845	3.361517352	3.486115624	3.596388638	3.713273592	3.837146069
20230119	1.944452249	1.990695134	2.094998965	2.325971907	2.38285091	2.483594751	2.560410417	2.786019532	2.936982673	3.103022398	3.213084203	3.322114714	3.441308386	3.555447562	3.677274398	3.806466917
20230118	1.951866474	1.996093096	2.094171469	2.325974331	2.381555689	2.472795665	2.549453016	2.770877418	2.924484698	3.069256165	3.177870423	3.28995095	3.41237826	3.519725877	3.633271032	3.753433948
20230117	1.954651928	1.998938336	2.097133129	2.325966092	2.382524392	2.480499046	2.554931457	2.783135006	2.917720255	3.068831258	3.170548847	3.282129868	3.404403903	3.511489563	3.624730614	3.744553923
20230116	1.95084241	1.996134944	2.097437697	2.325965608	2.382523899	2.480498538	2.555051719	2.758615998	2.911479172	3.055871045	3.14981318	3.264355514	3.390261981	3.500013704	3.615996253	3.738778438
20230113	1.94956069	1.993121058	2.096348954	2.325968514	2.382849431	2.483593224	2.56051506	2.764566836	2.930761217	3.082930802	3.206485817	3.31990494	3.443072869	3.545604665	3.653521197	3.767617434
20230112	1.945722088	1.990904373	2.091993108	2.325980146	2.382048426	2.478233885	2.554971023	2.770627186	2.9503322	3.103530789	3.220259196	3.333665287	3.457314755	3.560436289	3.669019948	3.783853114
20230111	1.947770217	1.99182168	2.089967907	2.325986445	2.382051878	2.478235921	2.554881998	2.788823565	2.982605051	3.158241107	3.276859051	3.387712084	3.508761944	3.61210625	3.72127174	3.836785642
20230110	1.956986795	2.001249596	2.099788033	2.33575568	2.392606001	2.494934808	2.57660313	2.831196732	3.040520422	3.225977463	3.339130631	3.451285611	3.574471479	3.675995908	3.782936483	3.896092577
20230109	1.940765618	1.988016868	2.095445315	2.328487512	2.388589634	2.49505084	2.576609899	2.840420312	3.046955039	3.239686885	3.346060629	3.454111762	3.573198446	3.671436321	3.774925434	3.884336177
20230106	1.909632426	1.954244347	2.089937276	2.330887782	2.387827102	2.493189754	2.579334281	2.837431204	3.034047643	3.19800956	3.295323158	3.399966386	3.515488377	3.618968431	3.728818788	3.84508204
20230105	1.927288932	1.977105025	2.094906195	2.331484336	2.398177521	2.50353031	2.603823528	2.867783327	3.066036463	3.231441325	3.322292797	3.413715022	3.515088985	3.625235628	3.74419369	3.870347783
20230104	1.923192675	1.97286876	2.090640931	2.331604519	2.398183439	2.501887038	2.592939014	2.855567353	3.059737592	3.23204069	3.315675961	3.426001535	3.548815068	3.655615893	3.768714924	3.888533975
20230103	1.921144546	1.971785318	2.092978578	2.336410871	2.400323561	2.504295203	2.609181707	2.886058554	3.092010444	3.258672865	3.342686605	3.461663948	3.594233252	3.709557602	3.831784579	3.961581718
20230102	1.933433317	1.982702602	2.096370396	2.331202293	2.400421715	2.504308944	2.609161923	2.892217465	3.095163149	3.272380145	3.371713052	3.49607653	3.633903721	3.751059684	3.875002277	4.006708061
20221230	1.937275197	1.983062075	2.096370396	2.331202293	2.400421715	2.504308944	2.609131727	2.898324356	3.104938011	3.286163417	3.385907735	3.510657734	3.648980657	3.766777747	3.891448818	4.023963428
20221229	1.926756418	1.976554306	2.094351758	2.331639411	2.401073763	2.508441808	2.606474503	2.892230058	3.091827267	3.27941306	3.379237592	3.503759015	3.641802757	3.756194585	3.876889682	4.005060105
20221228	1.912952032	1.965484696	2.093165432	2.336829574	2.407715097	2.509531895	2.614496152	2.919576646	3.144043997	3.334373292	3.43910794	3.56952768	3.714210827	3.830419309	3.952723092	4.082706578
20221227	1.920120482	1.971812101	2.096271062	2.336739436	2.408359255	2.516131449	2.628130039	2.940965277	3.163495589	3.333399324	3.433816518	3.568064092	3.717229282	3.829308467	3.946350891	4.070595125
20221226	1.910903904	1.965486788	2.099861986	2.341934931	2.41853951	2.527084225	2.641728524	2.965422412	3.179393231	3.353352315	3.461897339	3.593401365	3.739147957	3.855006216	3.976832786	4.106313207
20221223	1.908608771	1.953420781	2.093460372	2.341696019	2.410831814	2.519581355	2.636226135	2.965538494	3.179521346	3.357084439	3.450948035	3.581399858	3.726827711	3.840677934	3.9601622	4.08707591
20221222	1.917662728	1.969218785	2.093823578	2.341399437	2.405686445	2.514712097	2.633589216	2.940992107	3.156732236	3.336913103	3.430375864	3.560148818	3.704732354	3.817590775	3.9359622	4.061647317
20221221	1.92933706	1.979605856	2.096370396	2.331269654	2.403642009	2.513550763	2.625469693	2.928692358	3.156954664	3.347936617	3.456755064	3.579910405	3.716292406	3.832059866	3.954633289	4.084911706
20221220	1.933433317	1.983790228	2.100726242	2.331190663	2.401064392	2.510906971	2.622747913	2.922570134	3.15381177	3.341157899	3.449675407	3.572627124	3.708751848	3.828849382	3.956521128	4.09236408
20221219	1.927288932	1.979689133	2.102925607	2.33641911	2.419286752	2.531229303	2.639107223	2.952903093	3.195928175	3.396105823	3.506382381	3.618964103	3.743696565	3.873950855	4.014709929	4.164923677
20221216	1.926422983	1.974373193	2.102272274	2.336421048	2.419287739	2.531229812	2.639107744	2.952903093	3.195928175	3.396106358	3.506382381	3.618964103	3.743696565	3.873950855	4.014709929	4.164923677
20221215	1.921144546	1.972845325	2.097393062	2.339491531	2.416670663	2.529822674	2.644577334	2.952886666	3.1958464	3.396038929	3.506299864	3.626902315	3.760617493	3.898491717	4.047421966	4.206635483
20221214	1.944698024	1.991747191	2.100180557	2.342044453	2.421759311	2.535092444	2.650036511	2.959037362	3.189018716	3.388628199	3.506243997	3.631245737	3.76943527	3.904810771	4.05037929	4.205903473
20221213	1.935972996	1.983836261	2.095398055	2.339537084	2.41667313	2.531061362	2.652770265	2.959071858	3.189010539	3.388661914	3.498821965	3.619248621	3.752734263	3.883964068	4.025059057	4.17565088
20221209	1.947155778	1.993073769	2.098659469	2.35391059	2.423447142	2.548273741	2.647602112	2.918997331	3.149987963	3.319519724	3.441918686	3.557525685	3.684481453	3.80608005	3.936341916	4.074996698
20221208	1.942107551	1.987755318	2.102431997	2.35381173	2.42344221	2.54826967	2.647599508	2.918995688	3.149986872	3.319519189	3.441917661	3.557525196	3.684481453	3.806079157	3.936341485	4.074995872
20221207	1.941625831	1.98965605	2.101339753	2.342014406	2.422081883	2.537363713	2.650210918	2.928255408	3.16306218	3.340273835	3.467119055	3.58955573	3.724028248	3.847735013	3.979827953	4.120522734
20221206	1.945722088	1.991992001	2.096370396	2.331135417	2.398498612	2.506211252	2.606553117	2.87358523	3.111643576	3.318392705	3.452826989	3.590842651	3.74232124	3.872340695	4.010286197	4.157413021
20221205	1.953218239	1.998438253	2.100223004	2.335912209	2.396466508	2.509328839	2.61199199	2.885784229	3.124504633	3.342441719	3.489069943	3.630712814	3.785741532	3.919385806	4.061337773	4.212901184
20221202	1.946746152	1.994125826	2.101836864	2.335884101	2.399359791	2.514650009	2.617439714	2.897870432	3.15052768	3.384132958	3.547388846	3.69558644	3.857329896	4.000902291	4.154064523	4.318032992
20221201	1.940141758	1.983931257	2.095515769	2.331321022	2.396252939	2.504196474	2.592883307	2.873587967	3.124839366	3.364200835	3.534501128	3.682514206	3.84354831	3.986326364	4.138593725	4.301564192
20221130	1.949818345	1.996176373	2.100726242	2.33046811	2.381521164	2.475314773	2.565447375	2.849580375	3.086204405	3.32691226	3.488635314	3.636748704	3.798175692	3.943677232	4.099057093	4.2654179
20221129	1.969275566	2.011786063	2.103866004	2.335383985	2.387535603	2.490064023	2.573724125	2.855578851	3.085888753	3.330083545	3.484577052	3.638282566	3.806453665	3.951225138	4.10511021	4.269831045
20221128	1.947770217	1.995172024	2.102904164	2.330848528	2.387230787	2.484306716	2.565559828	2.840255498	3.086316164	3.316725183	3.455407096	3.599433837	3.757481868	3.893135098	4.03712616	4.190906136
20221125	1.953526277	1.997123392	2.105071147	2.327984488	2.381528069	2.472850119	2.549227589	2.813101102	3.034581363	3.240941807	3.369607554	3.506752069	3.657136346	3.787996368	3.926894132	4.074980577
20221124	1.943673959	1.992075278	2.102871782	2.323501371	2.380645681	2.483639026	2.56018395	2.834426216	3.050513351	3.261015207	3.390387299	3.524217991	3.67097233	3.805331295	3.948719073	4.101747129
20221123	1.924216739	1.976550958	2.099594177	2.321061848	2.376509953	2.468427684	2.5491849	2.822491687	3.021544762	3.212761984	3.347750972	3.476814187	3.61759141	3.743090689	3.876522866	4.018581847
20221122	1.933433317	1.982702602	2.096327512	2.320715352	2.373619136	2.463739599	2.549212492	2.810407674	2.995542978	3.185382743	3.319683993	3.45581985	3.604393803	3.732905374	3.869117731	4.014205076
20221118	1.939577703	1.988978951	2.102860843	2.32039648	2.371441528	2.463971662	2.54917709	2.819552407	3.008478176	3.205945269	3.340997797	3.47378209	3.618698923	3.75065111	3.891281965	4.041226237
20221117	1.935227478	1.981569778	2.098462113	2.310505124	2.361371756	2.453870803	2.541025287	2.807398854	3.008760028	3.213480152	3.348843186	3.485716737	3.635257189	3.771267153	3.916271073	4.071031606
20221116	1.937529574	1.986886555	2.100510069	2.281947596	2.337759878	2.418612958	2.50012623	2.768309381	2.964332658	3.166864482	3.300904161	3.43626372	3.583909033	3.717495309	3.859726711	4.011382844
20221115	1.965179309	2.008118094	2.098372843	2.280445307	2.329128364	2.404274908	2.478403014	2.728910539	2.926088583	3.11995127	3.259772643	3.402074165	3.556867075	3.686624666	3.82362732	3.96952389
20221114	1.951866474	1.997180723	2.098526876	2.325242571	2.371912069	2.470143731	2.560001213	2.849878246	3.060257682	3.274492374	3.419101611	3.574470395	3.744665519	3.886862533	4.037404391	4.198378352
20221111	1.955962731	2.001365096	2.102882722	2.326085306	2.387334859	2.487617181	2.587200265	2.892287551	3.124890067	3.356729634	3.519075333	3.686619959	3.870117416	4.025346153	4.190271423	4.367254211
20221110	1.957750747	2.002185734	2.10509259	2.333426164	2.395538743	2.502519105	2.61169576	2.93181945	3.176695195	3.418507118	3.575468638	3.748813841	3.939606528	4.108619868	4.289369086	4.483984528
20221109	1.963131181	2.006511971	2.101804482	2.328671665	2.395647254	2.499244773	2.590024085	2.888931581	3.144482858	3.392101845	3.540839148	3.708339503	3.892821859	4.05902452	4.236949151	4.428374021
20221108	1.955962731	2.001365096	2.102882722	2.326152182	2.388894943	2.480295483	2.570888852	2.858748653	3.085954718	3.329982402	3.499400106	3.66646844	3.848891516	4.012618643	4.187711879	4.375944105
20221107	1.951497811	1.996804092	2.098113347	2.321065725	2.376266791	2.465626131	2.546518825	2.804056025	3.021526771	3.248058739	3.429345668	3.590653297	3.765338595	3.92118282	4.087491837	4.265892818
20221104	1.980141298	2.021772649	2.097667435	2.315510166	2.365035464	2.446374038	2.522003547	2.767837388	2.970071096	3.200902034	3.380914612	3.540516554	3.713072627	3.863080709	4.022576916	4.193386955
20221103	1.960304764	2.004712511	2.103078766	2.309680804	2.34746466	2.431333691	2.511143502	2.746558267	2.970551389	3.201780747	3.38907367	3.553214473	3.730481288	3.88151217	4.04180318	4.213511675
20221101	1.945722088	1.994167256	2.104984503	2.30712546	2.344619219	2.424550929	2.494881026	2.716404908	2.919122972	3.13362537	3.311044172	3.468353302	3.63801295	3.784364344	3.939665197	4.105754796
20221031	1.943100483	1.990401781	2.097830659	2.304958772	2.344356822	2.421911209	2.492168097	2.710312801	2.919381926	3.113068196	3.296522492	3.445909529	3.606149456	3.74426903	3.890688092	4.046970725
20221028	1.951415885	1.997808024	2.102327849	2.306919501	2.339159663	2.417001238	2.489452044	2.701367926	2.893555686	3.085856991	3.261249768	3.405311234	3.559867396	3.695649966	3.839765097	3.993457463
20221027	1.943417944	1.987700916	2.102796078	2.303985678	2.328608007	2.404561934	2.481200805	2.701658678	2.874269825	3.072339689	3.233051068	3.375577835	3.529176507	3.663643897	3.806240731	3.958227529
20221026	1.939577703	1.988978951	2.102785576	2.301343589	2.323520838	2.398925238	2.473089089	2.683572357	2.848638755	3.052394188	3.212792059	3.35078471	3.499228146	3.632052211	3.773142955	3.923438204
20221025	1.943673959	1.990987652	2.09841879	2.299100333	2.323578547	2.397224459	2.462306095	2.680479214	2.861875977	3.052652129	3.208914725	3.34277183	3.486795379	3.618843713	3.75941378	3.909121627
20221024	1.948794281	1.994042549	2.09510924	2.289458552	2.317354978	2.383092517	2.456800583	2.650287525	2.830039805	3.005665601	3.163837189	3.292800529	3.430950226	3.554295149	3.685094943	3.824050059
20221021	1.952890538	1.998226921	2.099464648	2.289339338	2.317997163	2.387645741	2.456848479	2.650305046	2.823463444	3.012569546	3.156935892	3.292687306	3.439250979	3.563518927	3.694627012	3.833930758
20221020	1.959798466	2.003077513	2.098386408	2.291732337	2.319242073	2.398250932	2.467824622	2.656208795	2.836072089	3.032779944	3.177875036	3.314180895	3.461461646	3.580669683	3.705831045	3.838682422
20221019	1.958010859	2.001281819	2.096240868	2.299438591	2.32936758	2.409517706	2.484182371	2.672127342	2.861544515	3.052694942	3.190846296	3.327232142	3.475092586	3.594958179	3.720859771	3.85453453
20221018	1.961976446	2.005310099	2.100607215	2.302937469	2.353411033	2.440447264	2.511326758	2.728427047	2.92525502	3.129597311	3.288376248	3.426495414	3.575623624	3.698065208	3.827047357	3.964196869
20221017	1.971036957	2.01272806	2.100894717	2.314871451	2.355397761	2.440385177	2.511264805	2.73141944	2.93171199	3.136544068	3.269943915	3.40046222	3.542560095	3.661831238	3.787700799	3.921417427
20221014	1.944441598	1.988460874	2.099551293	2.30977821	2.34779315	2.432035478	2.500496908	2.710291445	2.906203582	3.099393024	3.231522174	3.360995653	3.501756076	3.622322857	3.749761732	3.885142999
20221013	1.95674102	2.002160206	2.103602133	2.298957859	2.324866862	2.408799124	2.478577942	2.698510231	2.887244822	3.093296084	3.225653635	3.358740489	3.503519634	3.627366119	3.7582742	3.897442518
20221012	1.97029963	2.013180436	2.104206455	2.301283982	2.3248131	2.408789455	2.478539937	2.704583174	2.89387679	3.072272795	3.232265863	3.370950381	3.520240632	3.654094689	3.796359046	3.947968216
20221011	1.967227437	2.008943335	2.096593133	2.299687679	2.335153162	2.419348334	2.48942289	2.722684828	2.91286717	3.106002102	3.263737105	3.408999237	3.566017292	3.702343621	3.84687695	4.001037559
20221010	1.956986795	2.000235621	2.095174005	2.304195029	2.329913091	2.414061261	2.483990784	2.710636953	2.893560048	3.092740065	3.239412663	3.385344674	3.54366993	3.679147389	3.822513969	3.975365098
20221007	1.929330506	1.976143778	2.096523992	2.303879064	2.324772655	2.408788437	2.47850974	2.710662141	2.900069352	3.113511299	3.268408357	3.419389285	3.583078636	3.723597109	3.872473262	4.031422417
20221006	1.912952032	1.967219711	2.096262747	2.303607683	2.320908696	2.408827115	2.478537333	2.71065338	2.903326731	3.116893969	3.286498829	3.436751744	3.598819054	3.741391573	3.892873081	4.054708299
20221005	1.923192675	1.976592388	2.102796078	2.303427893	2.318654637	2.394611202	2.459580151	2.680371892	2.881220716	3.094000338	3.255575996	3.398590643	3.552854091	3.69134965	3.838671956	3.995874218
20221004	1.924216739	1.976550958	2.099507971	2.298372935	2.311379011	2.390319558	2.459496851	2.674360822	2.874780648	3.094226171	3.256020364	3.399003513	3.553236745	3.691721122	3.839033183	3.996225548
20221003	1.926715456	1.978015636	2.097852102	2.30801181	2.314391163	2.397772047	2.465072647	2.683328695	2.89080913	3.107558313	3.284245205	3.424847355	3.575647802	3.71175291	3.856632208	4.011184444
20220930	1.932156104	1.976761872	2.099507971	2.298094285	2.305593923	2.378781534	2.443241664	2.644256743	2.833285735	3.047197902	3.207621595	3.337523124	3.476926348	3.608122869	3.748104822	3.897155667
20220929	1.935481446	1.984794579	2.09844067	2.303128889	2.312248574	2.39700919	2.459625965	2.683418494	2.884471008	3.093872438	3.262655143	3.398409587	3.544134416	3.678611412	3.821992771	3.974859594
20220928	1.898615133	1.956925962	2.09841879	2.298542548	2.314596839	2.398262128	2.467622623	2.698562249	2.900314132	3.12788912	3.290872808	3.434888954	3.590435539	3.724477735	3.866510021	4.01795813
