DATE	1	7	30	90	180	270	360	720	1080	1440	1800	2160	2520	2880	3240	3600	5400	7200	9000	10800
20230929	0.081285814	0.080214412	0.078973893	0.080393619	0.080527835	0.080280578	0.079721853	0.077328407	0.077618881	0.077506061	0.077334818	0.076838236	0.076455674	0.076434277	0.076514946	0.076555724	0.076947871	0.077335562	0.077574253	0.077698532
20230928	0.079395446	0.080214412	0.078973893	0.08020923	0.080711689	0.080280578	0.079903452	0.077136176	0.077259475	0.078270414	0.077333807	0.075817605	0.075561923	0.076084702	0.076817003	0.077509372	0.076312217	0.077798966	0.075157998	0.078180801
20230927	0.079395446	0.080214412	0.079336991	0.080393619	0.080160128	0.080096448	0.079903452	0.077132457	0.077829935	0.079245766	0.078165564	0.076189906	0.075445993	0.076611137	0.077907453	0.078187035	0.075733113	0.076175808	0.072561875	0.074050652
20230926	0.080333068	0.080214412	0.079336991	0.080393619	0.080160128	0.080096448	0.079903452	0.076443191	0.076523308	0.076975688	0.07592491	0.074707894	0.07371118	0.074871583	0.076110454	0.075706908	0.073826936	0.072456161	0.071447826	0.069951397
20230925	0.079395446	0.080214412	0.079336991	0.080946787	0.081079396	0.081359819	0.080815404	0.077583032	0.078489145	0.079522996	0.078777392	0.077272968	0.076158723	0.077196432	0.078311936	0.077904241	0.075763342	0.073674745	0.069591272	0.07161931
20230922	0.079395446	0.080143712	0.079336991	0.081131175	0.08126325	0.08169081	0.081184577	0.077993563	0.078818618	0.079397786	0.079331942	0.077437453	0.077284786	0.077992776	0.078578559	0.078409336	0.075819657	0.074832227	0.072316892	0.067904759
20230921	0.079395446	0.079844587	0.079336991	0.081131175	0.081630957	0.081715391	0.081174406	0.077410389	0.078294899	0.078460025	0.078593431	0.076803502	0.077814499	0.078483058	0.078902021	0.078859889	0.077658645	0.076674536	0.075317609	0.070241916
20230920	0.079395446	0.079480189	0.078066147	0.080762398	0.081447103	0.081707068	0.080811409	0.077415432	0.078287161	0.078935306	0.078813252	0.077213075	0.078833724	0.079733853	0.080250074	0.080238141	0.080006339	0.0795795	0.07831038	0.075217148
20230919	0.079395446	0.078452288	0.078066147	0.080762398	0.081612039	0.081678124	0.080811265	0.077365703	0.078546365	0.079645509	0.080135167	0.078377018	0.080656196	0.081085279	0.080941534	0.081213133	0.080439878	0.081021155	0.077043994	0.081745128
20230918	0.079395446	0.078348962	0.078066147	0.080946787	0.081784254	0.081696076	0.080811428	0.077926777	0.078837806	0.080282178	0.080081512	0.078766456	0.081333066	0.081830221	0.081692547	0.082128902	0.080187564	0.080255952	0.07764329	0.080075412
20230915	0.079395446	0.078348962	0.078066147	0.080762398	0.08181481	0.081721061	0.080448648	0.078470176	0.079583246	0.081032874	0.081419968	0.079423492	0.081701749	0.082591848	0.082777548	0.083214752	0.081376892	0.081424805	0.082285411	0.079394599
20230914	0.077694115	0.078348962	0.078066147	0.080578009	0.082366371	0.081937745	0.08226429	0.080654656	0.082808155	0.084413679	0.08448718	0.082007995	0.084237382	0.08549494	0.086150894	0.086868515	0.083874171	0.083205749	0.083731097	0.077246475
20230913	0.077694115	0.078348962	0.078792344	0.079656063	0.08181481	0.081698451	0.082264908	0.08287149	0.084401477	0.085561232	0.0848367	0.082511925	0.082620796	0.083688256	0.084803096	0.085541479	0.084064539	0.07912587	0.077775827	0.075085582
20230912	0.078537975	0.078348962	0.078792344	0.079656063	0.08181481	0.081658937	0.082087594	0.081951726	0.082905224	0.083675458	0.082836518	0.081003547	0.081151356	0.081950976	0.082682206	0.082764948	0.081254059	0.075019734	0.072705386	0.074463141
20230911	0.077694115	0.078348962	0.078792344	0.079656063	0.08181481	0.081646085	0.082264489	0.081622105	0.082027925	0.082449275	0.081349825	0.07919987	0.080180775	0.080825489	0.081001699	0.0807711	0.080491839	0.074193101	0.06909053	0.075029587
20230908	0.077694115	0.07828533	0.078792344	0.079840452	0.08181481	0.081705227	0.082082963	0.080839095	0.082155289	0.082376226	0.082183818	0.080200683	0.08198341	0.081925713	0.081127795	0.080959751	0.081942915	0.07642987	0.073040663	0.074488495
20230907	0.077505079	0.07810677	0.078792344	0.080393619	0.08181481	0.081697365	0.082264508	0.080173118	0.081905326	0.082204556	0.081253749	0.079955426	0.082822694	0.082700041	0.081505582	0.081121272	0.08145398	0.076591944	0.071862999	0.073522445
20230906	0.077505079	0.077049133	0.077521499	0.079287286	0.081447103	0.082306006	0.082627542	0.081395326	0.083986135	0.084377338	0.083766976	0.082322378	0.085858262	0.085590532	0.084069303	0.084016675	0.08401417	0.079185052	0.073595337	0.078261935
20230905	0.077505079	0.076535183	0.077521499	0.079287286	0.081447103	0.082306006	0.082813663	0.083268785	0.084794638	0.085299544	0.084593371	0.083032162	0.086033855	0.086075902	0.084847981	0.084342652	0.083533275	0.079129347	0.074230571	0.085778704
20230904	0.077505079	0.07648351	0.077521499	0.079287286	0.081079396	0.081861018	0.082652403	0.084687797	0.08509297	0.086024403	0.084835407	0.082563465	0.085431464	0.085711027	0.084642636	0.084367001	0.082706253	0.080086759	0.079909665	0.083414089
20230901	0.077505079	0.07648351	0.077521499	0.07836534	0.080343982	0.081017097	0.082264235	0.082381876	0.082119857	0.083542294	0.082301325	0.080947605	0.082401508	0.082006262	0.080851045	0.080421372	0.079341919	0.078737714	0.080628095	0.087463054
20230831	0.077505079	0.07648351	0.077521499	0.07836534	0.080343982	0.081017097	0.080812117	0.081055971	0.081169973	0.082021205	0.081508083	0.080699883	0.082171459	0.081852844	0.080833278	0.08038464	0.079264217	0.078805767	0.083253413	0.098289558
20230830	0.078450262	0.077503259	0.077158401	0.078918507	0.080527835	0.080464708	0.080291891	0.080979786	0.080754208	0.083242366	0.082763707	0.081720734	0.082540703	0.082060135	0.081132557	0.081058362	0.078803801	0.078241523	0.078462825	0.088138868
20230829	0.078450262	0.077416235	0.077158401	0.079102896	0.080527835	0.080378186	0.080108568	0.078961465	0.078196733	0.080668191	0.081134059	0.079833285	0.079925826	0.079251381	0.07829575	0.078001558	0.076181858	0.073767169	0.073499462	0.079886493
20230828	0.078450262	0.077416235	0.077158401	0.078734118	0.080343982	0.080335246	0.079554111	0.077125521	0.077051022	0.079453216	0.080105194	0.078401301	0.078350527	0.078765461	0.078931295	0.078083794	0.077027503	0.073451725	0.070986274	0.082166603
20230825	0.078450262	0.077416235	0.077158401	0.077812173	0.080343982	0.080648838	0.080457364	0.077096165	0.077050723	0.080655258	0.081463373	0.079773818	0.079315692	0.079694145	0.080197605	0.079658016	0.078643932	0.074105606	0.073900833	0.083099628
20230824	0.078450262	0.077416235	0.075706007	0.077259005	0.078873154	0.079199276	0.079367645	0.076808918	0.077151285	0.079865672	0.081166187	0.079538914	0.078700626	0.078656092	0.078862676	0.078603214	0.078304442	0.072003057	0.075635302	0.081849578
20230823	0.078450262	0.077416235	0.075706007	0.07652145	0.078873154	0.0791758	0.07809086	0.075569569	0.075877631	0.077400017	0.076678817	0.075110613	0.07452831	0.074671953	0.075110466	0.075485499	0.073374286	0.067361459	0.068128464	0.080080676
20230822	0.078450262	0.077416235	0.075706007	0.07652145	0.078873154	0.0791758	0.078087773	0.074289841	0.074883387	0.07630707	0.074909125	0.073160868	0.072453316	0.072762336	0.073249016	0.072907544	0.071757999	0.065352975	0.064969455	0.071953125
20230821	0.078450262	0.077416235	0.075706007	0.078549729	0.079792421	0.079912319	0.078814422	0.076545966	0.077013099	0.078935542	0.077207745	0.075269318	0.074768167	0.075098271	0.075411545	0.074840764	0.073068666	0.065049099	0.065772133	0.073447615
20230818	0.078450262	0.077416235	0.075706007	0.079102896	0.079240861	0.079376022	0.078632823	0.076319271	0.076870544	0.077826509	0.075289777	0.07333439	0.072793992	0.072710475	0.072794952	0.072704348	0.070764757	0.063511804	0.065702795	0.070419901
20230817	0.077316041	0.076383988	0.074979811	0.080024841	0.079057007	0.079429236	0.078814405	0.076551897	0.076739657	0.077355279	0.075637585	0.073451043	0.072823932	0.073068596	0.073459771	0.073892792	0.072110413	0.063260501	0.067327853	0.076375674
20230816	0.077316041	0.07628663	0.074616713	0.080024841	0.079057007	0.079576706	0.078818	0.076736387	0.076108892	0.076534303	0.074815852	0.072358529	0.072166888	0.072263447	0.072149089	0.072502966	0.070458404	0.06742108	0.062394404	0.069314963
20230815	0.077316041	0.076296965	0.074616713	0.080024841	0.079057007	0.079592448	0.078995967	0.076898759	0.076622507	0.077338561	0.07528789	0.072968698	0.072811203	0.073012025	0.073023986	0.073780606	0.071877008	0.069152388	0.066011304	0.073072758
20230814	0.077316041	0.076296965	0.074616713	0.080024841	0.079057007	0.080303613	0.079722398	0.077836083	0.078218475	0.078452778	0.075740222	0.074387889	0.073879733	0.073637944	0.073504051	0.074095426	0.072758135	0.071515483	0.070120713	0.079464732
20230811	0.077316041	0.076296965	0.074616713	0.079287286	0.079057007	0.080328305	0.079903869	0.077654761	0.077884163	0.077762122	0.075039659	0.073985171	0.073392044	0.073002999	0.0730095	0.073229887	0.07216228	0.071545117	0.071383052	0.087800127
20230810	0.077316041	0.076296965	0.076069107	0.079287286	0.079608568	0.08087725	0.080266849	0.077414478	0.076750449	0.077175258	0.075323791	0.074200818	0.073300705	0.072656723	0.072443607	0.07267309	0.072688153	0.069291317	0.067118601	0.082992292
20230809	0.077316041	0.076296965	0.076069107	0.079287286	0.079057007	0.08066099	0.08026832	0.076334803	0.076449453	0.076179857	0.074862448	0.073705289	0.072301776	0.071128546	0.070582622	0.070923168	0.069966477	0.066701188	0.063964927	0.076606659
20230808	0.077316041	0.076296965	0.075706007	0.079840452	0.080527835	0.082306006	0.081917891	0.079830377	0.080026375	0.080473115	0.079898319	0.078242401	0.076250272	0.075284744	0.075000839	0.074527434	0.07331652	0.06962056	0.06492568	0.086097354
20230807	0.077316041	0.076296965	0.075524458	0.08020923	0.081079396	0.082299856	0.082082637	0.079189566	0.079397567	0.079653405	0.07784731	0.077121216	0.075512433	0.074478299	0.074067194	0.073805253	0.072966213	0.068437613	0.063377415	0.079495933
20230804	0.077316041	0.076296965	0.075342909	0.080024841	0.081079396	0.082298585	0.082082637	0.078657865	0.077926252	0.077780609	0.075663544	0.07324669	0.07161177	0.070544814	0.069690297	0.068205156	0.068936095	0.063122214	0.056991279	0.068968974
20230803	0.077316041	0.076296965	0.076432205	0.08020923	0.080160128	0.082290649	0.081537841	0.078028749	0.077399478	0.076813462	0.074813683	0.072497671	0.071240539	0.07024211	0.069349689	0.069169639	0.066634597	0.061395118	0.055785344	0.067275714
20230802	0.077316041	0.076296965	0.076613753	0.08020923	0.080711689	0.082286378	0.081574579	0.079163764	0.079221412	0.078531822	0.077327799	0.074513847	0.072187153	0.070816657	0.070041551	0.069292921	0.065715685	0.060790166	0.055690292	0.068897185
20230801	0.077316041	0.076296965	0.074253614	0.079287286	0.080711689	0.082283523	0.081550916	0.078779371	0.079048015	0.078846746	0.07771749	0.07470648	0.07189599	0.070231889	0.069227404	0.068566927	0.065426049	0.060457976	0.056358513	0.067727758
20230731	0.077316041	0.076296965	0.074253614	0.078549729	0.081079396	0.082476914	0.081551932	0.079264243	0.080113528	0.081054543	0.080140286	0.07748998	0.073991644	0.071883798	0.07085929	0.070400167	0.067353775	0.063121994	0.059987568	0.072372723
20230728	0.077316041	0.076296965	0.074253614	0.077996562	0.080711689	0.082110589	0.081369262	0.078788219	0.079979853	0.081406353	0.080176805	0.07814131	0.074745596	0.072909	0.072384995	0.071852196	0.069907768	0.066904571	0.064925522	0.078344266
20230727	0.077505079	0.074918806	0.072438122	0.077074617	0.080343982	0.082139589	0.081187573	0.078805073	0.080199836	0.081668556	0.080821558	0.079227092	0.076058555	0.074331334	0.073782082	0.073206355	0.07203902	0.070658381	0.069162637	0.083636637
20230726	0.077505079	0.07537185	0.072438122	0.075968283	0.080343982	0.082143935	0.081213759	0.07902577	0.080397012	0.081585829	0.081201616	0.079569416	0.07638885	0.074807829	0.074497012	0.073701885	0.07365031	0.07165571	0.069988915	0.087330958
20230725	0.077505079	0.075550784	0.072438122	0.075968283	0.081630957	0.082269033	0.081548718	0.079051087	0.080621818	0.081936225	0.081504486	0.079304437	0.075736737	0.074369417	0.074326525	0.073547837	0.072968964	0.070478289	0.068387213	0.082998786
20230724	0.077505079	0.075684033	0.072438122	0.075968283	0.08126325	0.082674264	0.081729319	0.079273945	0.081093846	0.082962397	0.082178699	0.079683483	0.075766909	0.074420063	0.074627531	0.07340201	0.07163502	0.068894338	0.066639626	0.08319623
20230721	0.078450262	0.075708508	0.072438122	0.076705839	0.081998664	0.082850514	0.081916837	0.082245893	0.08497391	0.08722285	0.08643527	0.083382378	0.079388578	0.078102155	0.078066443	0.077053203	0.075570528	0.071391629	0.06860127	0.089431146
20230720	0.078450262	0.075868936	0.071711927	0.07652145	0.081447103	0.082530737	0.081925627	0.083062916	0.084774979	0.088572049	0.0862498	0.082694545	0.0783834	0.077123783	0.077536357	0.076098006	0.074069786	0.068847728	0.065015592	0.080214563
20230719	0.078072188	0.076337203	0.071893475	0.07652145	0.081447103	0.082838067	0.082159889	0.083417218	0.085115745	0.087710932	0.085786597	0.081603349	0.077489014	0.075838501	0.07535192	0.074066644	0.071221836	0.065467556	0.060036658	0.082173696
20230718	0.078450262	0.07648351	0.071893475	0.07652145	0.081447103	0.08283652	0.082109749	0.083383974	0.084939324	0.087491447	0.085944681	0.081610252	0.077253868	0.075286237	0.074536237	0.072687948	0.070324118	0.063867352	0.059460663	0.074974102
20230717	0.078450262	0.076616759	0.071893475	0.07652145	0.081447103	0.083082278	0.082474836	0.084134866	0.086008442	0.088452216	0.087199914	0.083494908	0.079148006	0.077117426	0.076593901	0.075088095	0.072031131	0.06592436	0.061389913	0.075919628
20230714	0.079395446	0.076641233	0.071893475	0.07652145	0.08126325	0.083044459	0.082839904	0.084598091	0.086354015	0.089878559	0.088478087	0.084598617	0.080483492	0.078625998	0.078385417	0.077035646	0.073544439	0.068249738	0.064157048	0.079603491
20230713	0.079395446	0.076801663	0.072075025	0.077627783	0.081447103	0.083201263	0.083202156	0.084631266	0.087498584	0.090894539	0.089595174	0.086173414	0.081835562	0.079695161	0.079058433	0.077949193	0.074469209	0.06871365	0.06387762	0.081806432
20230712	0.079000095	0.077269928	0.072619671	0.077812173	0.08181481	0.083814967	0.083805065	0.085417745	0.088816035	0.092657238	0.091101723	0.088289413	0.084180925	0.082396202	0.082125562	0.080963922	0.077436877	0.070448616	0.064329113	0.087798423
20230711	0.079395446	0.077416235	0.072619671	0.077812173	0.08181481	0.083813586	0.083752075	0.087752686	0.090948614	0.094326045	0.092934311	0.090270136	0.086529486	0.08461178	0.08430914	0.083602744	0.080162292	0.074035294	0.069069396	0.085406069
20230710	0.079395446	0.077549485	0.072619671	0.077812173	0.08181481	0.08363417	0.08375015	0.087844402	0.09123664	0.094690258	0.093099601	0.090332945	0.086837957	0.085057096	0.08444071	0.08394095	0.081183521	0.075640773	0.071407673	0.085882036
20230707	0.079395446	0.077981858	0.074072065	0.077812173	0.08181481	0.083757537	0.084262512	0.08821767	0.091419311	0.095231311	0.093252067	0.090459269	0.086877553	0.085158634	0.084586511	0.084090214	0.082163443	0.078661683	0.075336797	0.092891851
20230706	0.080529667	0.077894295	0.075342909	0.07836534	0.081998664	0.08468012	0.084475672	0.088624682	0.092525159	0.095559698	0.093552647	0.09096659	0.087466083	0.085634522	0.085081557	0.084804378	0.083160705	0.079931279	0.077806185	0.093269056
20230705	0.080151593	0.078225505	0.075342909	0.07836534	0.081998664	0.084250011	0.084003879	0.088628133	0.093236437	0.096235845	0.094294888	0.091780466	0.088344873	0.086325861	0.085473884	0.084801961	0.083863753	0.07891244	0.07574225	0.099241621
20230704	0.080529667	0.078348962	0.075342909	0.07836534	0.081998664	0.084252718	0.0837532	0.089194535	0.093905547	0.0967827	0.094384336	0.091861032	0.088263781	0.086397754	0.085392863	0.084521124	0.083455052	0.077845916	0.073243428	0.093537087
20230703	0.080529667	0.078469694	0.075342909	0.078734118	0.082550224	0.084321398	0.083752292	0.088959296	0.093210152	0.096402122	0.094018031	0.091464936	0.08815565	0.086222787	0.085051415	0.084153966	0.082339418	0.076913171	0.072215693	0.092055936
20230630	0.081663888	0.078483833	0.075342909	0.078734118	0.082550224	0.084265791	0.084111258	0.088408325	0.092984939	0.095660189	0.093867142	0.091109916	0.087825034	0.085833357	0.084262547	0.083396279	0.081600369	0.07607307	0.071298335	0.088255188
20230629	0.081663888	0.078678549	0.075342909	0.079287286	0.082366371	0.084598016	0.084112094	0.088991733	0.093076963	0.096031443	0.094412572	0.091528	0.088012732	0.085867884	0.084619825	0.083742043	0.081039257	0.075527461	0.070792255	0.087694862
20230628	0.081189462	0.079286145	0.075342909	0.079287286	0.082366371	0.084896086	0.084354056	0.088896531	0.092656359	0.095774499	0.094716532	0.091105147	0.087506589	0.085637979	0.084678353	0.083815292	0.081397324	0.075043085	0.070290987	0.087146312
20230627	0.081663888	0.079468232	0.075342909	0.079287286	0.082734077	0.084755134	0.084655691	0.089066795	0.09333609	0.096712171	0.095421446	0.092020712	0.088496456	0.086577433	0.085293728	0.084460488	0.081840006	0.075304034	0.070281697	0.085078892
20230626	0.081663888	0.079628119	0.075342909	0.079287286	0.082917931	0.085267329	0.084807254	0.089969805	0.094899524	0.09858202	0.097431704	0.09368855	0.089977725	0.087841724	0.086547042	0.085721125	0.082525806	0.075991279	0.071049354	0.08869471
20230623	0.082798109	0.0796575	0.075342909	0.079287286	0.083101784	0.085479482	0.084988798	0.090910229	0.095659766	0.099541066	0.098342509	0.094493304	0.090622897	0.088223774	0.0869898	0.085717551	0.08242309	0.076178412	0.070938073	0.088691929
20230622	0.082798109	0.079850016	0.076250655	0.080762398	0.082917931	0.085507102	0.085170378	0.090317571	0.094456051	0.09861671	0.097823348	0.093846242	0.089918514	0.087456119	0.086086278	0.085274028	0.081466744	0.074934955	0.069668611	0.094150713
20230621	0.082323683	0.080411945	0.076250655	0.080762398	0.082917931	0.085424114	0.085174664	0.090456989	0.094369477	0.098478995	0.098026707	0.094219349	0.090162973	0.087731119	0.086666128	0.085417813	0.081626274	0.074464341	0.068875789	0.090748529
20230620	0.082798109	0.080587503	0.076250655	0.079287286	0.082917931	0.085421831	0.085351978	0.091588521	0.095869488	0.100138005	0.09931881	0.095412064	0.091428438	0.088879817	0.087784572	0.087017243	0.082764623	0.075795925	0.070012968	0.085694123
20230619	0.082798109	0.080747391	0.076250655	0.079656063	0.082917931	0.085571178	0.085351978	0.091164938	0.095282331	0.099387367	0.098284705	0.094744965	0.090977126	0.088748632	0.087761824	0.08716061	0.083784377	0.07630914	0.070210142	0.088245079
20230616	0.082987144	0.080903659	0.076250655	0.079102896	0.082917931	0.085372264	0.085533612	0.091317073	0.095269894	0.099574298	0.098555917	0.095131584	0.091656182	0.08940877	0.088295199	0.087688114	0.085052876	0.077354949	0.070993272	0.087103802
20230615	0.082987144	0.081174337	0.077703049	0.07836534	0.083101784	0.085535569	0.085896791	0.090745276	0.094566229	0.099215286	0.098188373	0.095058007	0.091397992	0.089038007	0.087965861	0.086878702	0.085068696	0.077737235	0.071425551	0.087480879
20230614	0.082837636	0.081441581	0.077703049	0.07836534	0.083101784	0.085644241	0.085901096	0.091036846	0.094692448	0.099909683	0.098773974	0.095385964	0.091700423	0.089496801	0.088246706	0.087455081	0.085546272	0.078513194	0.072580324	0.091282956
20230613	0.082987144	0.081706773	0.078610795	0.080024841	0.083285638	0.085804471	0.086290952	0.091394849	0.094845563	0.099286021	0.098317978	0.09520871	0.091835158	0.089925999	0.088492638	0.0874484	0.085428408	0.078662536	0.073070794	0.087126452
20230612	0.082987144	0.081733431	0.078610795	0.08020923	0.083285638	0.085782209	0.086259408	0.091003537	0.094872379	0.098900538	0.097622589	0.094557003	0.091297053	0.089201399	0.087295084	0.086440958	0.08562927	0.078750564	0.072795686	0.084492233
20230609	0.082987144	0.081770945	0.078610795	0.080393619	0.083285638	0.085577697	0.086259408	0.091360284	0.095033403	0.098498925	0.096985152	0.094177286	0.091032658	0.08900366	0.08759471	0.086738797	0.084523403	0.077004329	0.070312321	0.088413579
20230608	0.082987144	0.081806296	0.078973893	0.081131175	0.083837198	0.085556522	0.085351414	0.091004475	0.094556737	0.097742262	0.096341262	0.09361046	0.090638439	0.088423574	0.086883938	0.086017255	0.08332453	0.075979588	0.06897574	0.088850962
20230607	0.082987144	0.081893318	0.079700089	0.081131175	0.083837198	0.085305222	0.085435912	0.090536424	0.094130087	0.097111397	0.095506179	0.092955204	0.090050084	0.087482557	0.085973635	0.084694492	0.082430534	0.074347436	0.066965511	0.083911888
20230606	0.082987144	0.081893318	0.079700089	0.080393619	0.083837198	0.085449285	0.085560925	0.090116093	0.094108988	0.097266289	0.095891477	0.093126836	0.090220977	0.087598958	0.085911295	0.084885466	0.082688735	0.075681602	0.06863693	0.083722517
20230605	0.082987144	0.08174647	0.078973893	0.08020923	0.083653345	0.08541546	0.087181893	0.09080871	0.094832044	0.097775479	0.096304163	0.093341763	0.090400294	0.087921935	0.086230279	0.084947516	0.083675534	0.07629857	0.069281558	0.089148187
20230602	0.083176182	0.081756451	0.078973893	0.08020923	0.083469491	0.085585652	0.086426207	0.091159308	0.095215948	0.098539331	0.097246235	0.094459716	0.091699863	0.089155366	0.087477387	0.086179252	0.08474262	0.07726645	0.06999488	0.088082208
20230601	0.083176182	0.081787809	0.079155442	0.080578009	0.083653345	0.085717065	0.086266999	0.091168104	0.095152479	0.098955616	0.097810685	0.095182697	0.092346484	0.0898634	0.088652952	0.08755033	0.086497174	0.079034465	0.071564771	0.092756504
20230531	0.083097107	0.081866233	0.078973893	0.080583502	0.083653345	0.085425679	0.086697206	0.09164361	0.095456497	0.099802032	0.098611121	0.095257542	0.092484778	0.090389165	0.089159695	0.088083817	0.087826266	0.0805221	0.073469067	0.0954007
20230530	0.083176182	0.081893318	0.078973893	0.080578009	0.083469491	0.085564366	0.08605284	0.092020062	0.095416648	0.100576592	0.098977117	0.095540791	0.09306586	0.090715389	0.089473954	0.088440652	0.087798811	0.080574108	0.073893082	0.093463486
20230529	0.083176182	0.081919976	0.078973893	0.080393619	0.083285638	0.086233843	0.08734408	0.091271281	0.094504671	0.099802901	0.098390615	0.094390054	0.091510057	0.089477456	0.088242803	0.086989048	0.085686241	0.077567864	0.070379383	0.088698888
20230526	0.083176182	0.08195749	0.078973893	0.080946787	0.083653345	0.086673527	0.087172159	0.091772457	0.095434443	0.100400754	0.098544265	0.09502059	0.092038156	0.089764331	0.088724842	0.087719085	0.086065818	0.078035143	0.071222601	0.089861767
20230525	0.083176182	0.082621125	0.080244737	0.08020923	0.083653345	0.087003579	0.086503113	0.09177254	0.094553996	0.099826101	0.098172612	0.09443008	0.091353036	0.089163644	0.08799136	0.086977006	0.084083456	0.076000217	0.069487356	0.087456285
20230524	0.083176182	0.082131537	0.080244737	0.08020923	0.082182517	0.08644167	0.086562115	0.092082776	0.095078249	0.099936301	0.09816364	0.094385103	0.091402528	0.08940881	0.088376312	0.087405074	0.084868519	0.075791947	0.068967944	0.084766601
20230523	0.083176182	0.082079863	0.080244737	0.08020923	0.082182517	0.08559948	0.085433733	0.092431782	0.095641628	0.100092194	0.098212769	0.094337331	0.091092156	0.088853608	0.08815969	0.087000741	0.084024898	0.075779661	0.068943999	0.080420818
20230522	0.083176182	0.082079863	0.079336991	0.08020923	0.082182517	0.08529642	0.085073659	0.091460814	0.095310793	0.099120141	0.097389351	0.093432767	0.090200328	0.087872386	0.086845132	0.085890262	0.082879987	0.075189432	0.068603061	0.077701857
20230519	0.08090774	0.081337135	0.079336991	0.080578009	0.081998664	0.085022766	0.08508588	0.091795578	0.095460789	0.099889517	0.098041283	0.093775727	0.090374461	0.088069527	0.086929471	0.085981512	0.08334814	0.075344306	0.06780566	0.081029806
20230518	0.08090774	0.080931231	0.078792344	0.081315565	0.082734077	0.084856442	0.084567472	0.091990171	0.095379024	0.100090736	0.098282469	0.094251571	0.090456486	0.087824898	0.086883682	0.085933563	0.083548311	0.074464372	0.066673037	0.079851911
20230517	0.081241314	0.080670814	0.078792344	0.081315565	0.08181481	0.084739133	0.084799572	0.091758265	0.094546822	0.09929729	0.097551933	0.093596326	0.090039387	0.087364492	0.085936484	0.085008237	0.082222205	0.072677202	0.064856394	0.079523566
20230516	0.08090774	0.080587503	0.078792344	0.081315565	0.08181481	0.084538579	0.084530189	0.09229171	0.095281095	0.100034641	0.09817144	0.09402618	0.090314096	0.087599806	0.085994573	0.085331219	0.081889368	0.072410025	0.064913277	0.079601922
20230515	0.08090774	0.080507009	0.080426287	0.081868731	0.082182517	0.0844121	0.084545261	0.091874713	0.094726486	0.099633014	0.09773021	0.093569849	0.089821947	0.086913996	0.08548061	0.084588511	0.080917184	0.071665327	0.06473934	0.077227704
20230512	0.08034063	0.0804722	0.080426287	0.08223751	0.083285638	0.084521695	0.085086571	0.092056855	0.095261734	0.100478679	0.098139392	0.094284524	0.090674728	0.087733012	0.086586935	0.085699041	0.082053725	0.072729461	0.065548588	0.076500577
20230511	0.08034063	0.080344938	0.079700089	0.081684342	0.083285638	0.085481876	0.085264065	0.092477456	0.095161658	0.100642718	0.098315715	0.09431011	0.090792108	0.088088394	0.086785753	0.085635816	0.081864312	0.072135608	0.065017023	0.075982061
20230510	0.08034063	0.079971848	0.079700089	0.081684342	0.083285638	0.085503032	0.085628552	0.092777838	0.095473822	0.100935619	0.098697942	0.094558112	0.09090637	0.088125392	0.086945246	0.085984821	0.082530506	0.072213055	0.064196356	0.077138087
20230509	0.08034063	0.079841322	0.079700089	0.082053121	0.083285638	0.085571142	0.085796495	0.093484581	0.095999796	0.101473727	0.099287005	0.095123132	0.091261138	0.088586944	0.08716258	0.086297539	0.083386295	0.073298453	0.06529185	0.076586416
20230508	0.08034063	0.079748329	0.07951854	0.08223751	0.083285638	0.085544738	0.08579388	0.094016686	0.096958044	0.102181587	0.099951343	0.095725508	0.092126167	0.089793916	0.088496092	0.087415848	0.084451251	0.074386186	0.066094213	0.077758829
20230505	0.079584483	0.079753945	0.07951854	0.08223751	0.084021052	0.085587032	0.0859506	0.094388982	0.097554771	0.102217588	0.099985035	0.096071504	0.092558499	0.089827269	0.088406499	0.087563385	0.08478445	0.075166462	0.066551766	0.078314726
20230504	0.079584483	0.079655859	0.078792344	0.08223751	0.084208637	0.085561199	0.086130964	0.094878444	0.09806206	0.102759599	0.100541874	0.096488259	0.093019257	0.090577121	0.089169228	0.08802935	0.085260199	0.075320828	0.066785041	0.080695323
20230503	0.079909418	0.079376434	0.078792344	0.08223751	0.084388759	0.085393512	0.085895775	0.09481563	0.096869075	0.10171681	0.100037249	0.095872809	0.092278584	0.089906584	0.088653574	0.087579853	0.084064562	0.074690585	0.066113916	0.079688215
20230502	0.079584483	0.079281687	0.078792344	0.08223751	0.084388759	0.085547334	0.08577058	0.094457542	0.097395941	0.101929696	0.10029887	0.096548153	0.09270805	0.090553512	0.08941665	0.088569125	0.084981846	0.075699452	0.067461904	0.08141631
20230428	0.079584483	0.079188134	0.078792344	0.082421898	0.084572613	0.085464862	0.085356591	0.094436364	0.09797735	0.102097402	0.100551035	0.097021314	0.0932862	0.091136089	0.089984874	0.08888431	0.086086332	0.077551692	0.070675876	0.083043717
20230427	0.079395446	0.079097492	0.078792344	0.082421898	0.084756467	0.085294321	0.085356662	0.094762852	0.098751925	0.102625139	0.101104359	0.097649496	0.094019647	0.091764121	0.0904848	0.089369314	0.087074447	0.078638892	0.072173798	0.082735404
20230426	0.079395446	0.078627417	0.077521499	0.082606288	0.084572613	0.08570169	0.086083221	0.09495979	0.099202729	0.103216849	0.101581152	0.098341975	0.094449705	0.092039093	0.090777242	0.089867677	0.088301045	0.078958809	0.071922838	0.089297457
20230425	0.079395446	0.078372354	0.077521499	0.082606288	0.08494032	0.085620341	0.086297326	0.094543547	0.098914813	0.103406637	0.101799478	0.098468177	0.094543154	0.091975467	0.090723311	0.089627265	0.088976738	0.079239361	0.071176537	0.088537506
20230424	0.079395446	0.078348962	0.077521499	0.082606288	0.084572613	0.08561235	0.086627382	0.094733246	0.098872818	0.103517072	0.102232127	0.099058833	0.094896569	0.09191752	0.090823113	0.09000096	0.089178525	0.078547999	0.070506786	0.085644996
20230421	0.079395446	0.078348962	0.077521499	0.082790677	0.084572613	0.085798192	0.086626583	0.094663864	0.09891381	0.10388451	0.102334481	0.098898531	0.094713288	0.09229948	0.090846473	0.089741477	0.088525418	0.077923433	0.068513131	0.085419877
20230420	0.079395446	0.078348962	0.077521499	0.081868731	0.08494032	0.085740817	0.086988254	0.094901717	0.099281438	0.10434369	0.102722151	0.09920839	0.095611233	0.092803001	0.091389501	0.090301371	0.088937231	0.078335411	0.070298083	0.081317313
20230419	0.080151593	0.079095142	0.076976852	0.08223751	0.084204905	0.08591738	0.086987909	0.094611287	0.099107994	0.103243187	0.101885936	0.098277166	0.094764482	0.091741886	0.090687512	0.089837874	0.087625662	0.076995443	0.068631097	0.079310059
20230418	0.080151593	0.079095142	0.076976852	0.08223751	0.084204905	0.08583616	0.087361313	0.094324089	0.099114103	0.103896987	0.102435797	0.098616807	0.095295975	0.092524364	0.091446887	0.090442747	0.087231307	0.076105001	0.067438391	0.080068039
20230417	0.080151593	0.079095142	0.076976852	0.081868731	0.084204905	0.085804471	0.087565685	0.095163664	0.100204867	0.104973921	0.103299992	0.099425281	0.09588267	0.092903304	0.091649616	0.090887094	0.088152846	0.077240203	0.069605489	0.080602637
20230414	0.080151593	0.079095142	0.076976852	0.081315565	0.084572613	0.085774918	0.087893797	0.095689603	0.100808158	0.105620607	0.104357766	0.100277524	0.09694294	0.094020543	0.09272644	0.092128967	0.08881832	0.077814628	0.07022618	0.08155754
20230413	0.080151593	0.079095142	0.076976852	0.081315565	0.084572613	0.085926219	0.087893797	0.095583762	0.100073964	0.10505958	0.103656139	0.099449038	0.096568589	0.093843694	0.092265457	0.091401399	0.088523421	0.07726143	0.069639062	0.082755896
20230412	0.080151593	0.079095142	0.078066147	0.082053121	0.084756467	0.085892834	0.087530599	0.094958918	0.099697062	0.104573089	0.102928784	0.098854053	0.09596934	0.093131596	0.091739613	0.091084325	0.088025947	0.07673858	0.068806247	0.081704087
20230411	0.080151593	0.079095142	0.076976852	0.081868731	0.084756467	0.085823069	0.087530599	0.095632585	0.100421434	0.105192287	0.104100186	0.100127723	0.096635204	0.093948699	0.092339386	0.091709367	0.08856576	0.077597048	0.069372414	0.08260986
20230410	0.080151593	0.079095142	0.076976852	0.081684342	0.084756467	0.085793184	0.087567681	0.096626675	0.101359164	0.106360845	0.105264099	0.100967868	0.097465755	0.094747026	0.092970105	0.092135349	0.089184025	0.078113426	0.070282605	0.081826182
20230405	0.080151593	0.079095142	0.076976852	0.081868731	0.084756467	0.086067611	0.087739493	0.097665535	0.102361239	0.107490795	0.106383045	0.102129801	0.098618969	0.095554358	0.093786483	0.092769797	0.090466348	0.079377554	0.07019202	0.081982463
20230404	0.080151593	0.079095142	0.076976852	0.081868731	0.084756467	0.086177279	0.087741454	0.098031279	0.102565291	0.106829968	0.106413274	0.102084005	0.09833532	0.095093193	0.093556571	0.092781115	0.088835456	0.077833448	0.069330404	0.082886566
20230403	0.080151593	0.078722052	0.078247696	0.081499953	0.084572613	0.08626393	0.087920582	0.098061254	0.102479829	0.107115948	0.106234365	0.101986634	0.098073265	0.094812623	0.093991552	0.093107577	0.089060801	0.077794987	0.070024713	0.08364904
20230331	0.07988265	0.078736191	0.078247696	0.081315565	0.084572613	0.086017841	0.087558602	0.097725903	0.102365953	0.10669293	0.105669389	0.101586514	0.098032022	0.094435216	0.093573982	0.092710121	0.088805654	0.078192359	0.070756237	0.088695791
20230330	0.080151593	0.078820324	0.078610795	0.081315565	0.084572613	0.085962897	0.087738077	0.09634335	0.101038244	0.105133851	0.10383284	0.099730932	0.096327787	0.093031502	0.092030072	0.091153609	0.087251851	0.077865293	0.071016153	0.086222537
20230329	0.08034063	0.078834369	0.078610795	0.080578009	0.084388759	0.085524851	0.087733881	0.096640147	0.101273577	0.105614994	0.104496236	0.10039136	0.096863408	0.093593437	0.092768078	0.092070389	0.088801586	0.079928635	0.073977675	0.089943626
20230328	0.080246112	0.078867165	0.077703049	0.080762398	0.084388759	0.08533041	0.087630805	0.096550441	0.101288739	0.105808715	0.104544987	0.100453375	0.096593873	0.093292785	0.092288004	0.091795578	0.088587831	0.080623913	0.075075613	0.088889312
20230327	0.08034063	0.078869348	0.077703049	0.080762398	0.084388759	0.08526359	0.088102309	0.096914795	0.10290117	0.106942304	0.105826408	0.101787171	0.098065093	0.094747354	0.093726692	0.093070411	0.091043521	0.082946863	0.077234292	0.08945488
20230324	0.08034063	0.079095142	0.077703049	0.080762398	0.084388759	0.08523168	0.088285596	0.097261388	0.103368891	0.107147485	0.105924207	0.102248405	0.098120878	0.09538479	0.094319658	0.0936296	0.091759972	0.083483444	0.077426968	0.092173459
20230323	0.08034063	0.079137749	0.077703049	0.080393619	0.084388759	0.085946398	0.088459495	0.097260634	0.103301302	0.107282859	0.105851463	0.102655392	0.09830908	0.095564369	0.094699838	0.094241519	0.09243028	0.084228722	0.077838557	0.095153782
20230322	0.08034063	0.079281687	0.077339951	0.08020923	0.084572613	0.08674195	0.088459187	0.097588161	0.103475263	0.107826872	0.107069314	0.103678645	0.098883968	0.095837537	0.095379809	0.094596158	0.093465791	0.085791848	0.079186015	0.094480417
20230321	0.08034063	0.079281687	0.077339951	0.08020923	0.084388759	0.086955504	0.088663921	0.098930754	0.104268196	0.108668486	0.107814842	0.10370522	0.098932823	0.095846522	0.095210384	0.094669281	0.094050367	0.086430365	0.079870365	0.092900942
20230317	0.08034063	0.079281687	0.077339951	0.08020923	0.084204905	0.08690925	0.088524671	0.099636691	0.104792964	0.109203705	0.10843086	0.104143414	0.099809241	0.096397591	0.09608964	0.095816704	0.094352038	0.086372456	0.079468889	0.09523122
20230316	0.08034063	0.079281687	0.077339951	0.080578009	0.084572613	0.087230887	0.08891756	0.100235279	0.1058709	0.109824272	0.108898413	0.104405175	0.099879624	0.096461952	0.09597675	0.095636511	0.094093643	0.086197784	0.080500738	0.094020544
20230315	0.08034063	0.079281687	0.077339951	0.081131175	0.085124173	0.087183364	0.089528368	0.100950617	0.107626859	0.111123727	0.11017353	0.105382851	0.100556834	0.097412124	0.096628617	0.096238482	0.095785918	0.087867854	0.081923757	0.093471424
20230314	0.08034063	0.079281687	0.078066147	0.081499953	0.084572613	0.087556448	0.08864636	0.101483258	0.108276389	0.1119214	0.110651294	0.105745604	0.101356862	0.098347054	0.097409644	0.096788691	0.09549871	0.0878675	0.082013202	0.098675862
20230313	0.08034063	0.079281687	0.078066147	0.081499953	0.084388759	0.087332766	0.088525342	0.101525832	0.109226789	0.112455912	0.111120047	0.105957713	0.102170828	0.099291278	0.098159212	0.097364842	0.095727524	0.08766931	0.081832501	0.09867811
20230310	0.08034063	0.079281687	0.078066147	0.081499953	0.084388759	0.087266369	0.088291934	0.101809293	0.109109045	0.112960108	0.111781462	0.106923781	0.102915367	0.100050177	0.09889647	0.098131387	0.096153561	0.088128336	0.081944914	0.101608007
20230309	0.081285814	0.080214412	0.078066147	0.081315565	0.084388759	0.087165024	0.088467231	0.101509312	0.108923021	0.112763132	0.111660223	0.106942758	0.102721859	0.099854878	0.098502781	0.09790089	0.095745715	0.08696767	0.079886546	0.104347708
20230308	0.08034063	0.080214412	0.078066147	0.080762398	0.084572613	0.087093195	0.088467159	0.101706166	0.109037023	0.112694517	0.112446043	0.10715216	0.10306606	0.099919958	0.098435587	0.098128289	0.095893726	0.086756293	0.079677733	0.104123227
20230307	0.08034063	0.080959511	0.078973893	0.080762398	0.084572613	0.08702317	0.088650337	0.100942843	0.107805613	0.112566125	0.1115772	0.106176835	0.102430105	0.099656094	0.098013922	0.097088924	0.094836279	0.085509239	0.078402145	0.099630767
20230306	0.08034063	0.080407486	0.079155442	0.080946787	0.084756467	0.086884319	0.088878298	0.10125105	0.108219264	0.113236336	0.112325301	0.106686755	0.102974327	0.10039963	0.098727509	0.098039431	0.095591325	0.086373068	0.079342309	0.10105271
20230303	0.08034063	0.080214412	0.079194076	0.080578009	0.08494032	0.087124075	0.08900638	0.100525743	0.107505856	0.112767786	0.112012221	0.106525868	0.102617636	0.100072421	0.098398172	0.097709141	0.09530363	0.086496985	0.080265251	0.09692572
20230302	0.08034063	0.080081164	0.078973893	0.080946787	0.085859587	0.087196621	0.090085077	0.100411442	0.107381924	0.112439915	0.111957865	0.107061874	0.103251341	0.100506091	0.098791714	0.09805807	0.096001576	0.086763112	0.080561029	0.097446886
20230301	0.079395446	0.079815579	0.078066147	0.080946787	0.086962708	0.08849689	0.08843892	0.10037438	0.107258258	0.112760024	0.112764592	0.107404102	0.103458381	0.101112168	0.099605313	0.09905553	0.097035769	0.087991184	0.081079391	0.100873816
20230228	0.079962556	0.079470415	0.07951854	0.081131175	0.086227294	0.088225796	0.088441808	0.099332605	0.105908008	0.111736356	0.111467075	0.106531137	0.102944923	0.100245455	0.098872753	0.098225062	0.096648525	0.087987941	0.081105599	0.098114425
20230227	0.079395446	0.078908597	0.077703049	0.081131175	0.085308027	0.088148886	0.08807545	0.097999562	0.105168395	0.111143127	0.110738399	0.105995911	0.102219418	0.099553011	0.098158874	0.09751597	0.096483927	0.087979128	0.081493907	0.103576049
20230224	0.079395446	0.078348962	0.076976852	0.079656063	0.083101784	0.08699765	0.086804387	0.097270184	0.104694815	0.110820897	0.110638726	0.105845439	0.101757979	0.098524053	0.097316696	0.096701749	0.096400807	0.087566833	0.081025486	0.100244462
20230223	0.079395446	0.078348962	0.076976852	0.079656063	0.083101784	0.08608724	0.085896556	0.097523905	0.10430084	0.110572879	0.110243971	0.105447757	0.101285962	0.098746496	0.097075553	0.095967338	0.095909165	0.086878013	0.07905657	0.097788078
20230222	0.079395446	0.078677821	0.076795302	0.07836534	0.082550224	0.085220172	0.085896501	0.098833692	0.105646235	0.111853772	0.111314353	0.10632854	0.102507527	0.099299218	0.097673983	0.096922791	0.095635776	0.086391969	0.07824902	0.097014548
20230221	0.079584483	0.078542577	0.076795302	0.07836534	0.082550224	0.085099752	0.085898935	0.099255532	0.106216929	0.112231536	0.112015319	0.107491374	0.10340869	0.100190695	0.098376346	0.097628189	0.095754618	0.086892987	0.078387019	0.097355349
20230220	0.079395446	0.078535507	0.076795302	0.078918507	0.082550224	0.085067953	0.085923359	0.099913919	0.106914218	0.11260441	0.112555697	0.107992587	0.103424529	0.099873168	0.098601029	0.097714826	0.095965118	0.086844273	0.078763461	0.090818235
20230217	0.079395446	0.078828643	0.077703049	0.07836534	0.082550224	0.085035029	0.086259408	0.100334486	0.107495816	0.113269125	0.112872712	0.108408768	0.104269557	0.101101199	0.099431811	0.098573566	0.096591192	0.08659908	0.078143562	0.097383313
20230216	0.079395446	0.078716063	0.077703049	0.078734118	0.082734077	0.085178577	0.086077809	0.100394033	0.107772924	0.113957381	0.1139997	0.109862644	0.105597166	0.101971399	0.100701721	0.100125678	0.097659067	0.087618972	0.079243223	0.099015918
20230215	0.079395446	0.078348962	0.076250655	0.078918507	0.082182517	0.085707692	0.085533014	0.100302016	0.107912128	0.114773659	0.114160895	0.110179443	0.106017681	0.102817183	0.101550288	0.100784251	0.09772638	0.087245523	0.078547239	0.100799107
20230214	0.079395446	0.078348962	0.076250655	0.078918507	0.082550224	0.08604233	0.085533014	0.099823225	0.107279247	0.114573956	0.114243998	0.11022492	0.106242821	0.102824832	0.101720573	0.101054578	0.097671007	0.087212168	0.078513908	0.100770457
20230213	0.079395446	0.078348962	0.075887557	0.079102896	0.082550224	0.085614229	0.085566826	0.098551304	0.106560734	0.114133396	0.113955124	0.110316341	0.106367166	0.103387755	0.102049345	0.101647986	0.098931165	0.088735669	0.080490211	0.098340044
20230210	0.079395446	0.078348962	0.075887557	0.078734118	0.082734077	0.085590089	0.086104631	0.096368716	0.104662172	0.111762354	0.111770241	0.108107252	0.104419921	0.101693609	0.100319128	0.099373429	0.09684714	0.086202964	0.076573964	0.095426184
20230209	0.079584483	0.078413133	0.075887557	0.078734118	0.082734077	0.085562745	0.08592158	0.095650765	0.103769352	0.1109445	0.11078385	0.107355513	0.103272506	0.100732619	0.099218505	0.098371646	0.094939991	0.084914368	0.076001933	0.092101296
20230208	0.079584483	0.07904511	0.077703049	0.078734118	0.083469491	0.085649637	0.085560416	0.095215957	0.102698825	0.110386994	0.109713304	0.105578814	0.102445843	0.10011404	0.098600875	0.097714511	0.09430175	0.084705215	0.075428212	0.09345801
20230207	0.079584483	0.078540394	0.077158401	0.078549729	0.083469491	0.085530763	0.08561426	0.094808442	0.101816186	0.109354929	0.108846051	0.105232319	0.10171655	0.099847726	0.098299611	0.097286052	0.093265239	0.08316865	0.073863214	0.091444116
20230203	0.079395446	0.078535507	0.077158401	0.078549729	0.083469491	0.085511024	0.085559762	0.094882248	0.10230579	0.109071882	0.109029056	0.105625158	0.101844859	0.099585854	0.098382497	0.097818747	0.093417107	0.082353172	0.073836256	0.093763372
20230202	0.079395446	0.078016108	0.07516136	0.078549729	0.083653345	0.085539784	0.085562959	0.094683333	0.102066697	0.108511238	0.108637452	0.105329764	0.102194486	0.100368182	0.098935331	0.098302805	0.094256619	0.083203716	0.074703499	0.090439174
20230201	0.079395446	0.0780861	0.07516136	0.078549729	0.083653345	0.085357294	0.085374587	0.092921295	0.100707801	0.107311539	0.107128829	0.104057508	0.100508484	0.098677502	0.097461656	0.096828733	0.093068755	0.08225118	0.072909656	0.092303245
20230131	0.079395446	0.074890526	0.072270026	0.078734118	0.083285638	0.085457515	0.085372298	0.092412195	0.100039787	0.107218796	0.106742628	0.103686878	0.100582062	0.098518852	0.097325342	0.096524424	0.09234178	0.081881268	0.073321541	0.090462115
20230130	0.07709243	0.07544255	0.071530376	0.078734118	0.083285638	0.085444203	0.085591851	0.09281671	0.100369039	0.107619024	0.107807797	0.104618101	0.101295255	0.099449271	0.098058696	0.097393164	0.093264215	0.08311638	0.074609077	0.092227732
20230127	0.079395446	0.075550784	0.071530376	0.079102896	0.083285638	0.08574369	0.085734224	0.092906919	0.100639788	0.107415125	0.107949634	0.10479844	0.101439853	0.09916622	0.097796798	0.097292417	0.093425863	0.082557621	0.074061069	0.09161162
20230126	0.079395446	0.07579389	0.071530376	0.078734118	0.083837198	0.086070466	0.086101653	0.094245491	0.101551139	0.107916153	0.108215229	0.10530553	0.101688815	0.099236221	0.098194701	0.09772834	0.094103095	0.083064732	0.073811446	0.093639787
20230125	0.079395446	0.075416993	0.071530376	0.078734118	0.084021052	0.086180703	0.086285232	0.095280246	0.10184236	0.107990808	0.109433054	0.105624012	0.102013389	0.099726015	0.098380258	0.097896115	0.0938285	0.083168753	0.073540362	0.093316175
20230124	0.079395446	0.075536102	0.075342909	0.078549729	0.084572613	0.08614953	0.086289244	0.095942671	0.103376237	0.108698919	0.10990943	0.10607144	0.10246792	0.099726533	0.09843121	0.097958752	0.092695844	0.081638356	0.071715233	0.093257182
20230123	0.078368806	0.075940402	0.072619671	0.078918507	0.084756467	0.086201934	0.086536129	0.096742403	0.104153427	0.109286403	0.110470984	0.107201834	0.103346008	0.10059974	0.099296181	0.098316047	0.093629622	0.083346975	0.073432146	0.09339729
20230120	0.079395446	0.076110419	0.072619671	0.08020923	0.085124173	0.086599801	0.087018291	0.09776139	0.10534621	0.109816128	0.110492727	0.10752001	0.103885255	0.101361886	0.099534336	0.098227121	0.093428783	0.083238353	0.072580176	0.0992132
20230119	0.079395446	0.076312728	0.072619671	0.08020923	0.08549188	0.086854674	0.08737951	0.097175754	0.104283264	0.108842557	0.109116026	0.106840557	0.10298152	0.100721252	0.098844375	0.097791964	0.093113986	0.082097405	0.071794428	0.095638075
20230118	0.079395446	0.076245292	0.073345869	0.08020923	0.085675734	0.086825084	0.087562053	0.097724027	0.104577399	0.109294755	0.110339952	0.107790087	0.103467925	0.101416785	0.099924433	0.09887133	0.095239783	0.083415937	0.072783288	0.099640673
20230117	0.078683798	0.077047604	0.073527417	0.08020923	0.084756467	0.0863253	0.087122421	0.097616057	0.103939978	0.107955602	0.108883192	0.105523372	0.101963447	0.099928854	0.098615222	0.09778622	0.093969803	0.082117559	0.072999229	0.097303666
20230116	0.079395446	0.07722969	0.073527417	0.08020923	0.084204905	0.086215891	0.086475602	0.096466062	0.102601256	0.106430344	0.10665194	0.103411581	0.099244414	0.096827416	0.096203791	0.095670519	0.091989817	0.081203145	0.073875626	0.091023417
20230113	0.079395446	0.077389579	0.073345869	0.08020923	0.084021052	0.086275898	0.085930606	0.095996404	0.101419406	0.104813344	0.104880133	0.101146708	0.098105699	0.095707279	0.095044686	0.09420089	0.091118548	0.081800018	0.074784423	0.09394449
20230112	0.080529667	0.077418959	0.073345869	0.078734118	0.083653345	0.085495465	0.085567317	0.095275906	0.100601757	0.10365688	0.103507783	0.099234562	0.096455119	0.094267541	0.093973493	0.094805541	0.089631296	0.079204198	0.072079629	0.097319373
20230111	0.080529667	0.077495088	0.073527417	0.079287286	0.083653345	0.085471454	0.085388478	0.095260977	0.100674874	0.103906974	0.103693818	0.099567276	0.096402145	0.093976951	0.093888049	0.093068471	0.090562878	0.080710253	0.073669282	0.092298079
20230110	0.080055242	0.078173403	0.073527417	0.077996562	0.083653345	0.085399607	0.08545814	0.094776474	0.100419069	0.103163156	0.102711024	0.099201853	0.095162437	0.092781175	0.092870806	0.093419808	0.089337275	0.080429302	0.073352189	0.08530507
20230109	0.080529667	0.078348962	0.073527417	0.079102896	0.083469491	0.085234829	0.085392274	0.094841985	0.100697352	0.103764883	0.103731402	0.09974031	0.096110598	0.093276478	0.093500785	0.093938896	0.090300544	0.081024682	0.0728337	0.086941225
20230106	0.080529667	0.078508849	0.073527417	0.079287286	0.083101784	0.08537834	0.085170633	0.094374421	0.100509356	0.103342486	0.103760635	0.100199824	0.095241792	0.092451036	0.092501089	0.092591766	0.089824362	0.079905906	0.072402822	0.08415349
20230105	0.081663888	0.07853823	0.073527417	0.079287286	0.083101784	0.085354882	0.084989125	0.093906538	0.099820399	0.104053558	0.104032777	0.10087246	0.09564671	0.092573415	0.092171449	0.092138474	0.089424832	0.079079727	0.069696471	0.085089137
20230104	0.081663888	0.078730744	0.075887557	0.079840452	0.082366371	0.085394654	0.085352304	0.095541103	0.101664294	0.106811496	0.10605679	0.103897608	0.099244909	0.096098761	0.095540362	0.095319974	0.0911909	0.08047028	0.072811272	0.085369821
20230103	0.081189462	0.079292674	0.074072065	0.080946787	0.082550224	0.085470036	0.085360222	0.097764691	0.103952884	0.108554163	0.107826064	0.104992061	0.100769804	0.097832824	0.096930136	0.096638371	0.092456782	0.081812249	0.072715871	0.094235671
20230102	0.081663888	0.079468232	0.074072065	0.081131175	0.08181481	0.08544389	0.085352377	0.098141058	0.103730176	0.108304008	0.107625709	0.104778171	0.09990159	0.097470619	0.096214822	0.095778492	0.091193446	0.080900112	0.072533363	0.093827004
20221230	0.081663888	0.079628119	0.074072065	0.081131175	0.082182517	0.085229103	0.085170633	0.096810093	0.10180851	0.107034708	0.106491365	0.102467125	0.098090508	0.095468358	0.094200516	0.093706278	0.08915232	0.078948249	0.070450185	0.092819343
20221229	0.081852923	0.079766274	0.074979811	0.080393619	0.082182517	0.085196584	0.085715374	0.096358613	0.101065624	0.106443381	0.105508678	0.101332572	0.097430202	0.094297815	0.093076341	0.092619298	0.088484172	0.079298725	0.07187428	0.083746987
20221228	0.081852923	0.079845668	0.078247696	0.082975066	0.083101784	0.085670332	0.085715229	0.095442769	0.100546118	0.104875183	0.104382552	0.099994631	0.095712095	0.092849044	0.092309783	0.092087266	0.087408922	0.078530665	0.071465985	0.085018462
20221227	0.081615702	0.080126624	0.076250655	0.082421898	0.083653345	0.086000625	0.085900623	0.094403592	0.099420471	0.103799869	0.10324336	0.098872627	0.094622805	0.091773336	0.091213494	0.091067687	0.087006384	0.078467175	0.071729898	0.081088335
20221226	0.081852923	0.080214412	0.076250655	0.082606288	0.083837198	0.086172731	0.086105975	0.093047762	0.098336396	0.102477347	0.102114337	0.097615555	0.094257824	0.090976912	0.090223303	0.09004204	0.08613474	0.07832439	0.072299936	0.089688617
20221223	0.081852923	0.080235623	0.078066147	0.082790677	0.083837198	0.086160964	0.086259408	0.092499774	0.097611349	0.102535753	0.10238361	0.097871996	0.094492288	0.090758652	0.090311671	0.090223611	0.087416343	0.080313126	0.074791506	0.086104917
20221222	0.082041961	0.080377937	0.076250655	0.082790677	0.084021052	0.086340822	0.086441007	0.091650681	0.096545273	0.102412753	0.102868932	0.098119401	0.09471231	0.090927362	0.090834098	0.090912456	0.088430327	0.08056534	0.074287816	0.090046081
20221221	0.082041961	0.079413294	0.075524458	0.083343845	0.084572613	0.086312613	0.086077809	0.090892451	0.095744664	0.102097932	0.102094373	0.097323539	0.094208431	0.090433544	0.090352689	0.090531911	0.08768436	0.079509363	0.070887587	0.092371457
20221220	0.082041961	0.079881561	0.075524458	0.083343845	0.084388759	0.086317015	0.086077809	0.090938276	0.095864993	0.101969865	0.102328649	0.096879013	0.093762346	0.090693981	0.090103604	0.090012092	0.086505924	0.077356194	0.069082643	0.089923163
20221219	0.082041961	0.080027867	0.075524458	0.083712621	0.084204905	0.086271902	0.086101327	0.091277581	0.096814141	0.103113	0.103191967	0.098185892	0.094373644	0.091549259	0.090467946	0.090079954	0.08620495	0.077079511	0.068830011	0.089664629
20221216	0.082041961	0.080161116	0.075524458	0.083528234	0.084388759	0.08627229	0.086103761	0.091064441	0.097444719	0.103480894	0.104436921	0.097886437	0.094726007	0.091459435	0.090525808	0.09014894	0.085430217	0.075834091	0.06830421	0.089024323
20221215	0.082230997	0.080287109	0.075524458	0.083712621	0.085124173	0.086468701	0.086460475	0.089865321	0.09710508	0.102314707	0.101781858	0.096466356	0.092246743	0.089461975	0.087810427	0.087029702	0.082878712	0.073640484	0.065604295	0.088950202
20221214	0.082230997	0.080955706	0.077521499	0.084265789	0.086043441	0.086839114	0.086640802	0.089494902	0.09700054	0.102095561	0.101771984	0.096408682	0.093083258	0.090288752	0.088788646	0.08787355	0.081962973	0.072930278	0.065300548	0.084506507
20221213	0.082389146	0.08158093	0.080789385	0.084450178	0.086411149	0.087180529	0.086860954	0.089328575	0.097158916	0.101790993	0.101386805	0.096028794	0.092463228	0.090620046	0.088759399	0.087717909	0.081578772	0.072706491	0.064033154	0.088748179
20221209	0.082230997	0.081520228	0.080789385	0.084450178	0.086411149	0.087110651	0.086825651	0.090048989	0.09747542	0.101706439	0.101718517	0.096596155	0.09301181	0.091179462	0.089296348	0.088350134	0.082382811	0.073458644	0.06549594	0.082898932
20221208	0.082230997	0.081466932	0.080789385	0.084450178	0.086411149	0.087396218	0.086622914	0.089628757	0.096785712	0.101958567	0.10148253	0.097047401	0.093228624	0.091163763	0.089575867	0.088930327	0.082500487	0.073077124	0.064450704	0.0835891
20221207	0.082230997	0.081391886	0.080789385	0.084450178	0.086595001	0.08781898	0.086804476	0.089982874	0.097178998	0.102159903	0.102286914	0.0978463	0.093956238	0.092494768	0.091432967	0.090893077	0.08463532	0.076590167	0.066535814	0.088519019
20221206	0.082230997	0.078216794	0.07951854	0.084450178	0.086595001	0.088017564	0.087167547	0.090003097	0.097271681	0.101326009	0.101498535	0.096620424	0.093262806	0.091357895	0.089997358	0.089191768	0.082870746	0.07471537	0.063321886	0.085709841
20221205	0.082230997	0.077482048	0.07951854	0.084450178	0.086595001	0.087953044	0.088075868	0.089855736	0.097198797	0.101462797	0.101910547	0.097021875	0.093404306	0.091516624	0.089987945	0.089101659	0.08279559	0.072871712	0.061299709	0.084814757
20221202	0.082230997	0.077416235	0.07951854	0.084450178	0.086595001	0.087930599	0.088075432	0.090253701	0.097166827	0.101439964	0.101838315	0.097028875	0.093393751	0.0915252	0.089980607	0.089185488	0.083286236	0.072658791	0.061124393	0.084607993
20221201	0.082230997	0.077557636	0.07951854	0.086662846	0.088433537	0.090025647	0.086516279	0.090206151	0.09718943	0.101257688	0.100199089	0.095664772	0.092263646	0.090894858	0.089346496	0.088441196	0.082573875	0.071163622	0.06032992	0.085253628
20221130	0.082230997	0.078155887	0.07951854	0.085003345	0.088433537	0.090008043	0.086508816	0.090245809	0.097243892	0.100873693	0.100439575	0.095686579	0.092678856	0.091516495	0.089843205	0.088771377	0.082260166	0.070775197	0.060936493	0.082445615
20221129	0.082230997	0.081147138	0.078973893	0.08389701	0.088065829	0.089639692	0.086821529	0.089569981	0.096252719	0.100152132	0.099953903	0.095566987	0.092628794	0.091008341	0.089334642	0.088351879	0.08173575	0.070130632	0.059708239	0.078858655
20221128	0.081285814	0.080214412	0.078066147	0.081131175	0.086411149	0.088998202	0.083236951	0.090126933	0.096848523	0.100055353	0.099576323	0.09512362	0.093083763	0.090825655	0.08895819	0.087855523	0.081847989	0.070535307	0.059422224	0.080087964
20221125	0.081285814	0.080214412	0.078066147	0.081131175	0.086411149	0.088861559	0.08769095	0.091396508	0.097741093	0.102584232	0.102182312	0.098822965	0.094912474	0.093926844	0.092393007	0.091429075	0.085364888	0.073892942	0.064097889	0.089373306
20221124	0.081285814	0.07973473	0.075887557	0.081499953	0.086411149	0.088326736	0.087850794	0.092568334	0.099987892	0.106473976	0.105393246	0.101699617	0.09764003	0.097605669	0.095923586	0.094939224	0.088148223	0.078128284	0.068018998	0.089372494
20221123	0.081285814	0.07984731	0.075887557	0.081315565	0.08549188	0.087767368	0.087933621	0.092083663	0.098720096	0.103616488	0.103090773	0.098494557	0.095393859	0.09419806	0.092687122	0.091647478	0.084566989	0.074974238	0.066533634	0.090817552
20221122	0.081285814	0.079011383	0.075887557	0.080578009	0.085308027	0.087292424	0.086228155	0.090883739	0.097895992	0.101376874	0.101208665	0.095971803	0.09299304	0.090886579	0.09000818	0.089336531	0.083309606	0.074433559	0.066625751	0.086289413
20221118	0.080969536	0.07935554	0.075887557	0.080393619	0.085308027	0.086782384	0.084306223	0.091680538	0.098420917	0.102248419	0.101752626	0.097584724	0.092869629	0.090905986	0.089738796	0.088976471	0.084001522	0.075198558	0.067038889	0.091038535
20221117	0.081285814	0.079468232	0.075342909	0.083343845	0.085308027	0.086743754	0.085975297	0.091053048	0.097668742	0.101722038	0.101196662	0.09684589	0.092133756	0.090428822	0.089104987	0.088387053	0.082887713	0.074369807	0.065466618	0.097393747
20221116	0.081096777	0.079561225	0.075524458	0.083528234	0.08549188	0.086744012	0.085821083	0.091596898	0.097613464	0.101534092	0.101934162	0.097057242	0.092053532	0.090809826	0.089343488	0.088475145	0.083532719	0.075118346	0.066563988	0.092384743
20221115	0.081285814	0.079631757	0.075524458	0.083528234	0.084756467	0.086123532	0.085107672	0.08954458	0.095547097	0.098920233	0.099470454	0.094290902	0.090387718	0.089400074	0.088123049	0.087162934	0.082052514	0.073281985	0.066788907	0.088107999
20221114	0.081285814	0.079195204	0.076432205	0.083528234	0.084572613	0.08554483	0.084571612	0.088473468	0.093567224	0.096485276	0.096023831	0.092281299	0.08836762	0.086979823	0.08511657	0.083824688	0.078333401	0.070436227	0.064114187	0.079996454
20221111	0.081962886	0.08074478	0.078066147	0.083159455	0.084572613	0.085620341	0.084505363	0.089223672	0.094393474	0.0969587	0.096911183	0.093905831	0.089974057	0.088782661	0.086761461	0.085404588	0.079321791	0.072612393	0.064978834	0.081327331
20221110	0.082041961	0.080774048	0.078066147	0.083159455	0.084756467	0.085620341	0.084777726	0.090097461	0.095110875	0.097606077	0.098534081	0.095840612	0.090782575	0.089955854	0.087951886	0.086646485	0.080956504	0.07364645	0.064673074	0.091213552
20221109	0.081285814	0.079894619	0.076250655	0.083159455	0.084756467	0.085346596	0.084597526	0.090310031	0.094983185	0.097019656	0.097207734	0.093888001	0.090135196	0.088774084	0.086711624	0.085354827	0.078554414	0.073318036	0.065661321	0.082077562
20221108	0.082041961	0.080960593	0.078247696	0.083343845	0.08494032	0.085329968	0.084599832	0.089025092	0.09249626	0.096118074	0.096017162	0.091650435	0.088907855	0.087827021	0.08581822	0.084359163	0.077682641	0.07278254	0.065039854	0.093321898
20221107	0.081285814	0.080933395	0.079881639	0.082790677	0.083653345	0.08442011	0.083702462	0.089967308	0.093557654	0.097264109	0.097543393	0.094150601	0.089675382	0.089737993	0.087992438	0.086753326	0.08012666	0.075132148	0.067979489	0.085182397
20221104	0.081435323	0.08066615	0.079881639	0.082790677	0.083653345	0.084400851	0.08341076	0.088366706	0.091195037	0.095646122	0.096458299	0.092759766	0.088259718	0.088947646	0.087411702	0.086283659	0.079224693	0.073439707	0.066579298	0.081340092
20221103	0.081285814	0.080400958	0.078973893	0.081499953	0.082734077	0.083471308	0.082610926	0.086977868	0.089732288	0.093667355	0.09365958	0.089404221	0.08650552	0.085415904	0.084001553	0.083045904	0.07697995	0.070094998	0.061304304	0.077761471
20221101	0.081285814	0.079881561	0.077158401	0.081499953	0.082734077	0.083462451	0.082250143	0.086478318	0.089672187	0.09349682	0.093020836	0.088459435	0.085976576	0.084751044	0.083166001	0.082148595	0.076883648	0.068975671	0.059856763	0.075821873
20221031	0.081285814	0.078895538	0.075706007	0.081315565	0.082550224	0.083457056	0.082794122	0.085541363	0.088768543	0.092189971	0.091595639	0.087042379	0.08456426	0.083741073	0.082243296	0.081241456	0.07579054	0.06801875	0.059195123	0.073099322
20221028	0.081285814	0.076858782	0.074435164	0.078918507	0.079608568	0.082571926	0.082433067	0.085373897	0.088328484	0.091667095	0.091410574	0.087229877	0.084807195	0.083768936	0.082263942	0.081249984	0.076106643	0.068291623	0.059500383	0.073480505
20221027	0.081285814	0.078023739	0.074435164	0.078734118	0.079608568	0.082505528	0.08194453	0.085241599	0.087352222	0.090999729	0.091199724	0.087466561	0.085052709	0.08400653	0.082487629	0.081551713	0.076743239	0.068959898	0.059827361	0.080908461
20221026	0.081285814	0.078348962	0.074435164	0.078734118	0.079608568	0.081753616	0.081293699	0.084720904	0.087405792	0.090746526	0.090210976	0.087096845	0.084543678	0.083688984	0.082454891	0.081728647	0.077524552	0.070662064	0.062846512	0.077607194
20221025	0.081285814	0.07775071	0.071893475	0.077627783	0.079424714	0.080257672	0.081356242	0.083359982	0.085704093	0.08947316	0.089384419	0.085739183	0.083515182	0.083169952	0.081682411	0.080760845	0.076172423	0.069795644	0.062606397	0.075329202
20221024	0.081285814	0.077858571	0.071530376	0.077627783	0.079424714	0.0802569	0.080993045	0.082613581	0.085269016	0.088893646	0.088822663	0.085799563	0.083623337	0.083033179	0.081424286	0.080373942	0.075812752	0.069658306	0.063859475	0.073223193
20221021	0.08009974	0.078056365	0.072619671	0.077443394	0.079424714	0.080069327	0.078813859	0.080574701	0.084385688	0.086796652	0.085673278	0.083052395	0.081069945	0.079913311	0.078291956	0.077344312	0.072611388	0.06474381	0.059388193	0.067796653
20221020	0.081285814	0.078348962	0.071530376	0.076890228	0.0786893	0.079728189	0.078809591	0.080114107	0.083663743	0.086228186	0.084898033	0.081443633	0.079766499	0.078931403	0.076949086	0.075778855	0.071319724	0.06272432	0.057274815	0.066769612
20221019	0.081285814	0.078615459	0.071348827	0.076890228	0.078321594	0.079732092	0.078809792	0.080027953	0.083781065	0.086499832	0.084933354	0.082179931	0.080396865	0.078544282	0.076558303	0.075532588	0.070982515	0.062796001	0.057335285	0.068342343
20221018	0.081285814	0.076606424	0.071167278	0.076152671	0.077770033	0.079359929	0.078084994	0.079431826	0.083678843	0.085339317	0.083953011	0.081317992	0.078975115	0.077619633	0.075901537	0.074971706	0.070441671	0.063176854	0.05672163	0.067398523
20221017	0.081285814	0.074779047	0.071348827	0.07652145	0.07813774	0.079544059	0.07826643	0.078731536	0.08211157	0.084719412	0.083131898	0.080080836	0.077771499	0.076242805	0.074666702	0.073804419	0.069651644	0.062265675	0.055783566	0.067550667
20221014	0.079584483	0.075576341	0.071348827	0.07652145	0.07813774	0.080758137	0.07860778	0.07940346	0.082020893	0.084454762	0.08331959	0.080421854	0.07795522	0.076014075	0.074383756	0.073571437	0.068961068	0.061428779	0.05494861	0.066551511
20221013	0.081285814	0.075923874	0.07080418	0.07652145	0.079976275	0.082566439	0.080987397	0.079022989	0.082018308	0.083947045	0.083469292	0.080648965	0.07798303	0.076048522	0.074031852	0.072947365	0.068591967	0.060802592	0.053723479	0.066472854
20221012	0.081285814	0.076327969	0.07080418	0.07652145	0.080895543	0.082864765	0.082438916	0.080455925	0.083490235	0.085747514	0.084906371	0.0816359	0.07888248	0.076749195	0.074817329	0.073806112	0.0686241	0.060270782	0.052102632	0.067471998
20221011	0.07955297	0.076163715	0.07080418	0.078549729	0.08181481	0.083329325	0.082984456	0.081976371	0.085129451	0.086428786	0.084946569	0.081153994	0.078535325	0.076416257	0.074686609	0.073710208	0.067734312	0.058596899	0.051390918	0.063771247
20221010	0.079942896	0.076942634	0.069714885	0.078918507	0.082182517	0.083283422	0.083122253	0.081507351	0.085302787	0.086166171	0.08482052	0.081151238	0.078210849	0.075684165	0.073645822	0.072484471	0.067332898	0.058240003	0.050719608	0.062778223
20221007	0.081285814	0.07722969	0.069714885	0.078918507	0.081998664	0.084153122	0.083529579	0.081473706	0.085106692	0.086158216	0.084938298	0.081016291	0.077836026	0.075295332	0.073380925	0.072362551	0.06675867	0.05774077	0.04996319	0.060501536
20221006	0.081285814	0.077538609	0.070077982	0.080393619	0.081998664	0.084124066	0.08389265	0.082798472	0.086342988	0.087910295	0.086371228	0.082901643	0.079359033	0.076919598	0.074761496	0.073487754	0.067846505	0.058170684	0.049909871	0.06464198
20221005	0.081285814	0.077466808	0.069714885	0.080024841	0.081998664	0.084109851	0.084075484	0.083693623	0.086576081	0.088699556	0.086785934	0.083415123	0.07966321	0.077145578	0.075141905	0.073945182	0.067826131	0.058361585	0.049564152	0.061552155
20221004	0.081285814	0.07786275	0.07516136	0.080762398	0.083653345	0.084545134	0.084257082	0.083605275	0.086784441	0.088393839	0.086375175	0.082994758	0.079476249	0.076831299	0.074569496	0.073174194	0.06691598	0.05813667	0.049078447	0.060825688
20221003	0.081038667	0.079151049	0.07516136	0.08020923	0.083659909	0.084526021	0.08422405	0.083965222	0.086896938	0.088411354	0.08688135	0.083884321	0.080235616	0.077167593	0.074815976	0.073416206	0.067187106	0.058218601	0.049168227	0.06098222
20220930	0.081285814	0.079468232	0.07516136	0.081131175	0.083664304	0.08451954	0.084257663	0.083633306	0.086625924	0.087903282	0.086784061	0.083387549	0.079678808	0.076821387	0.074507275	0.073151675	0.066788577	0.0576096	0.048869242	0.061869922
20220929	0.081285814	0.07833482	0.073164319	0.07836534	0.083469491	0.084706781	0.084620734	0.083202636	0.086860818	0.088130561	0.086537932	0.08335229	0.079864472	0.076694506	0.074291584	0.072938828	0.066181942	0.056863115	0.048963865	0.060750229
20220928	0.081285814	0.078800362	0.073164319	0.077443394	0.083101784	0.084823649	0.084620879	0.083204915	0.086630936	0.088084262	0.086432966	0.08298833	0.079806743	0.076882391	0.074417453	0.072960394	0.06676499	0.057304528	0.048588834	0.0615152
