DATE 	1	7	30	90	180	270	360	720	1080	1440	1800	2160	2520	2880	3240	3600
20230929	7.879999741	7.879999741	7.901378382	8.131344917	8.304276881	8.409341838	8.539380458	8.703201404	8.761625808	8.967780737	9.29114428	9.696159276	10.13377841	10.61008209	11.13795675	11.72442211
20230928	7.845794776	7.866634744	7.899861846	8.131881363	8.312047945	8.409198072	8.539435497	8.684360908	8.742671506	8.917973076	9.206283063	9.59477387	10.0154986	10.48447112	11.00506737	11.58328032
20230927	7.878891018	7.891423804	7.899369464	8.140084439	8.311868927	8.409168976	8.539413137	8.684495831	8.72321521	8.917957255	9.20697222	9.595408881	10.01607534	10.48052221	10.99565719	11.56771095
20230926	7.831397911	7.85636466	7.90229093	8.13076643	8.295685747	8.408102715	8.530491758	8.684681353	8.713597987	8.928241556	9.207505812	9.612631821	10.05312544	10.51186161	11.01817015	11.58029034
20230925	7.860357122	7.878260506	7.895579763	8.122511224	8.295571516	8.399113942	8.521496419	8.665908318	8.704204232	8.928788996	9.229778187	9.630984686	10.0656379	10.51545702	11.01158448	11.56224764
20230922	7.8427764	7.853292893	7.895579763	8.122511224	8.295571516	8.399113942	8.521496419	8.665908318	8.704204232	8.928730455	9.240401783	9.659904306	10.11488601	10.58218492	11.0974477	11.66968038
20230921	7.843809002	7.866027995	7.895579763	8.122511224	8.295571516	8.399113942	8.521496419	8.666055049	8.684840238	8.919699257	9.21964151	9.637646964	10.09167028	10.55769313	11.0714931	11.64206999
20230920	7.860357122	7.878260506	7.895579763	8.122511224	8.297813498	8.415773637	8.530596676	8.684723516	8.703710335	8.94824373	9.261421853	9.681796166	10.13777537	10.60636589	11.12310615	11.69700709
20230919	7.860357122	7.878260506	7.895579763	8.122511224	8.297813498	8.415773637	8.530546796	8.693908492	8.742227808	8.988428448	9.303010849	9.736778612	10.20814088	10.67246927	11.18257126	11.74901066
20230918	7.827260882	7.853793833	7.895579763	8.122743291	8.307823132	8.433672456	8.548387835	8.759503643	8.818772098	9.047023649	9.363368877	9.788409366	10.24967525	10.7157423	11.22896423	11.79892731
20230915	7.871727335	7.871730108	7.893170373	8.123348685	8.307828247	8.432291279	8.539401097	8.750069057	8.81898585	9.047460337	9.353019073	9.759632897	10.2004033	10.67159434	11.19300563	11.77219973
20230914	7.868631182	7.881251263	7.889032723	8.122297654	8.287837961	8.406902956	8.521530818	8.684408131	8.762092176	8.968679426	9.270385562	9.684983396	10.13498108	10.59410234	11.09998334	11.6616482
20230913	7.893453363	7.902728833	7.895579763	8.122277475	8.286134737	8.384538846	8.477083877	8.609687034	8.66679924	8.890673795	9.168402758	9.611943512	10.09663891	10.53786168	11.01870849	11.55218933
20230912	7.876905243	7.890494669	7.895579763	8.122277475	8.286134737	8.386086039	8.485619988	8.609636438	8.666668073	8.890335205	9.210987377	9.646904105	10.12011246	10.57967063	11.08378324	11.64345355
20230911	7.868631182	7.886526833	7.90374674	8.122491043	8.292337268	8.369111427	8.476519733	8.581494595	8.647794738	8.871204823	9.169555502	9.614107421	10.09862993	10.55785221	11.06043721	11.61837583
20230908	7.8427764	7.853292893	7.895579763	8.122511224	8.292347497	8.366595529	8.458410381	8.590915686	8.666964411	8.931828403	9.212098118	9.68625951	10.20626907	10.68729571	11.21278162	11.79657411
20230907	7.847946032	7.86462272	7.88538253	8.123074576	8.294466722	8.387333719	8.494563726	8.618597101	8.723872659	9.011262762	9.338162528	9.837664538	10.38423498	10.90429573	11.47455556	12.10904702
20230906	7.841657746	7.862552832	7.895651978	8.122048771	8.277383339	8.377210223	8.47630474	8.656244362	8.781844811	9.071274032	9.400441793	9.902898523	10.45288072	10.98641715	11.5727498	12.22550038
20230905	7.839671971	7.861894831	7.89141421	8.105291155	8.270389723	8.375789682	8.468159057	8.67522653	8.791449079	9.091048371	9.442957964	9.960203253	10.52594365	11.06930889	11.66606823	12.33067833
20230904	7.83388013	7.856110058	7.885696013	8.106004175	8.297065033	8.404048183	8.503254633	8.721564607	8.877536103	9.170315015	9.546801335	10.08208411	10.66733488	11.22027477	11.82681614	12.50257099
20230901	7.826233244	7.836758587	7.879162103	8.106020991	8.297071853	8.406822516	8.521233268	8.740290417	8.896407819	9.200145816	9.567367152	10.1031369	10.6896445	11.25350247	11.87324558	12.56403514
20230831	7.822296445	7.843176562	7.876516371	8.106414496	8.288189175	8.399336435	8.521403543	8.703004077	8.819542902	9.089508889	9.440566915	9.957978428	10.52387661	11.06729246	11.66410012	12.32876073
20230830	7.835534942	7.856361353	7.889733546	8.123452947	8.304471242	8.405227403	8.512198371	8.721608456	8.857995602	9.150015387	9.493219761	10.01844146	10.5940931	11.12353164	11.70238864	12.34666884
20230829	7.83388013	7.854686596	7.888133304	8.122302699	8.286994021	8.396498776	8.503428347	8.674491193	8.839679317	9.070281992	9.408221647	9.923646756	10.48792338	11.00129661	11.56172456	12.18509209
20230828	7.827260882	7.847992525	7.881733978	8.122319516	8.286155196	8.384552538	8.477092476	8.665655335	8.7818691	9.050678532	9.378461882	9.88001531	10.42894069	10.91939469	11.45353072	12.04713134
20230825	7.846911774	7.854357595	7.885551581	8.122309427	8.286150082	8.386094597	8.485477231	8.637469642	8.743324098	9.010846644	9.337132682	9.825026768	10.3581594	10.85284502	11.39364253	11.99476741
20230824	7.843809002	7.861731159	7.879162103	8.104388111	8.232879592	8.323893719	8.422463431	8.553683317	8.667939252	8.953183359	9.342225909	9.827253111	10.35302684	10.85095232	11.39641014	12.00280392
20230823	7.831397911	7.84809172	7.868966511	8.104420062	8.232894937	8.322519388	8.413542051	8.534960879	8.649090205	8.913740691	9.235935486	9.707222463	10.22123009	10.70230777	11.2284565	11.81300459
20230822	7.816835566	7.837654656	7.871238033	8.104415016	8.232045883	8.319036496	8.440450666	8.553853658	8.638872209	8.912914783	9.235580796	9.706895059	10.22092757	10.70201464	11.22817493	11.8127296
20230821	7.839671971	7.852373678	7.860198827	8.088377147	8.24852913	8.322377335	8.413345977	8.563249451	8.658709047	8.892749643	9.213367536	9.66067027	10.14701666	10.6177958	11.13418829	11.70770362
20230818	7.861305329	7.860704482	7.864705764	8.088360331	8.248796805	8.3223722	8.413342537	8.563247766	8.658707428	8.89274806	9.21336598	9.66067027	10.14701666	10.6177958	11.13418829	11.70770218
20230817	7.847946032	7.860535848	7.868616921	8.104885878	8.247040728	8.313374869	8.404187244	8.563244392	8.668347323	8.923097823	9.256208838	9.705801689	10.19410683	10.66744954	11.18676717	11.76359881
20230816	7.827260882	7.843907306	7.864966728	8.104895968	8.247045842	8.313378292	8.404288721	8.544321254	8.668643661	8.903551322	9.213691113	9.660417485	10.14678566	10.62666426	11.15405765	11.73998425
20230815	7.843809002	7.856353088	7.864617136	8.104196402	8.223301304	8.304634262	8.39542066	8.526153693	8.592021643	8.813533627	9.109449492	9.54537403	10.02000524	10.4967936	11.02152717	11.60441288
20230814	7.827260882	7.849496996	7.879162103	8.104621859	8.239257729	8.313427925	8.404276682	8.554093149	8.629965873	8.873062326	9.171804985	9.627748718	10.12541193	10.60492834	11.13075686	11.71491231
20230811	7.851048805	7.851581763	7.870954093	8.096376743	8.239446976	8.313463867	8.404302481	8.554108328	8.629975589	8.872896194	9.203767562	9.674276551	10.18669562	10.67493052	11.20987977	11.80435445
20230810	7.818986822	7.841232323	7.870954093	8.096144676	8.232086801	8.313528904	8.404450397	8.535210489	8.629846042	8.914215352	9.172730603	9.637965233	10.14906878	10.63086653	11.15813686	11.74392942
20230809	7.827260882	7.845200159	7.862744443	8.087897877	8.232987002	8.321239189	8.404976701	8.553809808	8.668224254	8.953759279	9.278148301	9.74545557	10.25487339	10.74661185	11.28614023	11.88580928
20230808	7.810878242	7.831630158	7.865478805	8.106217743	8.27581651	8.359133409	8.458288266	8.628191907	8.762665421	9.112770396	9.488765907	9.979434779	10.5130601	11.03919791	11.6181959	12.26262491
20230807	7.843809002	7.857434323	7.862744443	8.088599124	8.259655494	8.35196909	8.458396622	8.618693235	8.782448822	9.092663795	9.488170091	9.96237477	10.47557931	11.00282551	11.58519022	12.23343268
20230804	7.760057311	7.766281541	7.862744443	8.088599124	8.259655494	8.35196909	8.458496379	8.599753231	8.782533027	9.103425922	9.488748797	9.962353457	10.47555845	11.00280783	11.58516979	12.23341098
20230803	7.78589058	7.810853573	7.857252741	8.089058214	8.259664018	8.350593047	8.449420204	8.609346351	8.772776541	9.113251384	9.532327481	9.997653631	10.49921679	11.0128635	11.57986943	12.21068792
20230802	7.790027611	7.816601977	7.858580531	8.071612806	8.240139177	8.313561423	8.404474476	8.534640434	8.706476156	9.065381919	9.471961676	9.933686624	10.43185719	10.93668533	11.49328841	12.11231488
20230801	7.784897694	7.811476854	7.853515561	8.070260762	8.208863969	8.253737813	8.359260436	8.469667621	8.631146367	8.936456339	9.303545995	9.744584519	10.2210453	10.70369968	11.23546966	11.82636403
20230731	7.821634521	7.839580711	7.857029529	8.05231422	8.18703918	8.258930489	8.341892383	8.460727197	8.583733893	8.836106877	9.176223058	9.610918664	10.08146329	10.56540535	11.09923491	11.69241213
20230728	7.809688434	7.817853498	7.84624636	8.053072643	8.194818769	8.260339049	8.350505892	8.460951508	8.54475167	8.84609847	9.177634041	9.611669407	10.08215329	10.55700085	11.07984408	11.66061487
20230727	7.846456701	7.860077894	7.865196505	8.05436583	8.213114357	8.280586041	8.386373725	8.5165319	8.649431884	8.975212331	9.344739856	9.787649489	10.26623833	10.75156086	11.28637366	11.88071646
20230726	7.823123851	7.841068649	7.858500109	8.054382648	8.213122881	8.278070143	8.368522365	8.479250621	8.59241838	8.885724673	9.207787386	9.613815042	10.05277074	10.51953114	11.03568768	11.60890656
20230725	7.810712762	7.828670814	7.84624636	8.054414598	8.21313993	8.278080412	8.368529246	8.479253995	8.592931709	8.815050956	9.153630217	9.553004813	9.982974522	10.44095064	10.94733549	11.50952046
20230724	7.798301672	7.820569813	7.850411913	8.070338116	8.208867379	8.252479864	8.350285738	8.460997046	8.535704453	8.755549155	9.070606234	9.442572413	9.842549004	10.282246	10.76943915	11.30997543
20230721	7.801417683	7.804232246	7.854497042	8.069266907	8.195570643	8.267744691	8.350860201	8.43283159	8.506841446	8.756390886	9.051014261	9.432404634	9.844537053	10.28514473	10.77224325	11.31267307
20230720	7.826764438	7.84470418	7.862053467	8.043499025	8.174964877	8.221662678	8.296889895	8.322605156	8.345865093	8.559607905	8.845973692	9.230357155	9.646005142	10.08084574	10.56051398	11.09250493
20230719	7.818986822	7.836935485	7.854375589	8.043211463	8.167209158	8.220432112	8.287684725	8.330611228	8.384233586	8.599517323	8.887207999	9.273234816	9.690752575	10.12361503	10.60075458	11.12992902
20230718	7.827922806	7.841564629	7.846860197	8.04340149	8.167219387	8.220437247	8.287689886	8.330759646	8.364940844	8.599484096	8.887858266	9.279516391	9.703485613	10.15066381	10.6444164	11.19226008
20230717	7.792178867	7.814452731	7.844247289	8.043953069	8.174987041	8.216146528	8.260497478	8.312082745	8.355500128	8.640192523	8.952757262	9.35346844	9.786485801	10.23390463	10.72712101	11.27440524
20230714	7.805553058	7.807234576	7.84212348	8.044006882	8.174988747	8.218914016	8.278596511	8.358495029	8.441219563	8.718838947	9.076654637	9.496173676	9.948022762	10.39611335	10.88839562	11.43469541
20230713	7.812698536	7.830653078	7.848207683	8.052053564	8.17480291	8.216115721	8.260473399	8.330710735	8.384448958	8.619696703	8.929725725	9.386921453	9.884748044	10.29715788	10.74194973	11.2349333
20230712	7.798301672	7.820569813	7.85033149	8.051999753	8.174801204	8.216114009	8.260473399	8.312288504	8.327153689	8.559989217	8.889141684	9.345590963	9.84122116	10.25116731	10.69319473	11.18307446
20230711	7.802438701	7.824701324	7.854414979	8.05189549	8.175916228	8.223738721	8.260473399	8.302961859	8.307919243	8.559951244	8.93228945	9.38111956	9.86533553	10.28434345	10.73839282	11.24174254
20230710	7.773479491	7.804367813	7.858419687	8.037387919	8.192322754	8.213110335	8.243007309	8.266721183	8.232317404	8.441575775	8.765749897	9.216880318	9.706388697	10.11801055	10.56258861	11.05527911
20230707	7.768329716	7.773418687	7.854334557	8.034525756	8.155141674	8.174882375	8.188230348	8.218951222	8.291926701	8.354524704	8.628165829	9.054882647	9.518956466	9.911332783	10.33521072	10.8046799
20230706	7.762061288	7.792961936	7.847227842	8.049174585	8.121494911	8.160151534	8.189098922	8.201962563	8.291363174	8.464316737	8.766255487	9.216263582	9.705817916	10.14397821	10.62044157	11.14886902
20230705	7.806575732	7.824537651	7.842164512	8.052208277	8.175931572	8.226514766	8.278577591	8.330579183	8.384236824	8.609293738	8.950649343	9.376007499	9.835249567	10.28699324	10.78288479	11.3331978
20230704	7.779602294	7.806186404	7.848207683	8.051570932	8.163678251	8.194754546	8.269559893	8.312254774	8.346265066	8.579880637	8.931104039	9.344634641	9.789657139	10.22904987	10.71142279	11.24651988
20230703	7.783739326	7.810319567	7.852292812	8.050982356	8.153666911	8.175491666	8.242787156	8.257630656	8.328102618	8.541879354	8.869568378	9.262371115	9.68501943	10.11314991	10.5840949	11.10631156
20230630	7.789009902	7.792960283	7.858500109	8.050824281	8.159259077	8.22054336	8.287707084	8.340199289	8.364885786	8.599234108	8.887698032	9.262325431	9.66681555	10.07992957	10.53458709	11.03854036
20230629	7.76934246	7.80023465	7.854414979	8.050442547	8.15441367	8.237740465	8.296812498	8.330806869	8.345351762	8.619101796	8.952033879	9.353891781	9.786873275	10.2076321	10.66876764	11.18002949
20230628	7.810712762	7.828670814	7.84624636	8.052104013	8.178166732	8.252793067	8.350469772	8.470713284	8.516502391	8.735184657	9.060166204	9.460885683	9.893123472	10.3509859	10.85694953	11.41862384
20230627	7.814849791	7.832802322	7.85033149	8.051999753	8.178161618	8.250066655	8.332886725	8.442750215	8.478559781	8.696090074	8.998243185	9.395312116	9.824734081	10.26547383	10.75102582	11.28971122
20230626	7.833052725	7.850986588	7.868300153	8.051059711	8.169253368	8.242643899	8.332817928	8.386596394	8.421167352	8.677704908	8.948410749	9.358706896	9.805337966	10.26401415	10.76947855	11.33055369
20230623	7.782392308	7.790572967	7.819130878	8.018048975	8.14225412	8.207262156	8.29675402	8.368211268	8.42202236	8.678215957	9.055394998	9.44078007	9.852158393	10.31930478	10.83849681	11.41505062
20230622	7.78589058	7.803875141	7.821581301	8.017502439	8.13224619	8.189462603	8.278790865	8.330678691	8.422469296	8.699695907	9.056658192	9.475248794	9.926049934	10.37286324	10.86369861	11.40836005
20230621	7.775134304	7.793130569	7.810962261	8.019224447	8.160034818	8.219314507	8.278771945	8.38646147	8.498085708	8.859331992	9.182198346	9.603778224	10.06067822	10.5377291	11.06455289	11.64980981
20230620	7.76520543	7.787509467	7.81749617	8.019059644	8.160026294	8.222075148	8.296867537	8.38636871	8.497824995	8.859006058	9.203372424	9.626909653	10.08469573	10.57663051	11.12139773	11.72693017
20230619	7.769507942	7.791806304	7.82182585	8.036321754	8.177433614	8.243939502	8.341668789	8.423305934	8.554746198	8.877329519	9.264284267	9.681235777	10.12868012	10.61321059	11.15006452	11.74667193
20230616	7.793145277	7.794831779	7.829830342	8.036118275	8.177425089	8.245192317	8.350490412	8.460750809	8.592377897	8.977637844	9.305909043	9.721329748	10.17107738	10.68575946	11.25895865	11.89671276
20230615	7.769507942	7.791806304	7.82182585	8.036321754	8.177433614	8.245199161	8.350296058	8.497834761	8.688757405	9.036810549	9.474127153	9.93736725	10.43523866	10.97713183	11.57881317	12.24899483
20230614	7.767025724	7.789326406	7.819375429	8.035415346	8.160786693	8.236393518	8.341383277	8.479943795	8.572749951	9.017570994	9.39261216	9.836898572	10.31712129	10.86030832	11.46524021	12.13907864
20230613	7.781753552	7.804038813	7.833913831	8.036014013	8.176298132	8.237516259	8.350505892	8.44204355	8.573596863	8.917014264	9.327776946	9.771690475	10.24875276	10.79695492	11.40825239	12.08930237
20230612	7.815677198	7.829332119	7.834811607	8.05239494	8.175940096	8.234937035	8.332412019	8.442116072	8.573404162	8.977925805	9.392996408	9.886278613	10.42030596	11.00098877	11.64633894	12.36626299
20230609	7.79231787	7.800494213	7.828932565	8.018284405	8.150006429	8.209711306	8.314447144	8.423715765	8.554885461	8.938310676	9.35099205	9.842356306	10.37417853	10.9332873	11.55251278	12.24263567
20230608	7.794164641	7.807842976	7.813412681	8.019163907	8.157791132	8.20714235	8.296564827	8.386311366	8.516957424	8.899113251	9.310115547	9.787820038	10.30388901	10.88562053	11.5339448	12.25721224
20230607	7.789365687	7.803048508	7.808675967	8.017347728	8.127549112	8.20487633	8.27895254	8.405382922	8.517001147	8.91894613	9.35300974	9.857055957	10.40219149	10.97297818	11.6051296	12.30999296
20230606	7.790027611	7.808008304	7.825666431	8.017882491	8.145026335	8.220079545	8.278854503	8.404804433	8.574748209	8.95924635	9.415740147	9.959147947	10.54849918	11.14984985	11.81501475	12.557621
20230605	7.735418814	7.766347671	7.820765588	8.018975562	8.160022885	8.219305949	8.278765066	8.40475721	8.574276982	9.019746519	9.535119889	10.12829824	10.77208881	11.40967661	12.11391883	12.90135857
20230602	7.760057311	7.762887387	7.813412681	8.018195278	8.145041677	8.225131879	8.314669017	8.423218232	8.611939448	9.089920261	9.609492851	10.21834788	10.88042392	11.5406181	12.27085161	13.08818671
20230601	7.76934246	7.791640976	7.821581301	8.018471069	8.152256936	8.225059996	8.314565821	8.432418385	8.640609755	9.140463645	9.673911151	10.2925649	10.96538385	11.63657173	12.37930366	13.21103832
20230531	7.836527829	7.841566282	7.822561142	8.018930158	8.163376478	8.253260306	8.350614247	8.478660327	8.72666763	9.199577807	9.756784238	10.38114198	11.05919012	11.73690733	12.48720717	13.32767404
20230530	7.835534942	7.840574323	7.821581301	8.019438014	8.1700257	8.244059306	8.341558712	8.46026508	8.669192614	9.118860283	9.64978754	10.25553786	10.91325798	11.58994338	12.3409349	13.18217752
20230529	7.852083062	7.84851165	7.805245704	8.020991857	8.195862185	8.261751033	8.359745462	8.441336884	8.63996688	9.098818554	9.61825588	10.22776491	10.89057875	11.55644319	12.2935878	13.11887538
20230526	7.8427764	7.839061586	7.796995023	8.003551493	8.164890455	8.258286967	8.333144718	8.460496139	8.640446201	9.078270521	9.607030243	10.22257519	10.89173075	11.55810907	12.29523786	13.12050931
20230525	7.85042825	7.851155221	7.819826779	7.990522091	8.094364385	8.191410286	8.287710524	8.404822985	8.612651955	9.101104833	9.632295705	10.23673728	10.89297664	11.59721373	12.38230909	13.26290874
20230524	7.857047498	7.857768282	7.826239235	7.966723418	8.107778762	8.1732188	8.269571934	8.386395695	8.574733635	9.040672698	9.612056577	10.22959379	10.89832975	11.59381716	12.36685597	13.23352837
20230523	7.854068836	7.854792404	7.823258683	7.957630749	8.087955559	8.138920434	8.242396727	8.367889136	8.575287447	9.062111511	9.612963527	10.28926193	11.0281772	11.74699981	12.5417994	13.43365375
20230522	7.847946032	7.848675323	7.817213871	7.956816833	8.072435594	8.139050508	8.242491324	8.367647958	8.613702904	9.123068935	9.699260618	10.38128055	11.12553037	11.87095962	12.69819674	13.62765151
20230519	7.834503994	7.835538477	7.821379423	7.976016201	8.123136758	8.17432956	8.278281759	8.423332917	8.670203079	9.20234824	9.783334673	10.43379605	11.14103236	11.89496681	12.73653634	13.68263059
20230518	7.827260882	7.828012814	7.797077086	8.020078723	8.160051868	8.227539953	8.331937313	8.553981837	8.803471014	9.319932607	9.95054316	10.62492958	11.35731809	12.08804802	12.89843828	13.80836798
20230517	7.777616521	7.795608815	7.813412681	8.018195278	8.142260939	8.209788322	8.314104874	8.498035462	8.726946155	9.240472934	9.800922951	10.43949743	11.13418448	11.82770279	12.5958343	13.45687466
20230516	7.76934246	7.791640976	7.821581301	8.017986754	8.14225071	8.209779764	8.314199471	8.479414217	8.688765503	9.159277587	9.736479767	10.38489569	11.08969636	11.77109684	12.52323142	13.36581597
20230515	7.818986822	7.824044976	7.805204672	8.010202409	8.142450187	8.212343586	8.331980312	8.535348787	8.784528046	9.279641881	9.907535403	10.56742687	11.28281105	11.96755104	12.72281643	13.56900802
20230512	7.822096214	7.823138988	7.809289803	8.010098146	8.142445071	8.212340162	8.331976872	8.535348787	8.784380687	9.30011397	9.92968021	10.60286106	11.33384453	12.03290762	12.80427948	13.6690584
20230511	7.896432024	7.892812547	7.848985645	8.0071519	8.104619529	8.160238819	8.286778312	8.489014083	8.737416768	9.241044109	9.844990115	10.52442436	11.26419734	11.95926437	12.7247787	13.58280019
20230510	7.858205866	7.858923915	7.827585079	8.007214121	8.096880859	8.160317548	8.286688875	8.517201463	8.766428752	9.240085294	9.865079897	10.5469162	11.28807327	12.00969728	12.80789183	13.70369512
20230509	7.856220092	7.856941651	7.825666431	8.015946915	8.105587928	8.167897762	8.286953746	8.470129735	8.728092644	9.200718573	9.801682119	10.45460063	11.16326897	11.84959485	12.60745042	13.45663441
20230508	7.839671971	7.84041065	7.809248771	7.99899423	8.089317796	8.159165713	8.278094285	8.451833996	8.670530185	9.140531679	9.694629416	10.36367233	11.0940629	11.77753352	12.5296216	13.37214908
20230505	7.834503994	7.835538477	7.821500879	7.998683124	8.094318352	8.189998302	8.278369477	8.460956568	8.689775967	9.140262705	9.671688113	10.36262008	11.1200759	11.81221645	12.57224612	13.42394279
20230504	7.835534942	7.836277487	7.805245704	8.017435174	8.125620837	8.200989525	8.305197254	8.479122443	8.747069616	9.200321439	9.756446654	10.46537602	11.24260304	11.94909529	12.72488084	13.59476595
20230503	7.876905243	7.869394044	7.812777508	8.017226649	8.127543997	8.207395652	8.296253515	8.478975713	8.766066022	9.281795256	9.910041568	10.61850485	11.39099117	12.0965674	12.87177316	13.74097306
20230502	7.827260882	7.828012814	7.797077086	8.019612908	8.143401536	8.221253631	8.340772694	8.590873523	8.938810076	9.462302142	10.09977445	10.83170233	11.63179963	12.33542709	13.10546097	13.96862487
20230428	7.810712762	7.815118998	7.798252237	8.037075133	8.179977368	8.266099943	8.385687465	8.66563847	8.995352354	9.541682706	10.16204283	10.8473583	11.59392243	12.3118279	13.10498681	13.99491247
20230427	7.874375035	7.870640606	7.828320369	8.02601662	8.144980301	8.233389843	8.367791387	8.609747751	8.918765962	9.440936111	10.05550972	10.7103179	11.42109055	12.11486997	12.88181361	13.74146655
20230426	7.860357122	7.861073159	7.829667856	8.001378805	8.142598515	8.20983111	8.313640487	8.591227699	8.920135917	9.40137478	9.967977433	10.64026729	11.37442959	12.05702234	12.80776052	13.64871894
20230425	7.860357122	7.861073159	7.829626824	7.993177411	8.142777533	8.209860205	8.313661127	8.591531278	8.881626541	9.318912089	9.968983947	10.58504118	11.24760296	11.96618858	12.76862581	13.66933917
20230424	7.823123851	7.828176487	7.809207739	7.993695357	8.142803107	8.213658014	8.340746896	8.591389607	8.881224945	9.318940569	9.902568183	10.54827912	11.24982946	11.91219707	12.64128917	13.45732186
20230421	7.843809002	7.84454216	7.813250195	7.984424437	8.125208245	8.197207121	8.332167787	8.497829702	8.766205284	9.179078822	9.733116433	10.3805694	11.08561296	11.72790481	12.43189569	13.21908062
20230420	7.801417683	7.799707258	7.78870659	7.978311649	8.143595899	8.214992979	8.350277138	8.507070332	8.765628801	9.198916447	9.754769652	10.3672159	11.03131724	11.68686325	12.41126476	13.22190852
20230419	7.814849791	7.819911813	7.800958698	7.97828138	8.141889266	8.194602223	8.314154752	8.478982459	8.766459519	9.200465422	9.712228599	10.33218679	11.00789137	11.65314949	12.36371631	13.15845586
20230418	7.781753552	7.795445141	7.801160575	8.01947333	8.160045048	8.225015496	8.314435104	8.450343082	8.766786626	9.160218996	9.690458701	10.35857246	11.08923288	11.7238145	12.4157481	13.18908808
20230417	7.818473831	7.817739423	7.805245704	8.019855063	8.170047864	8.246595742	8.358873448	8.600618433	8.861130632	9.318416861	9.880669166	10.56050725	11.30351863	11.97227617	12.70504357	13.52530002
20230414	7.772465091	7.777543583	7.795512952	8.053615814	8.177111382	8.242643899	8.331923554	8.553652959	8.823144299	9.27897261	9.883284225	10.57138618	11.32128885	12.00620646	12.75819581	13.60060121
20230413	7.752794341	7.762219467	7.755224608	7.799175851	7.858126087	7.879993432	7.919187201	8.183518406	8.505238305	9.072134749	9.712304818	10.43345646	11.21959297	11.9136317	12.67312771	13.52420737
20230412	7.752794341	7.762219467	7.755346063	7.825222886	7.883104995	7.907579314	7.999034151	8.239191559	8.542163973	9.089784192	9.730546482	10.42879516	11.18797201	11.90802427	12.70237953	13.59373696
20230411	7.76934246	7.774453631	7.75526564	7.806406933	7.850489713	7.945278424	8.044511343	8.267225464	8.541427178	9.068168174	9.685421469	10.38028311	11.13686253	11.85354376	12.64396634	13.53077058
20230410	7.7610684	7.766187304	7.746975568	7.781052737	7.827461244	7.891571699	7.990532438	8.19316381	8.446837032	8.969438883	9.603506674	10.3067346	11.07174581	11.78437378	12.56888908	13.44885841
20230405	7.718698594	7.7269206	7.755224608	7.795790694	7.80159066	7.871343534	7.954497772	8.184187967	8.428158016	8.970084421	9.626745113	10.32014292	11.07223015	11.78379344	12.56830987	13.44827953
20230404	7.558353928	7.615257409	7.742729592	7.746430983	7.798354705	7.886895893	7.955779133	8.146392289	8.447635363	8.991233691	9.692622622	10.40385462	11.17408847	11.90337131	12.70800084	13.61125287
20230403	7.68660186	7.713287774	7.755103154	7.771680916	7.814004245	7.889202989	7.972784277	8.165054011	8.446895327	9.031203231	9.714210508	10.4133478	11.17078449	11.90398995	12.71477765	13.62516226
20230331	7.756931371	7.774946304	7.791859476	7.770749284	7.813959915	7.889173893	7.972959712	8.12754336	8.428088385	8.991382417	9.715554595	10.40482923	11.14786832	11.86339763	12.65378794	13.54055389
20230330	7.781753552	7.795445141	7.800351427	7.841931734	7.914924074	7.979908821	8.080353376	8.275693651	8.588253454	9.179047178	9.858966158	10.59048368	11.38668573	12.10253864	12.88801119	13.76908418
20230329	7.786031241	7.791839369	7.805578884	7.844701408	7.963714012	7.999895663	8.116382885	8.256657514	8.558809107	9.148357241	9.837820082	10.56868624	11.36340889	12.07754311	12.86103824	13.73982395
20230328	7.777616521	7.791311978	7.796428782	7.875798429	7.931973358	7.992082686	8.063177958	8.238265641	8.540513873	9.129309133	9.7954657	10.55929204	11.39431751	12.11333664	12.89875194	13.77975755
20230327	7.777616521	7.791311978	7.796185875	7.825155621	7.907524684	7.971912714	8.027287765	8.163606948	8.503254622	9.09129361	9.755261241	10.49212867	11.29536674	12.00543464	12.7830037	13.65494351
20230324	7.793337235	7.807016345	7.812109511	7.911104614	7.98451755	8.05055935	8.152568909	8.274354528	8.635259476	9.187924902	9.877898534	10.66031807	11.51588192	12.23451559	13.0173889	13.89543085
20230323	7.773479491	7.791477303	7.808682531	7.876454272	7.953303718	8.025521884	8.081170354	8.181450691	8.540368133	9.15089509	9.840800723	10.58373918	11.39272439	12.12968609	12.93996565	13.84976041
20230322	7.775586067	7.777444387	7.813332259	8.000825544	8.129322238	8.228243377	8.33235354	8.515297344	8.929630072	9.495213488	10.2135196	10.98037087	11.81671624	12.5549517	13.36411133	14.2724954
20230321	7.794164641	7.807842976	7.813332259	8.001794172	8.146821624	8.243052946	8.333222117	8.515599237	8.87107658	9.464395394	10.17107653	10.93473388	11.76804189	12.50273653	13.30781651	14.21148713
20230317	7.794164641	7.807842976	7.813493104	8.037500589	8.199150993	8.299092441	8.404366119	8.589939171	8.937289521	9.48164454	10.14323491	10.89116944	11.70872092	12.41856039	13.19448575	14.06443194
20230316	7.809688434	7.814928872	7.831714524	8.064107612	8.246938433	8.378723186	8.530180446	8.776999955	9.108341369	9.659407891	10.33114299	11.05356456	11.84085893	12.54778297	13.32321712	14.19253267
20230315	7.794164641	7.810845307	7.832134691	8.074730579	8.291205195	8.432772209	8.638031619	8.9269498	9.251543918	9.777077698	10.45472769	11.14765878	11.90001598	12.57841537	13.32217105	14.15486832
20230314	7.800783889	7.813249155	7.822188571	8.074979462	8.29121713	8.430009856	8.620046104	8.90825772	9.222476875	9.778057085	10.44550729	11.12470855	11.86163655	12.5516715	13.31138218	14.16251842
20230313	7.784235769	7.800805026	7.822538163	8.074979462	8.287855011	8.404327156	8.601766478	8.899219477	9.193874582	9.71668512	10.34603378	11.05526553	11.82982632	12.51543608	13.26582957	14.10622525
20230310	7.77199016	7.792505635	7.827466908	8.090305996	8.274195123	8.418445282	8.592982694	8.889476253	9.22314404	9.778860836	10.48003982	11.16274825	11.90160762	12.60949408	13.39107845	14.26748362
20230309	7.773788941	7.783382916	7.830381811	8.090235368	8.274190008	8.417057259	8.583935757	8.889381806	9.243133097	9.758271669	10.434291	11.12592071	11.87677044	12.57381837	13.34077261	14.20026815
20230308	7.79135146	7.807796686	7.829835266	8.090235368	8.274190008	8.417057259	8.583985636	8.879873012	9.242929061	9.800233201	10.45725408	11.14886788	11.90115903	12.59482964	13.35745854	14.21194591
20230307	7.825275107	7.833523147	7.829933741	8.090215188	8.274190008	8.42259737	8.619963546	8.91710707	9.320265206	9.881564616	10.5429818	11.2146653	11.94338042	12.65373482	13.43941619	14.32053932
20230306	7.810712762	7.822882732	7.832622148	8.108504784	8.307144572	8.441387876	8.646672646	8.982761251	9.397411888	9.962013167	10.65059609	11.32969961	12.06556927	12.79503242	13.60365535	14.51128515
20230303	7.867072349	7.863022359	7.823265248	8.108713307	8.307154801	8.437237501	8.619837989	8.926551773	9.300574106	9.839552458	10.49819591	11.16750856	11.89346019	12.61056341	13.4048859	14.29603906
20230302	7.852083062	7.851851246	7.823572165	8.108713307	8.307154801	8.438622102	8.628883205	8.92649443	9.300578965	9.818754435	10.4530818	11.11887468	11.84216741	12.54561042	13.32329591	14.19521729
20230301	7.868631182	7.864295375	7.823220933	8.108713307	8.307154801	8.442779323	8.655874377	8.954582304	9.339031665	9.858988204	10.49541284	11.18860095	11.94412556	12.65667772	13.44233553	14.32342512
20230228	7.818986822	7.827164687	7.823854465	8.090857576	8.284206463	8.434962923	8.602289342	8.861214664	9.165207516	9.635146435	10.23623377	10.91353185	11.65194237	12.34379624	13.10559081	13.95923374
20230227	7.825109626	7.829065943	7.813425812	8.091119914	8.280857983	8.406517871	8.566283912	8.786599821	9.030357492	9.473455072	10.0435078	10.72107806	11.46132093	12.13076869	12.86470458	13.68627619
20230224	7.832850836	7.833347901	7.821988337	8.090899618	8.280846049	8.406511024	8.566178996	8.805296961	9.069098436	9.513965724	10.08596797	10.76594908	11.50901615	12.18179079	12.91954919	13.74551014
20230223	7.809057949	7.817122755	7.814256297	8.09110646	8.279736141	8.393341068	8.530293963	8.73969169	8.99263997	9.413654233	10.0021226	10.66620677	11.38919985	12.04270699	12.75875606	13.55975294
20230222	7.850097288	7.854132753	7.83799896	8.108346709	8.307136047	8.426143587	8.548389556	8.757685536	9.069650627	9.515244142	10.13152701	10.82839326	11.58846498	12.25720156	12.98826254	13.806475
20230221	7.827260882	7.839617083	7.848619642	8.108089417	8.307124112	8.42890423	8.566261553	8.794961756	9.146528499	9.658195927	10.2838105	10.97681816	11.73230624	12.45056998	13.24328595	14.13265179
20230220	7.818986822	7.831249907	7.840621716	8.108296258	8.304894065	8.419177801	8.601878273	8.870268087	9.2230987	9.779501626	10.43541729	11.15070286	11.93093055	12.66432956	13.47327828	14.38135801
20230217	7.799431908	7.806814645	7.838801544	8.091943921	8.305255509	8.419237704	8.60202447	8.851279174	9.223454954	9.759520029	10.37994558	11.05935579	11.79948849	12.54182352	13.36595543	14.2917176
20230216	7.818986822	7.835743482	7.856550276	8.090993791	8.296342145	8.408960175	8.584044115	8.823386941	9.165617207	9.677965516	10.28232329	10.96187944	11.70296094	12.42859248	13.23190474	14.13355342
20230215	7.835534942	7.848189263	7.856199044	8.090993791	8.296342145	8.406190975	8.566110197	8.795147278	9.146959243	9.617004927	10.22790166	10.93587903	11.7097373	12.40760773	13.17322017	14.03124825
20230214	7.810712762	7.827376308	7.848550709	8.091202314	8.296352374	8.40619611	8.56606548	8.804794368	9.127363685	9.596047104	10.2172594	10.89438408	11.63118562	12.34147049	13.12621008	14.00637892
20230213	7.816173641	7.832898213	7.853830685	8.091064419	8.297467397	8.416598579	8.584174831	8.81413619	9.126958851	9.595501245	10.21666358	10.93080657	11.71121119	12.44004447	13.24329326	14.14486503
20230210	7.817960838	7.825450253	7.856717687	8.091478105	8.304111503	8.410199296	8.59308761	8.813807313	9.165403455	9.698603736	10.34946399	11.05970603	11.83403341	12.57058089	13.38402738	14.29737629
20230209	7.818986822	7.835743482	7.856550276	8.090509476	8.287452647	8.398698048	8.566277033	8.757388702	9.127425219	9.659566111	10.28569907	11.00336068	11.78794471	12.52202447	13.3313595	14.23995574
20230208	7.794164641	7.814727174	7.849320466	8.107120788	8.287103137	8.393108304	8.530078969	8.758171264	9.04995791	9.587656696	10.24425942	10.93639679	11.68874657	12.4237878	13.23759899	14.15142536
20230207	7.814849791	7.831355716	7.852969018	8.107018207	8.287098023	8.397258681	8.557046062	8.786269256	9.078477617	9.617547622	10.24222928	10.93271008	11.68526078	12.41017356	13.21141678	14.1106784
20230203	7.794330122	7.814894152	7.84948131	8.107117425	8.287103137	8.395877503	8.548105764	8.767556937	9.049961148	9.535736798	10.15457565	10.82799734	11.56049821	12.27567939	13.06689816	13.95458521
20230202	7.797280652	7.79917656	7.853515561	8.107018207	8.287098023	8.395874081	8.548104043	8.767408521	9.069279801	9.576949948	10.19849659	10.87427086	11.60952128	12.33826541	13.14600502	14.05281642
20230201	7.76934246	7.798204441	7.858022498	8.105383646	8.270463035	8.396161612	8.548097163	8.786151197	9.108545407	9.555682013	10.17408051	10.84880801	11.58281082	12.28965744	13.07041714	13.94600311
20230131	7.794164641	7.814727174	7.849320466	8.105405507	8.27047156	8.396166747	8.547952688	8.814944051	9.068871728	9.575655709	10.17508547	10.83630881	11.55588875	12.28010699	13.08383358	13.98600618
20230130	7.835534942	7.848189263	7.856199044	8.088387236	8.253043781	8.382621972	8.557018543	8.805848464	9.030091921	9.524394005	10.13212438	10.79768892	11.52167318	12.21869195	12.98831944	13.85104844
20230127	7.835534942	7.848189263	7.856199044	8.088387236	8.254736775	8.396510758	8.548238199	8.787621873	8.923515467	9.411923307	10.04754941	10.71006664	11.42837211	12.12858435	12.90270569	13.77065298
20230126	7.892407522	7.889532469	7.862744443	8.088365375	8.25641954	8.414548207	8.566326912	8.815104273	9.029806919	9.513048048	10.22024315	10.93891551	11.71891003	12.45785506	13.27367723	14.18982489
20230125	7.885179303	7.885524954	7.855146987	8.088387236	8.255584125	8.406916648	8.566650263	8.739860346	8.943031678	9.43347762	10.09214394	10.77647015	11.51896383	12.24178299	13.04141771	13.93886244
20230124	7.885179303	7.885524954	7.855146987	8.088387236	8.255584125	8.406916648	8.566450749	8.777460384	8.991015777	9.514302733	10.22295	10.91678913	11.66754571	12.39065143	13.18983608	14.08672084
20230123	7.881042272	7.881340539	7.851147203	8.088397326	8.255589239	8.399997073	8.521355384	8.759036466	8.953178424	9.454006667	10.11420319	10.7507073	11.43704709	12.14044581	12.92177262	13.79804339
20230120	7.833989347	7.837239687	7.854497042	8.071389146	8.238961072	8.373278919	8.494838918	8.627532464	8.839151414	9.253837779	9.856427326	10.48909829	11.17393497	11.8500883	12.59782869	13.43534991
20230119	7.855227206	7.864543363	7.857600692	8.071380738	8.236715682	8.352468846	8.458785331	8.581356297	8.723835415	9.174289502	9.752417493	10.36614841	11.03031577	11.71518759	12.4756961	13.32793019
20230118	7.885179303	7.885868832	7.854497042	8.071389146	8.23223854	8.316150916	8.422585548	8.534716328	8.686712187	9.074457418	9.645535922	10.26578634	10.93758696	11.59748475	12.3264082	13.14224101
20230117	7.896432024	7.897109383	7.865605183	8.071360557	8.235587018	8.34205782	8.440684579	8.57247153	8.666619495	9.073201151	9.623313329	10.24138185	10.91202701	11.57034612	12.29743357	13.11114858
20230116	7.881042272	7.88603416	7.866747509	8.071358876	8.235585313	8.342056108	8.441081888	8.496949321	8.64808136	9.034883428	9.560376019	10.18591971	10.86669835	11.53253321	12.26780096	13.09092634
20230113	7.875864366	7.874127343	7.86266402	8.071368966	8.236710567	8.352463712	8.459131042	8.515278791	8.705355577	9.114887379	9.73238994	10.35925316	11.03597142	11.68275526	12.39510986	13.19190295
20230112	7.860357122	7.865369997	7.846326783	8.071409326	8.233941764	8.334439954	8.440815295	8.533945574	8.763488042	9.175792592	9.774195173	10.4021902	11.08162047	11.73162543	12.44769166	13.24875043
20230111	7.868631182	7.868993954	7.838730969	8.071431187	8.233953697	8.334446801	8.440521183	8.589993142	8.859349364	9.337547242	9.945988187	10.57083493	11.2465225	11.90187776	12.62496359	13.43408791
20230110	7.905864453	7.906240368	7.87556279	8.105331515	8.270435756	8.390606097	8.512280929	8.720508823	9.031377673	9.537814227	10.13499614	10.76920635	11.45713917	12.11239397	12.83417032	13.64174471
20230109	7.840333897	7.853962466	7.85927479	8.080110169	8.256552523	8.390996319	8.512303288	8.748918828	9.05049067	9.578347032	10.1560302	10.77802491	11.45305876	12.09737015	12.80699166	13.60058094
20230106	7.714561563	7.720538996	7.83861608	8.088439368	8.253916706	8.38473738	8.521303786	8.739711929	9.012151324	9.455125283	10.00203082	10.60907259	11.26808253	11.92448863	12.65056806	13.46313686
20230105	7.78589058	7.810853573	7.857252741	8.090509476	8.289694628	8.419513255	8.602208503	8.833201	9.107168973	9.553968491	10.0838896	10.6519731	11.26680237	11.94513902	12.70272968	13.5516021
20230104	7.76934246	7.794117568	7.841255247	8.090926524	8.289715087	8.413986836	8.566249514	8.795573976	9.08845919	9.555740555	10.06380605	10.69031128	11.37490349	12.04524189	12.78592159	13.61527907
20230103	7.7610684	7.789837265	7.850022931	8.107605102	8.297112773	8.422085632	8.619910228	8.889491432	9.184320513	9.634480328	10.14578931	10.80159035	11.52048095	12.22297964	12.9998947	13.87104781
20230102	7.810712762	7.83296765	7.862744443	8.089530757	8.297452053	8.422131843	8.61984487	8.908461793	9.193685119	9.675006802	10.23389096	10.90896953	11.64763544	12.35972886	13.14651712	14.0290528
20221230	7.826233244	7.834387804	7.862744443	8.089530757	8.297452053	8.422131843	8.619745113	8.927271932	9.222719775	9.715757952	10.27697494	10.95446794	11.69596106	12.41151981	13.20231443	14.08947058
20221229	7.783739326	7.808677876	7.855173247	8.091047602	8.299705967	8.436030896	8.610966488	8.908500584	9.183776417	9.695800077	10.25672958	10.93294154	11.67295397	12.37664833	13.15292041	14.02328265
20221228	7.72797216	7.764945702	7.850723754	8.109058045	8.322662829	8.43969692	8.637467475	8.992732159	9.338877829	9.858293611	10.43844926	11.13816255	11.90504123	12.62121855	13.41019645	14.29515334
20221227	7.756931371	7.789943073	7.862371874	8.108745259	8.324889465	8.461891592	8.682509521	9.058612338	9.396655658	9.855414011	10.42238863	11.13359565	11.9147162	12.61755832	13.38857783	14.25274641
20221226	7.719698099	7.764953967	7.875840165	8.1267742	8.360079189	8.498726396	8.727434609	9.133943967	9.443877052	9.914406342	10.50762011	11.21265672	11.98497143	12.70223233	13.49199215	14.37780939
20221223	7.710426188	7.71728537	7.851829973	8.125945148	8.333436273	8.473493819	8.70925646	9.134301517	9.444257595	9.925440611	10.47438655	11.17520786	11.94548173	12.65502068	13.43543473	14.31045208
20221222	7.747002499	7.779697788	7.85319223	8.124915979	8.31565046	8.457118232	8.700544914	9.05869498	9.376566204	9.865802732	10.4119455	11.10889726	11.8746602	12.57894857	13.35333266	14.22141663
20221221	7.794164641	7.820733485	7.862744443	8.089764506	8.308583531	8.453212599	8.673720577	9.020809913	9.377226892	9.898394474	10.49201217	11.17056025	11.91171327	12.62662417	13.41667708	14.30287435
20221220	7.810712762	7.837264486	7.879081681	8.089490398	8.299673575	8.44432138	8.664728679	9.001952551	9.367891432	9.878352751	10.47052385	11.14783389	11.88754375	12.61604564	13.42308185	14.32896804
20221219	7.78589058	7.821062486	7.887330721	8.107633691	8.362662157	8.512666525	8.718774662	9.095382593	9.492991447	10.04080989	10.642642	11.29242132	11.99955093	12.76465485	13.62049595	14.58302758
20221216	7.782392308	7.800061057	7.8848803	8.107640416	8.362665566	8.512668237	8.718776381	9.095382593	9.492991447	10.04081148	10.642642	11.29242132	11.99955093	12.76465485	13.62049595	14.58302758
20221215	7.7610684	7.794024985	7.8665801	8.118295335	8.353619216	8.507935952	8.736846175	9.095331995	9.492748547	10.04061212	10.64239154	11.31719128	12.05378705	12.84551691	13.73147636	14.72907693
20221214	7.856220092	7.868699674	7.877035013	8.127154253	8.371208963	8.525658487	8.754881568	9.114277059	9.472468009	10.01870181	10.64222197	11.33074427	12.08205038	12.86633816	13.74150952	14.72651389
20221213	7.820972596	7.837446345	7.859097533	8.118453409	8.353627742	8.512101732	8.763913024	9.114383311	9.47244372	10.01880149	10.61969447	11.29330911	12.02851917	12.79764834	13.6556069	14.62058772
20221209	7.866148964	7.873940524	7.871329945	8.168331069	8.377043228	8.569987928	8.746839082	8.990947784	9.356533424	9.814378064	10.4469805	11.10071218	11.80975062	12.54102078	13.35462089	14.26815803
20221208	7.845755061	7.852929175	7.885479364	8.167988013	8.377026179	8.569974236	8.746830482	8.990942725	9.356530186	9.814376481	10.44697739	11.10071064	11.80975062	12.54101784	13.35461943	14.26815514
20221207	7.843809002	7.860438306	7.881382746	8.12704999	8.372323986	8.533296891	8.755457751	9.019464043	9.395368288	9.875738956	10.52346915	11.20065701	11.9365087	12.67827374	13.5021537	14.4275625
20221206	7.860357122	7.869666832	7.862744443	8.08929869	8.290804536	8.428529412	8.611226201	8.851071728	9.242637581	9.811045958	10.48008959	11.20467265	11.99514264	12.75934937	13.60548778	14.55672984
20221205	7.890640183	7.895133732	7.877194216	8.105874688	8.283780231	8.439014034	8.629194518	8.888646469	9.280839286	9.882148447	10.59009493	11.32908136	12.13431633	12.91436285	13.77868779	14.7510156
20221202	7.864494153	7.878096832	7.883247232	8.105777152	8.293781342	8.456909429	8.647192071	8.925873779	9.358136565	10.00541133	10.76710563	11.53150954	12.36377621	13.1829594	14.09327697	15.1191232
20221201	7.837813618	7.837821638	7.859539036	8.08994276	8.283041997	8.421753602	8.56606548	8.851080161	9.281833555	9.946480702	10.72798858	11.49071965	12.31960255	13.13493176	14.04079001	15.06145949
20221130	7.876905243	7.886197833	7.879081681	8.086983061	8.232119194	8.324622817	8.475425844	8.777133193	9.167074607	9.836234581	10.58877574	11.34791543	12.17417113	12.99440302	13.90665616	14.93489717
20221129	7.955508813	7.947866282	7.890857818	8.104041692	8.252909091	8.374225375	8.502769606	8.795609394	9.166137014	9.845610695	10.57645802	11.35270161	12.20070425	13.01927334	13.92719224	14.95034932
20221128	7.868631182	7.882229995	7.887250299	8.088303154	8.251855447	8.354863229	8.475797354	8.748411175	9.167406571	9.80611582	10.48792078	11.23148013	12.04373653	12.82786686	13.69654632	14.67400233
20221125	7.891884601	7.889939172	7.895377886	8.078364618	8.232143063	8.316334045	8.421840809	8.66477158	9.013736651	9.58205729	10.2275003	10.94228091	11.72210223	12.4814351	13.3225679	14.26810159
20221124	7.852083062	7.869995833	7.887128845	8.0628077	8.229092946	8.352617747	8.458037152	8.730456119	9.061060062	9.641405618	10.2905714	10.99678062	11.76645027	12.53855363	13.39661223	14.36182177
20221123	7.773479491	7.808664649	7.874835705	8.054342287	8.214797122	8.301461149	8.421699774	8.693695984	8.975013521	9.498741794	10.16116076	10.84886434	11.59535011	12.33347105	13.15167594	14.07062757
20221122	7.810712762	7.83296765	7.862583598	8.053139909	8.204804536	8.285694855	8.421790931	8.65647542	8.897779395	9.41779327	10.07597131	10.78335475	11.55304824	12.29991046	13.12655294	14.05530278
20221118	7.835534942	7.857763322	7.887087813	8.052033386	8.197277276	8.286475295	8.421673974	8.684642562	8.936201328	9.478587729	10.1406634	10.83940315	11.59889999	12.3583826	13.20174836	14.14991444
20221117	7.817960838	7.828492261	7.870589731	8.017709282	8.162469457	8.252505536	8.394742999	8.647207806	8.937038524	9.500865106	10.16447588	10.87664339	11.65197367	12.4263124	13.2865276	14.25427469
20221116	7.827260882	7.849496996	7.878270891	7.918611487	8.080851121	8.133931424	8.259625464	8.526806389	8.805074153	9.363042816	10.01897039	10.72233285	11.48738907	12.24913436	13.09469251	14.04542105
20221115	7.938960694	7.933375411	7.870254911	7.913398381	8.051014874	8.085711754	8.187858838	8.40545207	8.691476268	9.224340822	9.894127178	10.6156496	11.40071234	12.14741569	12.97221999	13.89885646
20221114	7.885179303	7.890165669	7.87083264	8.068849858	8.198903779	8.307232312	8.457433451	8.778050678	9.090004034	9.681251747	10.37772566	11.15358554	12.00265669	12.80719878	13.69749026	14.70016549
20221111	7.901727423	7.906696669	7.887169876	8.071774243	8.252215186	8.365996506	8.547290507	8.908677672	9.281984155	9.924391609	10.6811679	11.50353101	12.40476365	13.26350183	14.21611422	15.29146595
20221110	7.908950677	7.909938722	7.895458309	8.097247837	8.28057326	8.416112514	8.628215865	9.030441824	9.435862969	10.1070408	10.85233399	11.69759747	12.62749488	13.53788844	14.55231767	15.70018447
20221109	7.930686633	7.927030178	7.883125778	8.080749196	8.280948346	8.405100752	8.556619516	8.898340781	9.340181392	10.02897187	10.74722586	11.57130351	12.47753747	13.37447194	14.37447531	15.50547032
20221108	7.901727423	7.906696669	7.887169876	8.07200631	8.257607875	8.341373222	8.493402761	8.805372856	9.166332953	9.845311659	10.62144925	11.44065129	12.33672894	13.22156473	14.20743059	15.32189267
20221107	7.883689971	7.888677731	7.869281636	8.05435574	8.213956591	8.292039368	8.412891911	8.636911392	8.974960083	9.603098969	10.40881862	11.2040818	12.06891944	12.92028401	13.86741932	14.93656006
20221104	7.999404357	7.987319805	7.867609177	8.035077335	8.175133665	8.227293496	8.331901195	8.525352579	8.822119262	9.463677075	10.26181971	11.04763779	11.901393	12.72883775	13.64718586	14.68268866
20221103	7.91926843	7.919921138	7.887905168	8.0148488	8.114397294	8.176711963	8.296023041	8.459809711	8.823545895	9.466275048	10.28658425	11.08725971	11.95719243	12.78956935	13.71241379	14.75315317
20221101	7.860357122	7.878260506	7.895052914	8.005981473	8.104561561	8.153901153	8.24229697	8.36693286	8.67078604	9.264769199	10.04974755	10.82246345	11.66080662	12.4694676	13.36589562	14.37585418
20221031	7.849766326	7.863384425	7.868221372	7.998462829	8.10365454	8.145023626	8.233334311	8.348168258	8.671555222	9.203990563	10.00567106	10.75243112	11.55867558	12.33735366	13.19973356	14.17002814
20221028	7.883359009	7.892643913	7.885088742	8.005266774	8.085689708	8.128511118	8.224361333	8.320616708	8.594842523	9.123538849	9.898610582	10.62575037	11.41032918	12.17715402	13.02696979	13.98265727
20221027	7.851048805	7.85271425	7.886844904	7.995086081	8.049216175	8.086677038	8.197101849	8.321512269	8.53755697	9.083574055	9.813021321	10.53297187	11.31195665	12.07169413	12.91323343	13.85930347
20221026	7.835534942	7.857763322	7.886805514	7.985917739	8.031631542	8.067720514	8.170303311	8.265803698	8.461423991	9.024603874	9.75153077	10.45560874	11.21596413	11.96759964	12.80094433	13.73749245
20221025	7.852083062	7.865698996	7.870427245	7.978133395	8.031831019	8.062000696	8.134679712	8.256276353	8.500743035	9.025366494	9.73976221	10.43060577	11.17611377	11.92407769	12.75436609	13.6873645
20221024	7.872768212	7.877767834	7.858014293	7.944675339	8.010318232	8.014474181	8.116491242	8.163281442	8.406178798	8.886447738	9.602941971	10.27467801	10.99711509	11.71139038	12.50222846	13.38949565
20221021	7.889316333	7.894298832	7.874349888	7.944261654	8.012538049	8.029786931	8.116649477	8.163335414	8.386644775	8.906859702	9.581995017	10.27432471	11.02372123	11.74178271	12.53456742	13.42409185
20221020	7.917223082	7.91346183	7.870305791	7.952565629	8.016841288	8.065452783	8.152911179	8.181519839	8.424096727	8.966613074	9.645549924	10.34139215	11.09491237	11.79829438	12.57257875	13.44072928
20221019	7.910001483	7.906367669	7.862258626	7.979307183	8.051841764	8.103343579	8.206952002	8.230551343	8.49975848	9.02549307	9.684920551	10.38211656	11.13860319	11.84537493	12.62356592	13.49623372
20221018	7.926021718	7.922282001	7.878635254	7.991448677	8.134951911	8.207361422	8.296628465	8.403962843	8.689000307	9.252859979	9.980945414	10.69185235	11.46083211	12.18511224	12.98382297	13.88020447
20221017	7.962624505	7.951587782	7.879713571	8.032860925	8.141819363	8.20715262	8.296423791	8.413179861	8.708179695	9.273398519	9.924999229	10.61061976	11.35485464	12.06572144	12.85033396	13.7304169
20221014	7.855184179	7.855716579	7.874674861	8.015186811	8.115532776	8.179072115	8.260850067	8.348102481	8.632411067	9.16355902	9.80838079	10.48747041	11.22406683	11.93554145	12.72162008	13.60340594
20221013	7.904871566	7.909837872	7.889868131	7.97763899	8.036284291	8.100926947	8.188436743	8.311814583	8.576097115	9.145533014	9.790568484	10.48043352	11.22971949	11.95215898	12.75049989	13.64647137
20221012	7.959645844	7.953374961	7.89213473	7.985710896	8.036098454	8.10089443	8.188311186	8.330520155	8.595796309	9.083376281	9.810638052	10.51853261	11.28331477	12.04022953	12.87970835	13.82338161
20221011	7.947234753	7.93663565	7.863579852	7.980171551	8.071840575	8.136404536	8.224265017	8.38627595	8.652204185	9.183099192	9.906160194	10.63725822	11.43004124	12.1992096	13.0510978	14.00919815
20221010	7.905864453	7.902234506	7.8582572	7.995812552	8.053727415	8.118623809	8.20631906	8.349166698	8.594855477	9.143889108	9.832330163	10.56344779	11.35841195	12.12277809	12.96844279	13.91930881
20221007	7.794138164	7.807056023	7.863320529	7.994716119	8.03595865	8.100891006	8.188211428	8.34924428	8.614190322	9.205300625	9.920338473	10.66967877	11.48472741	12.26923977	13.13793707	14.11558743
20221006	7.72797216	7.77180014	7.862340689	7.993774396	8.022602241	8.10102108	8.188302586	8.349217294	8.623865843	9.215301712	9.975247033	10.72385565	11.53517968	12.32787246	13.20714645	14.19712042
20221005	7.76934246	7.808828323	7.886844904	7.993150504	8.014810719	8.053212168	8.125674054	8.25594579	8.558203475	9.14761519	9.881389431	10.6047798	11.38784965	12.1629845	13.02326115	13.99111927
20221004	7.773479491	7.808664649	7.874512375	7.975609241	7.989661317	8.038779127	8.125398862	8.237430797	8.539074286	9.148282877	9.882738188	10.60606809	11.38907616	12.1642085	13.02448665	13.99234943
20221003	7.783573844	7.814451079	7.868301795	8.009057206	8.000073316	8.063842266	8.143819525	8.265053181	8.586684319	9.18770023	9.968406791	10.68670983	11.46090961	12.23021317	13.08419395	14.04472636
20220930	7.805553058	7.809497895	7.874512375	7.974642293	7.969664212	7.999976104	8.071696871	8.144705735	8.415820312	9.00924071	9.735837276	10.41422799	11.14448088	11.88875254	12.71599877	13.645467
20220929	7.818986822	7.841232323	7.870509308	7.992112929	7.992667106	8.061276733	8.125825409	8.265329776	8.567857945	9.147237043	9.902876203	10.60421485	11.35990075	12.12101205	12.96667455	13.91753886
20220928	7.670053739	7.73113312	7.870427245	7.976197818	8.000784272	8.065490436	8.15224384	8.311974806	8.614917403	9.247809596	9.988523024	10.7180431	11.50830827	12.27214142	13.1177059	14.06844368
