DATE	1	7	30	90	180	270	360	720	1080	1440	1800	2160	2520	2880	3240	3600	5400	7200	9000	10800
20230929	0.079681095	0.078702336	0.07769828	0.079590388	0.080510198	0.081055811	0.081269819	0.081747371	0.08541634	0.088689151	0.092030788	0.094870624	0.097945593	0.102219336	0.106653761	0.111324256	0.139893124	0.178902442	0.230554175	0.29968061
20230928	0.077828046	0.078702336	0.07769828	0.079407841	0.080694011	0.081055811	0.081454944	0.081544156	0.085020829	0.08956379	0.092029586	0.093610472	0.09680063	0.101751833	0.107074797	0.112711014	0.13873749	0.179974445	0.223372958	0.301540706
20230927	0.077828046	0.078702336	0.078055513	0.079590388	0.080142571	0.080869903	0.081454944	0.081540225	0.085648597	0.090679872	0.093019402	0.094070145	0.096652113	0.102455858	0.108594769	0.113696443	0.137684665	0.176219552	0.215657163	0.285610862
20230926	0.078747159	0.078702336	0.078055513	0.079590388	0.080142571	0.080869903	0.081454944	0.080811569	0.084210708	0.088082252	0.090352955	0.092240335	0.094429686	0.100129469	0.106089942	0.110089941	0.134219187	0.167614791	0.212346157	0.26980017
20230925	0.077828046	0.078702336	0.078055513	0.080138029	0.081061637	0.082145473	0.082384604	0.082016548	0.08637403	0.090997102	0.093747497	0.095407379	0.097565177	0.103238604	0.109158575	0.113285216	0.137739623	0.170433776	0.206828395	0.276233255
20230922	0.077828046	0.078632968	0.078055513	0.080320575	0.081245451	0.082479661	0.082760944	0.082450539	0.0867366	0.090853826	0.094407427	0.095610465	0.099007749	0.104303594	0.10953022	0.114019706	0.137842005	0.173111409	0.214929062	0.261906359
20230921	0.077828046	0.078339482	0.078055513	0.080320575	0.081613078	0.082504479	0.082750577	0.081834038	0.08616027	0.089780759	0.093528577	0.094827739	0.099686352	0.104959272	0.109981092	0.114674881	0.141185329	0.177373273	0.223847329	0.270920694
20230920	0.077828046	0.077981954	0.076805196	0.079955482	0.081429264	0.082496076	0.082380531	0.08183937	0.086151755	0.090324616	0.09379017	0.09533343	0.100992058	0.10663202	0.111860135	0.11667908	0.145453495	0.184093405	0.232741979	0.290109997
20230919	0.077828046	0.076973429	0.076805196	0.079955482	0.081594163	0.082466852	0.082380384	0.0817868	0.086436998	0.091137293	0.095363289	0.096770528	0.103326785	0.10843935	0.112823958	0.118096874	0.146241679	0.187428421	0.228978221	0.315288194
20230918	0.077828046	0.07687205	0.076805196	0.080138029	0.081766341	0.082484977	0.08238055	0.082379936	0.086757717	0.091865823	0.095299438	0.097251358	0.104193907	0.109435598	0.11387079	0.119428548	0.145782967	0.185658258	0.230759358	0.308848158
20230915	0.077828046	0.07687205	0.076805196	0.079955482	0.08179689	0.082510205	0.082010726	0.082954387	0.087578042	0.092724836	0.096892242	0.098062589	0.104666219	0.110454159	0.115383169	0.121007547	0.147945194	0.188362197	0.24455595	0.306222284
20230914	0.076160303	0.07687205	0.076805196	0.079772935	0.082348331	0.082728981	0.083861623	0.0852637	0.09112692	0.096593445	0.100542317	0.101253621	0.107914558	0.114336608	0.120085255	0.126320702	0.152485309	0.192482103	0.248852593	0.297937041
20230913	0.076160303	0.07687205	0.077519664	0.078860202	0.08179689	0.082487376	0.083862252	0.087607217	0.092880304	0.097906575	0.100958257	0.101875814	0.105843587	0.11192044	0.118206568	0.124390979	0.152831403	0.183044009	0.231153263	0.289602552
20230912	0.076987503	0.07687205	0.077519664	0.078860202	0.08179689	0.08244748	0.083681497	0.086634893	0.091233739	0.09574871	0.098577979	0.100013449	0.103961121	0.109597089	0.115250272	0.120353461	0.147721881	0.173545174	0.216083685	0.287201814
20230911	0.076160303	0.07687205	0.077519664	0.078860202	0.08179689	0.082434504	0.083861826	0.086286435	0.09026831	0.094345604	0.09680877	0.097786487	0.102717734	0.10809192	0.112907821	0.117454087	0.146336146	0.171632902	0.205340169	0.289386581
20230908	0.076160303	0.076809618	0.077519664	0.079042748	0.08179689	0.082494217	0.083676776	0.085458679	0.090408468	0.094262015	0.097801247	0.09902217	0.105027048	0.109563304	0.113083586	0.117728416	0.148974238	0.176807278	0.21708014	0.287299607
20230907	0.075974998	0.076634423	0.077519664	0.079590388	0.08179689	0.082486279	0.083861845	0.084754644	0.090133394	0.094065576	0.096694436	0.098719356	0.106102235	0.110598852	0.113610181	0.117963293	0.14808534	0.177182211	0.213580072	0.283573586
20230906	0.075974998	0.075596724	0.076269346	0.078495108	0.081429264	0.083100797	0.084231928	0.086046697	0.092423238	0.096551862	0.099685253	0.101641784	0.10999103	0.114464447	0.117183738	0.122173672	0.15273983	0.183180915	0.218728657	0.301853638
20230905	0.075974998	0.075092461	0.076269346	0.078495108	0.081429264	0.083100797	0.084421663	0.088027214	0.093312962	0.097607129	0.100668689	0.102518141	0.110215979	0.115113558	0.118269132	0.122647694	0.151865552	0.183052051	0.2206166	0.33084556
20230904	0.075974998	0.075041763	0.076269346	0.078495108	0.081061637	0.082651513	0.084257272	0.089527317	0.093641264	0.098436576	0.100956718	0.101939449	0.109444269	0.114625592	0.117982904	0.122683101	0.150362005	0.18526686	0.237495125	0.321725321
20230901	0.075974998	0.075041763	0.076269346	0.077582374	0.080326385	0.081799442	0.083861567	0.087089624	0.090369477	0.095596332	0.097941085	0.099944379	0.105562664	0.109671027	0.112697825	0.116945526	0.144245562	0.182146077	0.239630331	0.337342043
20230831	0.075974998	0.075041763	0.076269346	0.077582374	0.080326385	0.081799442	0.082381253	0.085687949	0.089324169	0.09385577	0.096997102	0.099638522	0.105267953	0.109465853	0.11267306	0.116892112	0.144104298	0.182303506	0.247432895	0.379099501
20230830	0.076901522	0.076042289	0.075912112	0.078130014	0.080510198	0.081241719	0.081850926	0.085607411	0.088866637	0.095253128	0.098491332	0.100898947	0.105740983	0.109743073	0.113090224	0.117871812	0.143267251	0.180998227	0.233195051	0.339948632
20230829	0.076901522	0.075956906	0.075912112	0.078312561	0.080510198	0.081154361	0.081664043	0.083473751	0.086052243	0.092307533	0.096552001	0.098568551	0.102391125	0.105986787	0.109136014	0.11342673	0.138500494	0.170647581	0.218443714	0.308119503
20230828	0.076901522	0.075956906	0.075912112	0.077947467	0.080326385	0.081111007	0.081098819	0.081532892	0.084791434	0.090917255	0.09532762	0.096800509	0.100373045	0.105336944	0.110021896	0.113546315	0.140037898	0.169917857	0.210974406	0.316913811
20230825	0.076901522	0.075956906	0.075912112	0.077034734	0.080326385	0.081427626	0.082019612	0.081501859	0.084791107	0.092292734	0.096943895	0.098495128	0.101609496	0.106578919	0.111786999	0.115835486	0.142976606	0.171430496	0.219636606	0.320512456
20230824	0.076901522	0.075956906	0.074483179	0.076487093	0.078855879	0.079964067	0.080908734	0.081198197	0.08490177	0.091389221	0.096590235	0.098205098	0.100821549	0.105190679	0.109926249	0.114301633	0.142359403	0.166566612	0.224791526	0.315691055
20230823	0.076901522	0.075956906	0.074483179	0.075756906	0.078855879	0.079940364	0.079607157	0.079888024	0.083500167	0.088567805	0.091250128	0.092737562	0.095476491	0.099862493	0.104696064	0.109767979	0.13339626	0.155829078	0.202480866	0.308868461
20230822	0.076901522	0.075956906	0.074483179	0.075756906	0.078855879	0.079940364	0.079604009	0.078535165	0.082406044	0.087317161	0.089144141	0.090330252	0.092818264	0.097308667	0.102101399	0.10601922	0.130457809	0.151182799	0.193092146	0.277520767
20230821	0.076901522	0.075956906	0.074483179	0.07776492	0.079774945	0.080683996	0.080344769	0.080920218	0.084749703	0.090324886	0.091879569	0.092933512	0.095783767	0.100432629	0.105115737	0.108830431	0.132840634	0.150479835	0.195477744	0.283284968
20230818	0.076901522	0.075956906	0.074483179	0.078312561	0.079223506	0.08014252	0.080159644	0.080680568	0.084592826	0.089055835	0.089597127	0.090544496	0.093254696	0.097239312	0.101468483	0.105723741	0.128652071	0.146923569	0.195271668	0.271607175
20230817	0.075789693	0.074944117	0.073768712	0.079225294	0.079039692	0.080196248	0.08034475	0.080926488	0.08444879	0.088516613	0.090011031	0.090688525	0.093293053	0.097718245	0.102395169	0.107451927	0.131098506	0.146342222	0.200101412	0.294578394
20230816	0.075789693	0.074848594	0.073411478	0.079225294	0.079039692	0.080345141	0.080348416	0.08112152	0.08375466	0.08757718	0.089033142	0.08933962	0.092451328	0.096641478	0.100568218	0.105430898	0.128095114	0.155967003	0.185438979	0.267345467
20230815	0.075789693	0.074858734	0.073411478	0.079225294	0.079039692	0.080361036	0.080529838	0.081293171	0.084319873	0.088497482	0.089594883	0.090092984	0.093276745	0.097642588	0.101787731	0.107288793	0.130674172	0.159972084	0.19618857	0.281839155
20230814	0.075789693	0.074858734	0.073411478	0.079225294	0.079039692	0.081079068	0.081270374	0.082284059	0.086076168	0.089772466	0.090133171	0.09184523	0.094645615	0.098479662	0.102456891	0.10774659	0.132276081	0.165438697	0.208401919	0.306492785
20230811	0.075789693	0.074858734	0.073411478	0.078495108	0.079039692	0.081103999	0.081455369	0.082092375	0.085708272	0.088982158	0.08929948	0.091348002	0.094020847	0.097630518	0.101767539	0.106487958	0.131192802	0.16550725	0.212153647	0.338642123
20230810	0.075789693	0.074858734	0.074840412	0.078495108	0.079591132	0.081658245	0.081825398	0.081838361	0.084460667	0.088310617	0.089637606	0.091614257	0.093903834	0.097167425	0.100978744	0.105678285	0.132148852	0.160293474	0.199479505	0.320098467
20230809	0.075789693	0.074858734	0.074840412	0.078495108	0.079039692	0.081439897	0.081826896	0.080696988	0.084129434	0.087171593	0.089088594	0.091002438	0.092624131	0.09512372	0.098384728	0.10313362	0.127200779	0.154301658	0.190106642	0.295469295
20230808	0.075789693	0.074858734	0.074483179	0.079042748	0.080510198	0.083100797	0.083508497	0.084392318	0.088065687	0.09208431	0.095081432	0.096604319	0.097682457	0.100682008	0.104543256	0.108374799	0.133291239	0.16105512	0.192962048	0.332074581
20230807	0.075789693	0.074858734	0.074304562	0.079407841	0.081061637	0.083094588	0.083676442	0.083714888	0.08737371	0.091146327	0.09264067	0.095220014	0.096737228	0.099603509	0.103241853	0.107324632	0.132654373	0.158318576	0.188360534	0.306613126
20230804	0.075789693	0.074858734	0.074125945	0.079225294	0.081061637	0.083093305	0.083676442	0.083152801	0.085754589	0.089003312	0.090041923	0.090436214	0.09174018	0.094343066	0.097140921	0.099181197	0.125327517	0.14602232	0.169380648	0.266011001
20230803	0.075789693	0.074858734	0.075197646	0.079407841	0.080142571	0.083085292	0.083121068	0.082487734	0.085174896	0.087896618	0.089030561	0.089511416	0.091264604	0.093938243	0.09666615	0.100583708	0.121143338	0.142026983	0.165796555	0.259480155
20230802	0.075789693	0.074858734	0.075376262	0.079407841	0.080694011	0.08308098	0.083158519	0.083687611	0.087179859	0.089862915	0.092022436	0.092000748	0.092477289	0.094706615	0.097630532	0.100762981	0.119472735	0.140627529	0.165514055	0.265734114
20230801	0.075789693	0.074858734	0.073054245	0.078495108	0.080694011	0.083078097	0.083134397	0.083281252	0.086989042	0.090223278	0.09248618	0.092238588	0.092104288	0.093924575	0.096495697	0.09970727	0.118946167	0.139859066	0.16750004	0.261223671
20230731	0.075789693	0.074858734	0.073054245	0.07776492	0.081061637	0.083273356	0.083135433	0.083793832	0.088161596	0.092749632	0.095369381	0.09567532	0.094788982	0.096133755	0.098770374	0.102373092	0.122450822	0.146021811	0.178285755	0.279139146
20230728	0.075789693	0.074858734	0.073054245	0.077217281	0.080694011	0.082903493	0.082949217	0.083290605	0.088014492	0.093152202	0.095412841	0.096479504	0.095754853	0.097504809	0.100897046	0.104484575	0.127094044	0.154772149	0.192961577	0.302171185
20230727	0.075974998	0.073506554	0.071268077	0.076304547	0.080326385	0.082932773	0.082763999	0.083308423	0.088256573	0.093452238	0.096180115	0.097820097	0.097436852	0.099406966	0.102844436	0.106453739	0.130968713	0.16345594	0.205554476	0.322583682
20230726	0.075974998	0.073951058	0.071268077	0.075209267	0.080326385	0.082937161	0.082790694	0.083541731	0.088473558	0.093357575	0.096632397	0.098242757	0.097859987	0.100044207	0.103840973	0.107174319	0.133898078	0.165763086	0.208010209	0.336832554
20230725	0.075974998	0.074126619	0.071268077	0.075209267	0.081613078	0.083063467	0.083132157	0.083568495	0.088720948	0.093758528	0.096992821	0.097915594	0.09702458	0.099457897	0.103603333	0.106950308	0.132659374	0.163039325	0.203249879	0.320123512
20230724	0.075974998	0.074257357	0.071268077	0.075209267	0.081245451	0.083472612	0.083316264	0.083804088	0.089240395	0.094932764	0.097795154	0.098383594	0.097063232	0.099525627	0.104022904	0.106738254	0.13023423	0.159375131	0.198055973	0.320885046
20230721	0.076901522	0.07428137	0.071268077	0.075939453	0.081980704	0.083650563	0.083507424	0.08694587	0.093510242	0.099807942	0.102860603	0.102950544	0.101702869	0.104449871	0.108816383	0.11204767	0.137389082	0.16515218	0.203886064	0.344932904
20230720	0.076901522	0.074438775	0.070553611	0.075756906	0.081429264	0.083327698	0.083516384	0.087809582	0.093291328	0.101351812	0.102639889	0.102101292	0.100415158	0.103141445	0.1080775	0.110658661	0.134660694	0.159267306	0.193229271	0.309384856
20230719	0.076530912	0.074898213	0.070732227	0.075756906	0.081429264	0.083637996	0.083755195	0.08818413	0.093666327	0.100366448	0.102088664	0.100754014	0.09926938	0.101422575	0.105032626	0.107704736	0.129483053	0.151447863	0.178431653	0.316941164
20230718	0.076901522	0.075041763	0.070732227	0.075756906	0.081429264	0.083636434	0.083704082	0.088148988	0.093472183	0.100115294	0.102276787	0.100762536	0.09896814	0.100684005	0.10389565	0.105699893	0.127850978	0.147746068	0.176719768	0.289172579
20230717	0.076901522	0.0751725	0.070732227	0.075756906	0.081429264	0.083884565	0.084076257	0.088942789	0.094648701	0.10121469	0.103770553	0.103089483	0.101394678	0.103132945	0.106763817	0.109190089	0.130954369	0.1525046	0.182453588	0.292819438
20230714	0.077828046	0.075196513	0.070732227	0.075756906	0.081245451	0.083846381	0.084448413	0.089432485	0.095028992	0.102846835	0.105291618	0.104452211	0.103105537	0.105150433	0.109261	0.112022139	0.133705602	0.157883959	0.190677638	0.307027975
20230713	0.077828046	0.075353918	0.070910844	0.076852187	0.081429264	0.0840047	0.0848177	0.089467556	0.096288541	0.104009407	0.106620986	0.106396581	0.104837643	0.106580277	0.110199113	0.113350583	0.135386856	0.158957139	0.189847166	0.315524641
20230712	0.0774405	0.075813356	0.071446694	0.077034734	0.08179689	0.08462433	0.085432315	0.090298978	0.097738341	0.10602644	0.108413825	0.109009163	0.107842234	0.110192512	0.114474368	0.117734481	0.14078215	0.162970684	0.191189023	0.338635548
20230711	0.077828046	0.075956906	0.071446694	0.077034734	0.08179689	0.084622936	0.085378296	0.09276735	0.100085155	0.107936034	0.110594661	0.111454721	0.11085092	0.113155515	0.117518044	0.121571749	0.145737022	0.171267841	0.205277358	0.329408319
20230710	0.077828046	0.076087643	0.071446694	0.077034734	0.08179689	0.084441787	0.085376333	0.092864308	0.100402116	0.108352798	0.110791362	0.11153227	0.111246096	0.113751057	0.11770144	0.122063555	0.147593642	0.174981839	0.212226823	0.331244109
20230707	0.077828046	0.076511867	0.072875628	0.077034734	0.08179689	0.084566346	0.085898645	0.093258906	0.100603138	0.108971916	0.1109728	0.11168824	0.11129682	0.11388685	0.117904671	0.12228061	0.149375162	0.181970193	0.223904355	0.358280728
20230706	0.078939876	0.076425953	0.074125945	0.077582374	0.081980704	0.085497836	0.086115943	0.093689177	0.101820078	0.109347686	0.111330499	0.112314619	0.112050772	0.114523278	0.118594712	0.123319118	0.151188209	0.184907185	0.231243486	0.359735596
20230705	0.078569266	0.076750921	0.074125945	0.077582374	0.081980704	0.085063575	0.08563499	0.093692825	0.102602809	0.110121391	0.112213789	0.113319495	0.113176571	0.115447839	0.119141574	0.123315604	0.152466369	0.182550274	0.225109381	0.382771577
20230704	0.078939876	0.07687205	0.074125945	0.077582374	0.081980704	0.085066308	0.085379444	0.094291595	0.103339136	0.110747151	0.112320235	0.113418968	0.113072686	0.115543985	0.11902864	0.122907222	0.151723342	0.180083057	0.217682768	0.36076938
20230703	0.078939876	0.076990506	0.074125945	0.077947467	0.082532144	0.085135651	0.085378517	0.094042912	0.102573884	0.11031166	0.111884321	0.112929916	0.11293416	0.115309994	0.118552697	0.122373315	0.14969509	0.177925314	0.214628294	0.355056635
20230630	0.080051705	0.077004379	0.074125945	0.077947467	0.082532144	0.085079507	0.085744454	0.093460456	0.102326045	0.109462677	0.111704758	0.11249158	0.112510618	0.11478919	0.117453099	0.121271518	0.148351481	0.175981884	0.211901863	0.340397279
20230629	0.080051705	0.077195424	0.074125945	0.078495108	0.082348331	0.08541494	0.085745305	0.094077204	0.102427315	0.109887498	0.112353836	0.113007781	0.112751072	0.114835365	0.117951106	0.121774313	0.147331364	0.174719711	0.210397773	0.338236117
20230628	0.079586645	0.077791567	0.074125945	0.078495108	0.082348331	0.085715888	0.085991966	0.093976561	0.101964458	0.109593479	0.112715558	0.112485692	0.112102665	0.114527901	0.118032689	0.121880829	0.147982339	0.173599193	0.20890798	0.336120379
20230627	0.080051705	0.077970222	0.074125945	0.078495108	0.082715956	0.085573576	0.086299458	0.094156555	0.102712473	0.110666445	0.113554427	0.113616122	0.11337076	0.115784278	0.118890456	0.122819047	0.148787146	0.174202852	0.208880372	0.328146411
20230626	0.080051705	0.078127095	0.074125945	0.078495108	0.08289977	0.086090716	0.086453963	0.095111168	0.104432967	0.112806089	0.115946695	0.115675368	0.11526838	0.117475078	0.120637443	0.124652215	0.150033948	0.175792676	0.211161881	0.342092498
20230623	0.081163535	0.078155922	0.074125945	0.078495108	0.083083583	0.086304919	0.086639033	0.096105332	0.105269582	0.113903512	0.117030581	0.116668981	0.116094894	0.117986011	0.121254602	0.124647017	0.149847207	0.176225574	0.210831147	0.342081771
20230622	0.081163535	0.078344808	0.075019029	0.079955482	0.08289977	0.086332805	0.086824139	0.095478808	0.103944943	0.112845784	0.116412764	0.115870068	0.115192525	0.116959389	0.119995188	0.124002064	0.148108547	0.173349053	0.207058252	0.363136115
20230621	0.080698475	0.078896145	0.075019029	0.079955482	0.08289977	0.086249016	0.086828508	0.095626193	0.103849673	0.112688198	0.116654767	0.116330735	0.115505697	0.117327162	0.120803437	0.12421115	0.148398576	0.172260369	0.204701946	0.35001401
20230620	0.081163535	0.079068393	0.075019029	0.078495108	0.08289977	0.086246711	0.087009264	0.096822386	0.105500373	0.114586582	0.118192409	0.117803355	0.117126854	0.118863371	0.12236243	0.126536977	0.150468124	0.175340759	0.208081694	0.330519335
20230619	0.081163535	0.079225267	0.075019029	0.078860202	0.08289977	0.0863975	0.087009264	0.096374597	0.104854231	0.113727637	0.116961793	0.116979702	0.116548689	0.11868793	0.122330722	0.126745456	0.152322063	0.176527992	0.208667706	0.340358286
20230616	0.081348839	0.07937859	0.075019029	0.078312561	0.08289977	0.086196665	0.087194426	0.096535426	0.104840544	0.113941539	0.117284543	0.117457053	0.117418611	0.119570766	0.123074191	0.127512531	0.154628224	0.17894729	0.210995202	0.335956416
20230615	0.081348839	0.079644166	0.076447963	0.077582374	0.083083583	0.086361546	0.087564657	0.095930953	0.10406619	0.113530726	0.116847155	0.117366209	0.11708785	0.119074927	0.122615128	0.126335516	0.154656985	0.179831644	0.212279956	0.337410794
20230614	0.081202282	0.079906372	0.076447963	0.077582374	0.083083583	0.086471268	0.087569045	0.096239185	0.104205089	0.114325316	0.117544037	0.117771131	0.117475288	0.119688495	0.123006596	0.127173664	0.15552523	0.181626688	0.215711993	0.352075276
20230613	0.081348839	0.080166565	0.077341046	0.079225294	0.083267397	0.086633045	0.087966471	0.096617647	0.104373584	0.113611668	0.117001389	0.117552279	0.117647894	0.120262482	0.123349399	0.127163948	0.15531095	0.181972165	0.217169692	0.336043781
20230612	0.081348839	0.08019272	0.077341046	0.079407841	0.083267397	0.086610569	0.087934314	0.096203973	0.104403095	0.113170565	0.116173855	0.116747629	0.11695854	0.119293438	0.121680135	0.125698966	0.155676123	0.182175803	0.216352058	0.325883688
20230609	0.081348839	0.080229527	0.077341046	0.079590388	0.083267397	0.086404081	0.087934314	0.096581106	0.104580295	0.112711005	0.115415285	0.1162788	0.11661983	0.119028992	0.122097782	0.126132073	0.153665629	0.178136191	0.208971387	0.341008186
20230608	0.081348839	0.080264212	0.07769828	0.080320575	0.083818836	0.086382702	0.08700869	0.096204965	0.104055745	0.111845165	0.114649037	0.115578953	0.116114805	0.118253214	0.121107042	0.125082835	0.151486048	0.175765631	0.204999005	0.342695158
20230607	0.081348839	0.080349594	0.078412747	0.080320575	0.083818836	0.086128975	0.087094829	0.095710167	0.103586233	0.111123275	0.113655262	0.11476992	0.115361077	0.116994745	0.119838175	0.123159325	0.149860741	0.171989928	0.199024518	0.323645316
20230606	0.081348839	0.080349594	0.078412747	0.079590388	0.083818836	0.08627443	0.087222269	0.095265816	0.103563015	0.111300515	0.114113779	0.11498183	0.115580004	0.117150416	0.119751281	0.123437033	0.150330158	0.175076292	0.203992048	0.32291492
20230605	0.081348839	0.080205514	0.07769828	0.079407841	0.083635023	0.086240279	0.088874711	0.095998013	0.104358709	0.111883175	0.114604888	0.115247197	0.115809722	0.117582348	0.12019591	0.123527263	0.152124181	0.176503539	0.205907913	0.343841542
20230602	0.081534144	0.080215306	0.07769828	0.079407841	0.08345121	0.086412113	0.088104352	0.096368646	0.104781179	0.11275724	0.115725982	0.116627512	0.117474571	0.119231876	0.121934247	0.125318404	0.15406417	0.178742563	0.208027935	0.339730099
20230601	0.081534144	0.080246073	0.077876896	0.079772935	0.083635023	0.086544795	0.087942053	0.096377944	0.104711333	0.113233589	0.116397695	0.117520161	0.118302942	0.120178765	0.12357286	0.12731217	0.157253994	0.18283256	0.212693723	0.357758702
20230531	0.081456631	0.080323019	0.07769828	0.079778375	0.083635023	0.086250596	0.088380613	0.096880624	0.105045893	0.114202133	0.117350238	0.117612571	0.118480107	0.120881897	0.124279207	0.128087945	0.159670315	0.186273946	0.218353379	0.367957274
20230530	0.081534144	0.080349594	0.07769828	0.079772935	0.08345121	0.086390622	0.087723735	0.097278588	0.105002041	0.115088451	0.117785784	0.117962292	0.119224518	0.121318173	0.124717251	0.128606841	0.159620401	0.186394258	0.219613569	0.360485505
20230529	0.081534144	0.080375749	0.07769828	0.079590388	0.083267397	0.087066564	0.089040047	0.096487018	0.103998447	0.114203126	0.117087828	0.116541501	0.117231414	0.119662623	0.123001156	0.126495977	0.155779697	0.179439832	0.209170697	0.34210861
20230526	0.081534144	0.080412556	0.07769828	0.080138029	0.083635023	0.087510494	0.088864789	0.097016832	0.105021623	0.114887242	0.117270677	0.117320011	0.117907949	0.120046275	0.123673068	0.127557566	0.156469777	0.180520799	0.21167678	0.346593797
20230525	0.081534144	0.081063681	0.078948597	0.079407841	0.083635023	0.087843733	0.088182752	0.097016921	0.104052728	0.114229674	0.116828399	0.116590921	0.117030259	0.119242947	0.122650671	0.126478466	0.152865793	0.175813351	0.206519553	0.337315934
20230524	0.081534144	0.080583322	0.078948597	0.079407841	0.082164517	0.087276398	0.0882429	0.097344885	0.104629645	0.114355774	0.116817722	0.116535387	0.117093661	0.119570819	0.123187253	0.127100945	0.154293058	0.175331555	0.204975838	0.326941914
20230523	0.081534144	0.080532623	0.078948597	0.079407841	0.082164517	0.086426075	0.087092607	0.097713835	0.105249621	0.114534161	0.116876187	0.116476405	0.116696051	0.11882832	0.122885305	0.126512981	0.152759334	0.175303134	0.204904673	0.310180377
20230522	0.081534144	0.080532623	0.078055513	0.079407841	0.082164517	0.086120089	0.086725541	0.096687381	0.104885551	0.113421854	0.115896294	0.115359559	0.115553551	0.117516083	0.12105295	0.124898167	0.150677858	0.173937742	0.203891387	0.299693434
20230519	0.079310486	0.079803895	0.078055513	0.079772935	0.081980704	0.085843792	0.086738	0.097041276	0.105050616	0.11430224	0.116672113	0.115783003	0.115776629	0.11777973	0.12117051	0.125030858	0.151528972	0.174296016	0.201521476	0.312529222
20230518	0.079310486	0.079405642	0.077519664	0.080503122	0.082715956	0.085675862	0.086209525	0.097246988	0.104960636	0.114532492	0.116959131	0.116370518	0.115881709	0.117452576	0.121106685	0.124961134	0.151892888	0.172260441	0.198155269	0.307986118
20230517	0.079637474	0.079150135	0.077519664	0.080503122	0.08179689	0.08555742	0.086446132	0.09700183	0.104044834	0.113624563	0.116089772	0.115561501	0.115347373	0.116836852	0.119786391	0.123615562	0.149481993	0.16812613	0.192756128	0.306719709
20230516	0.079310486	0.079068393	0.077519664	0.080503122	0.08179689	0.08535493	0.086171519	0.097565759	0.104852869	0.114468304	0.116827004	0.116092233	0.115699296	0.117151549	0.119867362	0.124085228	0.148876888	0.167508064	0.192925184	0.307021921
20230515	0.079310486	0.078989417	0.079127214	0.081050763	0.082164517	0.085227229	0.086186883	0.097124932	0.104242546	0.114008727	0.116301926	0.11552881	0.115068815	0.116234382	0.119150951	0.123005212	0.147109434	0.165785335	0.192408236	0.297864641
20230512	0.078754571	0.078955264	0.079127214	0.081415856	0.083267397	0.085337882	0.086738704	0.097317484	0.104831563	0.11497641	0.116788867	0.116411205	0.116161294	0.117329692	0.120693051	0.1246201	0.149175694	0.168247023	0.194813356	0.295060138
20230511	0.078754571	0.078830401	0.078412747	0.080868216	0.083267397	0.086307335	0.086919645	0.09776212	0.104721434	0.115164118	0.116998695	0.116442796	0.116311667	0.117804962	0.120970183	0.124528162	0.148831336	0.166873247	0.193233523	0.293060242
20230510	0.078754571	0.078464344	0.078412747	0.080868216	0.083267397	0.086328696	0.087291209	0.098079668	0.105064958	0.115499282	0.117453558	0.116748999	0.116458045	0.117854441	0.121192498	0.125035672	0.150042492	0.167052408	0.190794465	0.297518995
20230509	0.078754571	0.078336279	0.078412747	0.08123331	0.083267397	0.086397463	0.087462413	0.098826798	0.10564377	0.11611503	0.11815456	0.117446618	0.11691253	0.118471698	0.121495439	0.125490412	0.151598337	0.169563288	0.19405032	0.295391218
20230508	0.078754571	0.078245039	0.07823413	0.081415856	0.083267397	0.086370804	0.087459747	0.099389309	0.106698283	0.116925026	0.118945143	0.118190359	0.118020698	0.120085842	0.123354215	0.127116612	0.153534453	0.172079569	0.196434978	0.299913174
20230505	0.078013352	0.078250549	0.07823413	0.081415856	0.08400265	0.086413507	0.087619509	0.09978288	0.107354957	0.116966221	0.118985237	0.118617553	0.118574549	0.120130446	0.123229331	0.127331154	0.154140218	0.173884605	0.197794849	0.302057251
20230504	0.078013352	0.078154311	0.077519664	0.081415856	0.084190194	0.086387425	0.087803376	0.100300313	0.107913206	0.117586437	0.119647893	0.119132113	0.119164816	0.12113326	0.124292495	0.128008742	0.155005143	0.174241703	0.198488151	0.311239132
20230503	0.078331872	0.077880153	0.077519664	0.081415856	0.084370276	0.086218118	0.087563621	0.10023391	0.106600375	0.116393186	0.119047373	0.118372229	0.118215957	0.120236516	0.123573727	0.127355102	0.152831445	0.172783743	0.196493538	0.307354749
20230502	0.078013352	0.077787193	0.077519664	0.081415856	0.084370276	0.086373425	0.087435995	0.099855359	0.10718017	0.116636789	0.11935871	0.119206062	0.118766136	0.121101686	0.124637375	0.128793662	0.15449909	0.175117584	0.200499818	0.314019954
20230428	0.078013352	0.077695403	0.077519664	0.081598402	0.084554089	0.086290157	0.087013966	0.09983297	0.107819986	0.116828694	0.119658794	0.119790265	0.11950679	0.121880795	0.12542942	0.129251992	0.156507072	0.179402422	0.210051887	0.32029681
20230427	0.077828046	0.07760647	0.077519664	0.081598402	0.084737903	0.086117969	0.08701404	0.100178116	0.108672374	0.117432575	0.120317266	0.120565869	0.120446391	0.122720693	0.126126262	0.129957263	0.158303488	0.181917469	0.21450378	0.319107656
20230426	0.077828046	0.077145256	0.076269346	0.081780949	0.084554089	0.086529272	0.087754706	0.100386308	0.109168464	0.118109662	0.120884665	0.121420858	0.12099733	0.123088426	0.126533897	0.130681964	0.160533475	0.182657542	0.213757914	0.34441727
20230425	0.077828046	0.076895001	0.076269346	0.081780949	0.084921716	0.086447138	0.087972969	0.099946278	0.108851625	0.118326834	0.12114448	0.121576678	0.121117044	0.123003337	0.126458722	0.130332367	0.1617619	0.18330655	0.211539876	0.341486168
20230424	0.077828046	0.07687205	0.076269346	0.081780949	0.084554089	0.086439069	0.088309433	0.100146818	0.108805412	0.118453203	0.121659346	0.122305948	0.121569797	0.122925842	0.126597835	0.130875779	0.162128753	0.181707205	0.209549346	0.330329851
20230421	0.077828046	0.07687205	0.076269346	0.081963496	0.084554089	0.086626706	0.088308619	0.10007347	0.108850521	0.118873658	0.121781149	0.122108026	0.121334999	0.123436655	0.126630397	0.130498448	0.160941389	0.180262378	0.203624112	0.329461576
20230420	0.077828046	0.07687205	0.076269346	0.081050763	0.084921716	0.086568777	0.088677313	0.100324916	0.109255082	0.119399092	0.122242488	0.122490603	0.122485336	0.124110039	0.12738732	0.131312624	0.161690077	0.181215419	0.20892907	0.313638127
20230419	0.078569266	0.077604164	0.075733496	0.081415856	0.084186463	0.086747045	0.088676961	0.100017889	0.109064213	0.1181398	0.121247367	0.12134084	0.121400583	0.122690958	0.126408822	0.130638625	0.159305612	0.178115636	0.203974714	0.305896217
20230418	0.078569266	0.077604164	0.075733496	0.081415856	0.084186463	0.086665041	0.089057615	0.099714279	0.109070935	0.118887934	0.121901718	0.121760188	0.122081465	0.123737404	0.127467311	0.131518206	0.158588665	0.176055751	0.200429939	0.30881972
20230417	0.078569266	0.077604164	0.075733496	0.081050763	0.084186463	0.086633045	0.089265955	0.100601833	0.110271276	0.120120256	0.122930136	0.122758394	0.122833067	0.12424418	0.127749894	0.13216436	0.160264045	0.178681845	0.206870652	0.310881642
20230414	0.078569266	0.077604164	0.075733496	0.080503122	0.084554089	0.086603208	0.089600438	0.101157826	0.110935173	0.120860249	0.12418892	0.123810642	0.124191355	0.125738318	0.129250872	0.13397024	0.161473893	0.180010678	0.208715371	0.314564673
20230413	0.078569266	0.077604164	0.075733496	0.080503122	0.084554089	0.086755968	0.089600438	0.101045937	0.110127223	0.120218274	0.123353963	0.122787726	0.123711783	0.125501809	0.128608311	0.132912241	0.160937761	0.178730949	0.206970432	0.31918669
20230412	0.078569266	0.077604164	0.076805196	0.08123331	0.084737903	0.086722263	0.089230188	0.100385386	0.109712458	0.119661589	0.122488387	0.12205311	0.122944098	0.124549485	0.127875339	0.132451164	0.160033338	0.177521427	0.204495268	0.3151299
20230411	0.078569266	0.077604164	0.075733496	0.081050763	0.084737903	0.086651823	0.089230188	0.101097551	0.110509599	0.120370129	0.123882392	0.123625685	0.123797121	0.125642238	0.12871136	0.133360075	0.161014734	0.179507342	0.206177938	0.318623439
20230410	0.078569266	0.077604164	0.075733496	0.080868216	0.084737903	0.086621649	0.089267991	0.102148448	0.111541531	0.121707295	0.125267484	0.124662996	0.124861121	0.126709879	0.129590517	0.133979522	0.162138755	0.180701894	0.20888307	0.315600818
20230405	0.078569266	0.077604164	0.075733496	0.081050763	0.084737903	0.086898726	0.089443138	0.103246673	0.112644273	0.123000281	0.126599064	0.12609761	0.126338477	0.127789564	0.130728461	0.134902109	0.164470049	0.183626238	0.208613848	0.316203589
20230404	0.078569266	0.077604164	0.075733496	0.081050763	0.084737903	0.087009453	0.089445137	0.103633318	0.112868824	0.122244106	0.126635037	0.126041067	0.1259751	0.127172825	0.130407989	0.134918568	0.161505049	0.180054214	0.206053085	0.319690683
20230403	0.078569266	0.077238107	0.076983813	0.080685669	0.084554089	0.087096941	0.089627744	0.103665006	0.112774777	0.122571348	0.12642213	0.125920845	0.125639387	0.126797605	0.131014306	0.135393295	0.16191473	0.179965242	0.208116604	0.322631519
20230331	0.078305633	0.07725198	0.076983813	0.080503122	0.084554089	0.086848475	0.089258735	0.103310492	0.112649461	0.122087296	0.125749791	0.125426825	0.125586552	0.126292881	0.130432258	0.134815331	0.161450867	0.180884492	0.210290725	0.342096668
20230330	0.078569266	0.077334526	0.077341046	0.080503122	0.084554089	0.086793001	0.089441694	0.101848931	0.111188372	0.120303262	0.123564241	0.123135775	0.123403297	0.124415623	0.128280209	0.132551914	0.158626013	0.180127881	0.211063206	0.332557412
20230329	0.078754571	0.077348308	0.077341046	0.079772935	0.084370276	0.086350726	0.089437418	0.102162689	0.111447346	0.120853827	0.124353703	0.123951192	0.124089469	0.125167128	0.129308912	0.133885059	0.161443472	0.184901067	0.219864981	0.346909527
20230328	0.078661918	0.077380485	0.076447963	0.079955482	0.084370276	0.086154407	0.089332341	0.102067857	0.111464032	0.1210755	0.124411718	0.124027762	0.123744174	0.124765051	0.128639739	0.13348544	0.16105486	0.186509473	0.223128104	0.342843071
20230327	0.078754571	0.077382626	0.076447963	0.079955482	0.084370276	0.086086941	0.089812999	0.102453032	0.113238445	0.12237265	0.125936648	0.125674573	0.125628919	0.126710319	0.130645119	0.135339251	0.165519363	0.191883216	0.229543797	0.345024445
20230324	0.078754571	0.077604164	0.076447963	0.079955482	0.084370276	0.086054723	0.089999846	0.102819431	0.113753152	0.122607436	0.126053033	0.126244049	0.125700384	0.127562793	0.13147165	0.1361524	0.166821889	0.193124501	0.230116438	0.355509918
20230323	0.078754571	0.077645968	0.076447963	0.079590388	0.084370276	0.086776343	0.09017712	0.102818634	0.113678773	0.122762343	0.125966466	0.126746546	0.125941485	0.127802952	0.132001581	0.137042229	0.168040526	0.194848575	0.2313397	0.367004922
20230322	0.078754571	0.077787193	0.076090729	0.079407841	0.084554089	0.087579577	0.090176806	0.103164878	0.11387021	0.12338485	0.127415745	0.128009937	0.126677961	0.128168273	0.13294939	0.137557931	0.16992311	0.198464596	0.235344406	0.364407772
20230321	0.078754571	0.077787193	0.076090729	0.079407841	0.084370276	0.087795193	0.090385516	0.104584194	0.1147428	0.124347898	0.128302946	0.128042748	0.126740548	0.12818029	0.132713228	0.137664262	0.170985885	0.199941694	0.237378324	0.358315793
20230317	0.078754571	0.077787193	0.076090729	0.079407841	0.084186463	0.087748493	0.090243562	0.105330472	0.115320285	0.124960341	0.129036026	0.128583779	0.127863306	0.128917261	0.133938819	0.139332798	0.171534329	0.199807731	0.23618512	0.367303597
20230316	0.078754571	0.077787193	0.076090729	0.079772935	0.084554089	0.088073236	0.09064408	0.105963268	0.116506509	0.125670449	0.129592429	0.128906968	0.127953472	0.129003336	0.133781462	0.139070771	0.17106456	0.199403661	0.239251821	0.36263406
20230315	0.078754571	0.077787193	0.076090729	0.080320575	0.085105529	0.088025253	0.091266748	0.106719483	0.118438868	0.127157397	0.131109856	0.130114087	0.128821031	0.130274046	0.134690097	0.139946132	0.174141158	0.203267078	0.2434811	0.360516121
20230314	0.078754571	0.077787193	0.076805196	0.080685669	0.084554089	0.08840194	0.090367614	0.107282562	0.119153649	0.128070163	0.13167841	0.13056197	0.129845927	0.131524376	0.135778765	0.140746225	0.173619007	0.203266259	0.243746932	0.380589464
20230313	0.078754571	0.077787193	0.076805196	0.080685669	0.084370276	0.088176099	0.090244247	0.107327569	0.120199525	0.128681798	0.13223624	0.130823857	0.13088868	0.132787132	0.136823584	0.141584039	0.174034998	0.202807779	0.24320988	0.380598134
20230310	0.078754571	0.077787193	0.076805196	0.080685669	0.084370276	0.08810906	0.090006306	0.107627229	0.120069952	0.129258743	0.133023345	0.132016642	0.131842492	0.133802044	0.137851243	0.142698719	0.174809542	0.203869656	0.243543977	0.391898648
20230309	0.079681095	0.078702336	0.076805196	0.080503122	0.084370276	0.088006737	0.090185007	0.107310105	0.119865241	0.129033346	0.132879066	0.132040071	0.131594594	0.133540863	0.137302482	0.142363539	0.174068069	0.201184658	0.237426415	0.402465581
20230308	0.078754571	0.078702336	0.076805196	0.079955482	0.084554089	0.087934214	0.090184933	0.107518208	0.119990695	0.128954831	0.133814216	0.132298617	0.132035542	0.133627897	0.137208822	0.142694214	0.174337156	0.200695671	0.236805814	0.401599765
20230307	0.078754571	0.07943339	0.07769828	0.079955482	0.084554089	0.087863513	0.090371669	0.106711264	0.11863558	0.128807914	0.132780267	0.131094403	0.131220833	0.133275018	0.136621066	0.141182811	0.172414692	0.19781083	0.233014709	0.384272503
20230306	0.078754571	0.078891771	0.077876896	0.080138029	0.084737903	0.087723321	0.090604056	0.107037085	0.119090785	0.129574826	0.13367053	0.13172399	0.131918024	0.134269387	0.13761573	0.142565001	0.173787383	0.199809147	0.235808915	0.389756884
20230303	0.078754571	0.078702336	0.077914906	0.079772935	0.084921716	0.087965391	0.090734624	0.10627033	0.118305709	0.129038672	0.133297955	0.131525346	0.131461077	0.133831793	0.137156668	0.142084705	0.173264348	0.200095807	0.238551941	0.373839225
20230302	0.078754571	0.078571599	0.07769828	0.080138029	0.085840782	0.088038638	0.091834266	0.106149496	0.118169327	0.128663493	0.13323327	0.132187143	0.132272901	0.134411762	0.137705225	0.142592103	0.174533229	0.200711446	0.239431008	0.375849344
20230301	0.077828046	0.078311021	0.076805196	0.080138029	0.086943661	0.089351465	0.090156146	0.106110316	0.118033238	0.12902979	0.1341933	0.132609683	0.132538135	0.135222298	0.138839296	0.14404257	0.176413418	0.203552378	0.240971602	0.389066898
20230228	0.078383962	0.077972363	0.07823413	0.080320575	0.086208408	0.089077752	0.09015909	0.105009009	0.116547344	0.127858419	0.132649213	0.131531852	0.131880356	0.1340632	0.137818184	0.142834937	0.175709399	0.203544877	0.241049494	0.37842402
20230227	0.077828046	0.077421136	0.076447963	0.080320575	0.085289342	0.089000099	0.089785619	0.103599789	0.115733431	0.127179596	0.131782067	0.130871019	0.130950929	0.133137161	0.136823113	0.141803804	0.175410157	0.203524489	0.242203563	0.399489319
20230224	0.077828046	0.07687205	0.075733496	0.078860202	0.083083583	0.087837747	0.088489875	0.102828731	0.115212277	0.126810872	0.131663454	0.130685235	0.13035979	0.131761084	0.135649206	0.140619796	0.17525904	0.202570716	0.240811394	0.386639502
20230223	0.077828046	0.07687205	0.075733496	0.078860202	0.083083583	0.086918545	0.087564417	0.10309695	0.114778723	0.126527069	0.131193683	0.130194225	0.1297551	0.132058568	0.135313078	0.139551846	0.174365226	0.200977249	0.23495969	0.377165309
20230222	0.077828046	0.077194711	0.075554878	0.077582374	0.082532144	0.086043105	0.087564361	0.104481585	0.116259274	0.127992778	0.132467471	0.131281709	0.131320019	0.132797751	0.136147226	0.140941227	0.173868197	0.199852873	0.232559611	0.374181831
20230221	0.078013352	0.077062015	0.075554878	0.077582374	0.082532144	0.085921521	0.087566842	0.104927532	0.116887299	0.128425048	0.133301642	0.132717437	0.132474478	0.133989967	0.137126246	0.141966988	0.174084253	0.201011891	0.232969753	0.375496288
20230220	0.077828046	0.077055078	0.075554878	0.078130014	0.082532144	0.085889415	0.087591741	0.105623543	0.117654637	0.128851723	0.133944708	0.133336274	0.132494768	0.133565322	0.13743943	0.142092972	0.17446695	0.200899199	0.234088553	0.350282859
20230217	0.077828046	0.077342689	0.076447963	0.077582374	0.082532144	0.085856174	0.087934314	0.106068143	0.11829466	0.129612348	0.134321965	0.133850125	0.133577314	0.13520763	0.138597451	0.143341717	0.175605165	0.200331988	0.232246185	0.375604145
20230216	0.077828046	0.077232231	0.076447963	0.077947467	0.082715956	0.086001107	0.087749189	0.106131093	0.118599606	0.130399909	0.135663115	0.135645196	0.135278084	0.136371391	0.140367573	0.145598736	0.177546591	0.202691332	0.235514429	0.381901048
20230215	0.077828046	0.07687205	0.075019029	0.078130014	0.082164517	0.086535333	0.087193815	0.106033817	0.118752794	0.131333964	0.135854942	0.136036341	0.135816795	0.137502499	0.141550385	0.146556408	0.177668967	0.201827421	0.233445934	0.388778747
20230214	0.077828046	0.07687205	0.075019029	0.078130014	0.082532144	0.086873201	0.087193815	0.105527665	0.118056336	0.131105448	0.135953837	0.136092492	0.136105217	0.137512729	0.141787745	0.146949505	0.177568297	0.201750262	0.233346873	0.388668243
20230213	0.077828046	0.07687205	0.074661795	0.078312561	0.082532144	0.086440966	0.087228285	0.10418306	0.117265642	0.130601321	0.135610069	0.136205367	0.136264512	0.138265553	0.142246018	0.147812416	0.179859296	0.205274614	0.239220536	0.379294225
20230210	0.077828046	0.07687205	0.074661795	0.077947467	0.082715956	0.086416593	0.087776532	0.101875747	0.115176354	0.127888169	0.133009991	0.133477848	0.133769941	0.135999888	0.139834278	0.144504847	0.176070485	0.19941564	0.227581271	0.368055564
20230209	0.078013352	0.076935011	0.074661795	0.077947467	0.082715956	0.086388986	0.087589927	0.101116769	0.114193842	0.12695231	0.131836156	0.132549693	0.132300015	0.134714708	0.138300127	0.143048093	0.172603243	0.196434699	0.225881169	0.355231583
20230208	0.078013352	0.077555076	0.076447963	0.077947467	0.08345121	0.086476716	0.08722175	0.100657113	0.113015772	0.126314363	0.130562174	0.130356038	0.131240997	0.133887453	0.137439214	0.142092514	0.171442905	0.19595086	0.224176045	0.360464387
20230207	0.078013352	0.077059874	0.075912112	0.07776492	0.08345121	0.086356694	0.08727664	0.100226311	0.112044465	0.125133384	0.129530117	0.129928227	0.130306715	0.133531298	0.137019286	0.141469466	0.169558502	0.192396281	0.219524802	0.352696866
20230203	0.077828046	0.077055078	0.075912112	0.07776492	0.08345121	0.086336765	0.087221084	0.100304335	0.112583253	0.124809498	0.129747897	0.130413258	0.130471089	0.133181083	0.13713482	0.14224409	0.169834602	0.190509813	0.219444682	0.361642156
20230202	0.077828046	0.076545471	0.073947328	0.07776492	0.083635023	0.086365803	0.087224342	0.100094053	0.112320142	0.12416796	0.129281878	0.13004854	0.130918989	0.134227329	0.137905411	0.142947988	0.171360855	0.192477401	0.222022165	0.348820837
20230201	0.077828046	0.076614143	0.073947328	0.07776492	0.083635023	0.08618155	0.087032312	0.098231322	0.110824733	0.122795161	0.12748657	0.128477711	0.128759091	0.131966299	0.135851265	0.140804452	0.169201289	0.190273872	0.216690781	0.356010496
20230131	0.077828046	0.073478807	0.071102696	0.077947467	0.083267397	0.08628274	0.087029979	0.09769313	0.110089612	0.122689036	0.127026978	0.128020102	0.128853351	0.131754129	0.135661258	0.140361938	0.167879631	0.189418147	0.217914923	0.348909318
20230130	0.075570496	0.074020426	0.070374993	0.077947467	0.083267397	0.086269299	0.087253796	0.098120761	0.11045194	0.123147012	0.128294563	0.129169865	0.129767004	0.132998423	0.136683476	0.141625224	0.16955664	0.192275362	0.22174154	0.355719246
20230127	0.077828046	0.074126619	0.070374993	0.078312561	0.083267397	0.086571678	0.087398933	0.098216125	0.110749888	0.122913692	0.128463353	0.129392526	0.129952246	0.132619886	0.136318417	0.141478722	0.16985052	0.190982771	0.220112832	0.353342921
20230126	0.077828046	0.074365142	0.070374993	0.077947467	0.083818836	0.086901609	0.087773497	0.099631191	0.111752792	0.123487013	0.128779419	0.130018619	0.130271186	0.132713501	0.136873051	0.142112624	0.171081745	0.192155884	0.219370943	0.361165494
20230125	0.077828046	0.07399535	0.070374993	0.077947467	0.08400265	0.087012911	0.087960639	0.100725076	0.112073269	0.123572439	0.130228667	0.130411843	0.13068699	0.133368527	0.137131698	0.142356596	0.170582524	0.192396519	0.21856527	0.35991733
20230124	0.077828046	0.074112214	0.074125945	0.07776492	0.084554089	0.086981437	0.08796473	0.101425356	0.113761236	0.124382722	0.13079557	0.130964273	0.131269279	0.13336922	0.13720272	0.14244768	0.168523329	0.18885621	0.213140904	0.359689795
20230123	0.076821675	0.074508892	0.071446694	0.078130014	0.084737903	0.087034346	0.088216408	0.102270789	0.114616502	0.125054971	0.131463837	0.132359948	0.132394176	0.134537003	0.138408399	0.142967244	0.170220959	0.192808806	0.218243647	0.360230187
20230120	0.077828046	0.074675705	0.071446694	0.079407841	0.085105529	0.087436055	0.088707932	0.103348006	0.115929109	0.125661128	0.13148971	0.132752794	0.133084993	0.135556258	0.138740361	0.142837932	0.16985583	0.192557528	0.215711556	0.382661957
20230119	0.077828046	0.0748742	0.071446694	0.079407841	0.085473155	0.087693389	0.089076165	0.102728904	0.114759382	0.124547084	0.129851394	0.131913887	0.13192724	0.134699508	0.137778629	0.142205144	0.169283519	0.189918141	0.213376275	0.368872821
20230118	0.077828046	0.074808035	0.072161161	0.079407841	0.085656969	0.087663514	0.089262252	0.103308507	0.115083065	0.125064529	0.131307903	0.133086252	0.132550362	0.135629677	0.139284116	0.143774713	0.173148271	0.192968336	0.216315209	0.384310704
20230117	0.077130448	0.075595223	0.072339778	0.079407841	0.084737903	0.087158904	0.088814084	0.103194369	0.114381609	0.123532154	0.129574314	0.130287584	0.130623011	0.133639794	0.137459214	0.14219679	0.170839418	0.189964764	0.216956998	0.375296949
20230116	0.077828046	0.075773878	0.072339778	0.079407841	0.084186463	0.087048438	0.088154706	0.101978657	0.112908401	0.121786822	0.126919057	0.127680198	0.12713972	0.129492087	0.134097933	0.139120223	0.167239753	0.187849427	0.219561691	0.351074242
20230113	0.077828046	0.075930751	0.072161161	0.079407841	0.08400265	0.087109025	0.087599128	0.10148216	0.111607826	0.11993651	0.124810553	0.124883805	0.125680938	0.127994073	0.132482263	0.136983147	0.165655764	0.189230188	0.222262675	0.362340723
20230112	0.078939876	0.075959578	0.072161161	0.077947467	0.083635023	0.086321055	0.087228785	0.100720488	0.110708036	0.118613183	0.123177414	0.122522917	0.123566418	0.126068641	0.130989133	0.137862407	0.162951904	0.183225206	0.214223906	0.375357527
20230111	0.078939876	0.076034272	0.072339778	0.078495108	0.083635023	0.086296812	0.087046474	0.100704706	0.110788499	0.118899364	0.123398802	0.122933713	0.123498555	0.12568002	0.130870033	0.13533643	0.164645543	0.186709205	0.218948424	0.35599057
20230110	0.078474817	0.076699801	0.072339778	0.077217281	0.083635023	0.086224272	0.087117488	0.100192516	0.110506996	0.118048222	0.122229247	0.122482532	0.121910393	0.12408085	0.129452104	0.13584733	0.162417366	0.186059274	0.21800601	0.329018772
20230109	0.078939876	0.07687205	0.072339778	0.078312561	0.08345121	0.086057903	0.087050343	0.100261771	0.110813235	0.11873677	0.123443528	0.123147355	0.123125062	0.124743243	0.130330227	0.136602166	0.164168614	0.187436583	0.216465038	0.335329367
20230106	0.078939876	0.077028923	0.072339778	0.078495108	0.083083583	0.0862028	0.086824399	0.099767488	0.110606352	0.118253427	0.123478315	0.123714707	0.122012054	0.123639339	0.128936758	0.134643224	0.163302902	0.184848487	0.21518445	0.324577162
20230105	0.080051705	0.07705775	0.072339778	0.078495108	0.083083583	0.086179115	0.086639366	0.099272868	0.109848185	0.119067097	0.123802173	0.124545197	0.122530785	0.123803002	0.128477274	0.133984064	0.162576549	0.182937266	0.20714105	0.328185924
20230104	0.080051705	0.077246635	0.074661795	0.079042748	0.082348331	0.086219271	0.087009597	0.101000841	0.111877314	0.122222969	0.12621081	0.128280287	0.127140353	0.128517622	0.133173183	0.138610474	0.165787302	0.186154069	0.216398379	0.32926851
20230103	0.079586645	0.077797973	0.072875628	0.080138029	0.082532144	0.086295381	0.087017668	0.103351496	0.114395812	0.124217079	0.1283163	0.129631586	0.129093861	0.13083667	0.135110382	0.140527635	0.168088707	0.189258482	0.216114846	0.363463795
20230102	0.080051705	0.077970222	0.072875628	0.080320575	0.08179689	0.086268982	0.087009671	0.103749371	0.114150731	0.123930831	0.128077872	0.1293675	0.127981614	0.130352274	0.13411331	0.139277232	0.165791931	0.187148411	0.215572425	0.361887582
20221230	0.080051705	0.078127095	0.072875628	0.080320575	0.082164517	0.086052121	0.086824399	0.102342346	0.112036018	0.122478387	0.126727969	0.126514098	0.125661478	0.127674553	0.131305579	0.136263904	0.162081115	0.182633113	0.209381125	0.358001066
20221229	0.08023701	0.078262646	0.073768712	0.079590388	0.082164517	0.086019289	0.087379717	0.101865067	0.111218503	0.121801739	0.125558541	0.125113288	0.124815575	0.126109128	0.129738599	0.134683259	0.160866405	0.183443879	0.213613598	0.323009296
20221228	0.08023701	0.078340543	0.076983813	0.082146043	0.083083583	0.086497611	0.087379569	0.100896886	0.110646809	0.120007271	0.124218417	0.123461358	0.122614549	0.124171614	0.128670097	0.1339096	0.158911572	0.181667106	0.212400126	0.327913334
20221227	0.080004471	0.078616203	0.075019029	0.081598402	0.083635023	0.086831093	0.087568563	0.099798325	0.109408081	0.118776803	0.122862742	0.122076043	0.121219084	0.122733016	0.127141985	0.13242697	0.15817975	0.181520232	0.213184488	0.312754969
20221226	0.08023701	0.078702336	0.075019029	0.081780949	0.083818836	0.087004861	0.087777902	0.098365016	0.108215101	0.117263459	0.121519171	0.120523962	0.120751515	0.12166792	0.125761764	0.130935515	0.15659508	0.181189925	0.214878667	0.345925961
20221223	0.08023701	0.078723146	0.076805196	0.081963496	0.083818836	0.086992982	0.087934314	0.097785713	0.107417218	0.117330293	0.121839614	0.120840585	0.121051882	0.121376031	0.12588494	0.131199549	0.158925064	0.185790519	0.222283726	0.33210375
20221222	0.080422315	0.078862779	0.075019029	0.081963496	0.08400265	0.087174576	0.088119439	0.096888099	0.106244044	0.117189546	0.122417162	0.12114605	0.121333747	0.121601655	0.126613149	0.13220124	0.160768513	0.186373974	0.220786736	0.34730469
20221221	0.080422315	0.077916319	0.074304562	0.082511137	0.084554089	0.087146095	0.087749189	0.096086539	0.105363009	0.116829301	0.121495413	0.120163416	0.120688238	0.120941248	0.125942115	0.131647865	0.159412326	0.183931154	0.210681103	0.356273586
20221220	0.080422315	0.078375759	0.074304562	0.082511137	0.084370276	0.087150539	0.087749189	0.096134983	0.105495426	0.116682755	0.121774208	0.119614568	0.12011677	0.121289542	0.125594917	0.130891966	0.157269901	0.17895017	0.205316729	0.346830598
20221219	0.080422315	0.078519307	0.074304562	0.08287623	0.084186463	0.087104991	0.087773163	0.096493677	0.106539924	0.117990828	0.122801584	0.121228146	0.12089989	0.122433347	0.126102771	0.130990648	0.156722724	0.17831011	0.204565892	0.345833439
20221216	0.080422315	0.078650045	0.074304562	0.082693684	0.084370276	0.087105382	0.087775644	0.096268357	0.107233848	0.118411805	0.124283118	0.120858414	0.121351293	0.122313221	0.126183424	0.131090965	0.155314239	0.175429047	0.20300319	0.343363801
20221215	0.080607619	0.078773662	0.074304562	0.08287623	0.085105529	0.08730369	0.088139285	0.095000713	0.106860089	0.117077352	0.121123511	0.119105068	0.118175166	0.11964192	0.122398469	0.126555095	0.150675539	0.170354517	0.19497892	0.34307792
20221214	0.080607619	0.079429655	0.076269346	0.08342387	0.086024595	0.08767768	0.088323114	0.094609126	0.106745047	0.116826587	0.121111761	0.11903386	0.119246806	0.120747609	0.123762003	0.127782183	0.149010703	0.16871158	0.194076171	0.32593874
20221213	0.080762646	0.080043094	0.079484448	0.083606417	0.086392222	0.088022391	0.08854754	0.094433294	0.106919334	0.116478073	0.120653387	0.11856482	0.118452499	0.121190666	0.123721236	0.127555858	0.148312217	0.168193887	0.190309421	0.342298728
20221209	0.080607619	0.079983537	0.079484448	0.083606417	0.086392222	0.087951839	0.088511553	0.095194877	0.107267633	0.11638132	0.121048134	0.11926533	0.119155275	0.1219388	0.124469687	0.128475214	0.149773979	0.169933861	0.194656886	0.319738376
20221208	0.080607619	0.079931245	0.079484448	0.083606417	0.086392222	0.088240163	0.088304879	0.094750631	0.106508638	0.116669827	0.120767303	0.119822473	0.119433031	0.121917805	0.124859307	0.129318906	0.149987917	0.169051282	0.191550396	0.322400334
20221207	0.080607619	0.079857613	0.079484448	0.083606417	0.086576035	0.088667007	0.088489966	0.095124984	0.106941433	0.116900214	0.121724544	0.120808859	0.12036516	0.123697823	0.127447908	0.13217306	0.153869097	0.177178099	0.197747438	0.341414861
20221206	0.080607619	0.076742374	0.07823413	0.083606417	0.086576035	0.088867509	0.088860087	0.095146362	0.107043426	0.115945999	0.120786348	0.119295295	0.11947682	0.122177427	0.125446821	0.129699084	0.150661057	0.172841079	0.1881955	0.330579959
20221205	0.080607619	0.076021479	0.07823413	0.083606417	0.086576035	0.088802367	0.089786044	0.094990581	0.106963221	0.116102523	0.121276655	0.119790957	0.119658093	0.122389703	0.1254337	0.129568051	0.150524422	0.168576097	0.182185496	0.327127652
20221202	0.080607619	0.075956906	0.07823413	0.083606417	0.086576035	0.088779705	0.089785601	0.095411288	0.106928039	0.116076396	0.121190697	0.119799601	0.119644571	0.122401173	0.12542347	0.129689952	0.151416427	0.168083541	0.181664452	0.326330171
20221201	0.080607619	0.076095642	0.07823413	0.085796978	0.088414168	0.090894983	0.088196173	0.09536102	0.106952913	0.11586782	0.119239968	0.11811537	0.11819682	0.121558185	0.124539588	0.128607633	0.150121338	0.164624726	0.179303241	0.328820361
20221130	0.080607619	0.076682615	0.07823413	0.084154057	0.088414168	0.090877209	0.088188565	0.095402944	0.107012847	0.115428419	0.119526153	0.118142294	0.118728736	0.122389531	0.125231947	0.129087768	0.149551007	0.163726173	0.181106002	0.317989952
20221129	0.080607619	0.079617479	0.07769828	0.083058777	0.088046541	0.090505301	0.08850735	0.094688496	0.105922102	0.114602747	0.118948189	0.117994636	0.118664602	0.121709951	0.124523065	0.128477752	0.148597606	0.162235082	0.177455576	0.304155166
20221128	0.079681095	0.078702336	0.076805196	0.080320575	0.086392222	0.089857617	0.08485317	0.095277275	0.10657776	0.114492004	0.118498858	0.11744722	0.119247453	0.121465636	0.12399833	0.127755971	0.14880166	0.163171228	0.176605528	0.308896568
20221125	0.079681095	0.078702336	0.076805196	0.080320575	0.086392222	0.089719655	0.089393653	0.0966194	0.107559995	0.117385766	0.121600064	0.122014727	0.121590172	0.125613009	0.128786102	0.132952486	0.155195469	0.170938537	0.190501815	0.344709817
20221124	0.079681095	0.078231697	0.074661795	0.080685669	0.086392222	0.089179666	0.089556601	0.097858192	0.110032503	0.121836749	0.125421172	0.125566471	0.125084381	0.130532884	0.133707357	0.138056803	0.16025564	0.180736266	0.202155526	0.344706687
20221123	0.079681095	0.078342154	0.074661795	0.080503122	0.085473155	0.088614897	0.089641036	0.097345824	0.108637347	0.118566964	0.12268116	0.121609247	0.122206863	0.125975719	0.129196068	0.13327008	0.153744869	0.173439926	0.197740959	0.350280229
20221122	0.079681095	0.077521985	0.074661795	0.079772935	0.085289342	0.088135366	0.087902455	0.096077329	0.107730456	0.116004202	0.120441393	0.118494454	0.119131229	0.121547114	0.125461905	0.129909593	0.151458915	0.17218916	0.198014733	0.332815345
20221118	0.079371062	0.077859654	0.074661795	0.079590388	0.085289342	0.087620402	0.085943204	0.096919662	0.108308113	0.117001501	0.121088724	0.120485895	0.118973131	0.121573066	0.125086412	0.129386007	0.152716836	0.173958853	0.199242599	0.35113255
20221117	0.079681095	0.077970222	0.074125945	0.082511137	0.085289342	0.087581398	0.087644687	0.096256313	0.107480376	0.11639917	0.12042711	0.119573672	0.11803042	0.120934932	0.12420295	0.128528899	0.150691904	0.172041681	0.194569737	0.375644389
20221116	0.079495791	0.078061462	0.074304562	0.082693684	0.085473155	0.087581659	0.087487478	0.096831242	0.107419545	0.116184106	0.121304757	0.119834625	0.117927647	0.121444467	0.124535396	0.128656999	0.151864541	0.173773296	0.19783117	0.35632483
20221115	0.079681095	0.078130664	0.074304562	0.082693684	0.084737903	0.086955187	0.086760215	0.094661643	0.105145594	0.113193102	0.11837287	0.11641908	0.115793612	0.119559136	0.122834233	0.126748834	0.149173492	0.169525193	0.19849964	0.339829572
20221114	0.079681095	0.07770234	0.075197646	0.082693684	0.084554089	0.086370897	0.086213746	0.093529322	0.102966827	0.110406813	0.114271284	0.113937864	0.113205711	0.116322415	0.118643516	0.121894492	0.142412052	0.162942024	0.190550251	0.308543617
20221111	0.080344802	0.079222705	0.076805196	0.08232859	0.084554089	0.086447138	0.086146211	0.094322397	0.10387608	0.110948546	0.115327259	0.11594364	0.11526368	0.118733439	0.120936322	0.124191918	0.144208969	0.167976209	0.193120021	0.313676765
20221110	0.080422315	0.079251422	0.076805196	0.08232859	0.084737903	0.086447138	0.086423863	0.095246119	0.10466555	0.111689331	0.117258558	0.118332476	0.116299454	0.120302408	0.122595649	0.125997835	0.147180918	0.170368318	0.19221129	0.351807586
20221109	0.079681095	0.07838857	0.075019029	0.08232859	0.084737903	0.086170749	0.086240163	0.095470837	0.104525032	0.111018296	0.115680165	0.115921626	0.115470111	0.118721969	0.120866854	0.124119558	0.142813859	0.169608589	0.195148402	0.316570383
20221108	0.080422315	0.079434451	0.076983813	0.082511137	0.084921716	0.086153961	0.086242514	0.094112469	0.101788275	0.109986628	0.114263348	0.113158947	0.113897793	0.117455414	0.119621543	0.122671703	0.141228955	0.168369811	0.193301377	0.359939405
20221107	0.079681095	0.079407766	0.078591363	0.081963496	0.083635023	0.085235316	0.085327719	0.095108529	0.102956295	0.111298021	0.116079608	0.116245853	0.114881055	0.120011052	0.122652174	0.126153198	0.145672242	0.173805226	0.202038105	0.328545623
20221104	0.079827653	0.079145558	0.078591363	0.081963496	0.083635023	0.085215871	0.085030354	0.093416458	0.100356333	0.10944658	0.114788314	0.114528617	0.11306748	0.118954082	0.121842689	0.125470228	0.144032443	0.169890055	0.197876674	0.313725982
20221103	0.079681095	0.078885365	0.07769828	0.080685669	0.082715956	0.084277352	0.084214989	0.091948255	0.09874664	0.107182303	0.111457753	0.110385593	0.110820217	0.114230909	0.117089302	0.120762015	0.139951445	0.162152649	0.182199152	0.299923367
20221101	0.079681095	0.078375759	0.075912112	0.080685669	0.082715956	0.084268409	0.083847201	0.091420159	0.0986805	0.106987162	0.110697629	0.109219085	0.1101426	0.113341759	0.11592463	0.119457185	0.139776366	0.159563281	0.177896997	0.292442399
20221031	0.079681095	0.077408324	0.074483179	0.080503122	0.082532144	0.084262963	0.084401743	0.090429661	0.097686078	0.105491752	0.109001601	0.107469474	0.108333316	0.111991075	0.114638477	0.11813806	0.137789069	0.157349609	0.175930572	0.281941613
20221028	0.079681095	0.075409961	0.073232862	0.078130014	0.079591132	0.083369285	0.084033678	0.090252625	0.097201811	0.104893434	0.108781367	0.107700975	0.108644533	0.112028337	0.114667255	0.118150461	0.138363753	0.157980855	0.176837822	0.283411823
20221027	0.079681095	0.076552957	0.073232862	0.077947467	0.079591132	0.083302246	0.083535655	0.090112767	0.096127476	0.104129775	0.10853045	0.107993204	0.108959055	0.112346084	0.114979051	0.118589224	0.1395211	0.159526793	0.177809614	0.312061198
20221026	0.079681095	0.07687205	0.073232862	0.077947467	0.079591132	0.082543074	0.082872186	0.089562317	0.096186428	0.103840038	0.10735381	0.107536722	0.108306947	0.111921413	0.114933418	0.118846513	0.140941544	0.163464459	0.186782666	0.299328323
20221025	0.079681095	0.076285076	0.070732227	0.076852187	0.079407318	0.081032684	0.082935943	0.088123624	0.094313779	0.102382942	0.106370181	0.105860444	0.106989365	0.111227286	0.113856662	0.117439175	0.138483341	0.161460145	0.186069032	0.290542186
20221024	0.079681095	0.076390903	0.070374993	0.076852187	0.079407318	0.081031904	0.082565693	0.087334569	0.093834995	0.101719812	0.105701675	0.105934995	0.10712792	0.111044373	0.113496863	0.116876556	0.13782945	0.161142437	0.189793237	0.282419376
20221021	0.078518437	0.076584969	0.071446694	0.07666964	0.079407318	0.080842519	0.080344195	0.085179177	0.092862929	0.09932025	0.101953811	0.102543121	0.103856829	0.10687202	0.109130726	0.112470989	0.132009291	0.149773601	0.176504384	0.261489399
20221020	0.079681095	0.07687205	0.070374993	0.076122	0.078672065	0.080498088	0.080339844	0.084692261	0.092068459	0.098669762	0.101031246	0.100556815	0.102187015	0.105558864	0.107258906	0.110194565	0.129661015	0.145101861	0.170223329	0.257528139
20221019	0.079681095	0.077133524	0.070196377	0.076122	0.07830444	0.080502028	0.080340048	0.084601184	0.092197566	0.098980602	0.101073278	0.101465908	0.102994561	0.10504115	0.106714196	0.109836452	0.129047961	0.145267682	0.170403052	0.263594107
20221018	0.079681095	0.07516236	0.07001776	0.075391812	0.077752999	0.080126271	0.079601177	0.083970992	0.092085075	0.09765264	0.099906641	0.100401689	0.101173191	0.10380457	0.105798733	0.109020841	0.128064693	0.146148719	0.168579239	0.259953824
20221017	0.079681095	0.073369429	0.070196377	0.075756906	0.078120626	0.08031218	0.079786136	0.083230683	0.090360358	0.096943291	0.09892949	0.098874197	0.099631265	0.10196327	0.104077505	0.10732342	0.126628405	0.144040867	0.165791271	0.260540636
20221014	0.078013352	0.074151694	0.070196377	0.075756906	0.078120626	0.081537981	0.080134115	0.083941005	0.090260571	0.096640457	0.099152849	0.099295246	0.099866626	0.101657378	0.103683106	0.106984626	0.12537292	0.142104851	0.163309746	0.25668693
20221013	0.079681095	0.074492676	0.069660526	0.075756906	0.079958759	0.083363745	0.082559936	0.083538791	0.090257727	0.096059483	0.099331001	0.099575655	0.099902254	0.101703446	0.10319259	0.106077125	0.124701887	0.140656277	0.159668601	0.25638355
20221012	0.079681095	0.074889153	0.069660526	0.075756906	0.080877825	0.083664953	0.084039639	0.085053613	0.091877521	0.098119735	0.101041168	0.100794203	0.101054518	0.10264049	0.104287462	0.107325882	0.124760303	0.139426025	0.15485137	0.260237218
20221011	0.077982461	0.074727996	0.069660526	0.07776492	0.08179689	0.084133999	0.084595772	0.086660947	0.09368141	0.098899306	0.101089005	0.100199204	0.100609786	0.102195236	0.104105251	0.107186422	0.123142647	0.135553786	0.152736123	0.245963541
20221010	0.078364689	0.075492232	0.068588827	0.078130014	0.082164517	0.084087651	0.084736245	0.086165123	0.093872158	0.098598798	0.100939003	0.100195801	0.100194107	0.101216174	0.102654505	0.105404005	0.122412867	0.134728169	0.150740961	0.242133486
20221007	0.079681095	0.075773878	0.068588827	0.078130014	0.081980704	0.08496575	0.085151481	0.086129556	0.093656363	0.098589695	0.101079162	0.100029185	0.099713931	0.100696169	0.102285267	0.105226713	0.121368906	0.13357328	0.148492854	0.233352379
20221006	0.079681095	0.076076973	0.068946059	0.079590388	0.081980704	0.084936413	0.085521601	0.087530026	0.095016856	0.100594576	0.102784392	0.102356991	0.101665019	0.10286838	0.104209638	0.106862937	0.123346616	0.134567812	0.148334384	0.249321931
20221005	0.079681095	0.076006525	0.068588827	0.079225294	0.081980704	0.084922061	0.085707985	0.088476331	0.095273365	0.101497718	0.103277905	0.102990974	0.102054693	0.103170593	0.104739888	0.107528111	0.123309576	0.135009429	0.147306893	0.237404578
20221004	0.079681095	0.076395003	0.073947328	0.079955482	0.083635023	0.085361548	0.08589311	0.088382934	0.095502657	0.10114789	0.102789089	0.102471958	0.101815181	0.102750292	0.103942008	0.106406971	0.121654901	0.134489126	0.145863354	0.234602623
20221003	0.079438828	0.077659018	0.073947328	0.079407841	0.083641585	0.085342251	0.085859435	0.08876345	0.095626456	0.101167931	0.103391452	0.103570283	0.102787989	0.103200036	0.104285576	0.106758895	0.122147812	0.13467866	0.146130186	0.23520636
20220930	0.079681095	0.077970222	0.073947328	0.080320575	0.083645979	0.085335707	0.085893701	0.088412567	0.095328215	0.100586552	0.103275677	0.102956929	0.102074674	0.102737036	0.103855279	0.106374226	0.121423279	0.133269843	0.145241591	0.238630199
20220929	0.079681095	0.076858175	0.071982544	0.077582374	0.08345121	0.085524756	0.086263822	0.087957286	0.095586706	0.100846624	0.102982774	0.102913396	0.102312525	0.102567351	0.10355463	0.106064712	0.1203204	0.131542978	0.145522811	0.234311578
20220928	0.079681095	0.077314942	0.071982544	0.07666964	0.083083583	0.085642752	0.086263969	0.087959695	0.095333731	0.100793645	0.102857862	0.102464022	0.10223857	0.102818621	0.103730077	0.106096072	0.121380398	0.132564111	0.144408204	0.237262048
