DATE 	1	7	30	90	180	270	360	720	1080	1440	1800	2160	2520	2880	3240	3600
20230929	7.9620624	8.062848	8.166184484	8.230223654	8.311932555	8.323270935	8.315171805	8.176813333	8.01777164	7.964277667	7.952537153	7.98017458	8.010125037	8.042225251	8.073908212	8.104780857
20230928	7.979677582	8.080686159	8.184251264	8.248432113	8.330321787	8.332845244	8.315777705	8.15260327	8.005280804	7.908117227	7.900994647	7.915945575	7.946420672	7.989434526	8.042494036	8.082378038
20230927	7.997292764	8.098524318	8.202318043	8.266640573	8.348711018	8.359557931	8.35087249	8.153465365	7.977462028	7.874927049	7.873605125	7.87335086	7.881375862	7.90656526	7.955869991	8.00332484
20230926	7.926832036	8.027171682	8.130050924	8.193806734	8.275154093	8.321258864	8.348450713	8.152916759	7.93265031	7.895659844	7.857688431	7.811715462	7.833357948	7.869698291	7.910515254	7.941996362
20230925	7.926832036	8.027171682	8.130050924	8.193806734	8.275154093	8.329826218	8.36569333	8.135707952	7.885730132	7.882080508	7.880880965	7.875687458	7.872220023	7.884996714	7.919292811	7.938353542
20230922	7.926832036	8.027171682	8.130050924	8.193806734	8.275154093	8.329826218	8.36569333	8.058742906	7.870502753	7.805943827	7.823507275	7.773127911	7.743993421	7.753376144	7.81151419	7.834670779
20230921	7.926832036	8.027171682	8.130050924	8.193806734	8.275154093	8.329826218	8.36569333	8.105769747	7.850949657	7.813108553	7.871642815	7.808209783	7.775284378	7.783638157	7.836778341	7.849508315
20230920	7.944447218	8.045009841	8.148117703	8.212015194	8.293543324	8.339400527	8.366299231	8.077398988	7.819546999	7.795823712	7.887285551	7.825835344	7.792223147	7.799519102	7.839105541	7.82091315
20230919	7.909216853	8.009333522	8.111984144	8.175598276	8.256764861	8.311684555	8.347846637	8.010671101	7.777135525	7.79557421	7.877709731	7.79635441	7.768807882	7.770680517	7.77961103	7.774782174
20230918	7.926832036	8.027171682	8.130050924	8.193806734	8.275154093	8.312691508	8.331208096	8.075368276	7.794677427	7.793486443	7.86387162	7.818529363	7.817397843	7.828880578	7.833761433	7.856762717
20230915	7.926832036	8.027171682	8.130050924	8.193806734	8.275154093	8.321258864	8.348450713	8.061017443	7.803429419	7.802520018	7.916603935	7.871395077	7.848582122	7.856324783	7.892152713	7.905382233
20230914	7.944447218	8.045009841	8.148117703	8.212015194	8.293543324	8.322265817	8.331813997	8.0601031	7.811230216	7.81047993	7.905306315	7.877981743	7.872408643	7.891500762	7.937122601	7.947677017
20230913	7.944447218	8.045009841	8.148117703	8.212015194	8.293543324	8.322265817	8.331813997	8.088475601	7.843252718	7.867112009	7.932339053	7.8942533	7.903456868	7.92498422	7.938239415	7.963011369
20230912	7.9620624	8.062848	8.166184484	8.230223654	8.311932555	8.331840125	8.332418072	8.095311404	7.869731245	7.84702631	7.969345807	7.916762051	7.910465214	7.920013685	7.922533082	7.927230225
20230911	7.9620624	8.062848	8.166184484	8.230223654	8.311932555	8.331840125	8.332418072	8.122144325	7.877505666	7.847291908	7.950251507	7.939223789	7.933925316	7.923912444	7.903741926	7.936208607
20230908	7.9620624	8.062848	8.166184484	8.230223654	8.311932555	8.331840125	8.332418072	8.038460165	7.826127892	7.816609626	7.902020401	7.904836159	7.903555817	7.893976091	7.873550208	7.906804257
20230907	7.944447218	8.045009841	8.148117703	8.212015194	8.293543324	8.313698461	8.314567729	8.069826486	7.815938389	7.772481611	7.869516448	7.872600203	7.871932453	7.866813209	7.857631076	7.887166648
20230906	7.9620624	8.062848	8.166184484	8.230223654	8.311932555	8.323270935	8.315171805	8.051856597	7.899195244	7.842144123	7.897574939	7.898602098	7.918014685	7.93560872	7.947317305	7.98245263
20230905	7.944447218	8.045009841	8.148117703	8.212015194	8.293543324	8.305127437	8.297321461	8.036142087	7.891628537	7.813993882	7.915812322	7.931610651	7.942373055	7.95128326	7.961819291	7.991953115
20230904	7.944447218	8.045009841	8.148117703	8.212015194	8.293543324	8.313698461	8.314567729	8.057050065	7.910446393	7.802624648	7.94368605	7.985228589	8.005488366	8.020378441	8.050357012	8.079315333
20230901	7.944447218	8.045009841	8.148117703	8.212015194	8.293543324	8.313698461	8.314567729	8.092065051	7.939180097	7.820374689	7.94931495	8.050101686	8.085050795	8.105458533	8.154865178	8.205780219
20230831	7.944447218	8.045009841	8.148117703	8.212015194	8.293543324	8.322265817	8.331813997	8.041931184	7.961051012	7.85556249	7.921167263	8.051709567	8.092818262	8.115971422	8.201499724	8.253495352
20230830	7.926832036	8.027171682	8.130050924	8.193806734	8.275154093	8.28698394	8.279469294	8.019586382	7.948576661	7.850036428	7.923078605	8.053853406	8.100843923	8.137943604	8.242006881	8.284314289
20230829	7.9620624	8.062848	8.166184484	8.230223654	8.311932555	8.314701746	8.297925537	8.116496298	7.987214673	7.894829244	7.996340318	8.079005914	8.114019552	8.157486323	8.281478723	8.330527075
20230828	7.9620624	8.062848	8.166184484	8.230223654	8.311932555	8.306132557	8.28067562	8.155847882	8.036274629	7.909351859	8.003533333	8.116449458	8.152386883	8.189301724	8.324171215	8.366790161
20230825	7.9620624	8.062848	8.166184484	8.230223654	8.311932555	8.306132557	8.28067562	8.192226544	8.013248101	7.937806332	7.989002361	8.074000487	8.103373298	8.140941825	8.281208574	8.335974198
20230824	7.997292764	8.098524318	8.202318043	8.266640573	8.348711018	8.350988741	8.333628048	8.226231399	8.002227745	7.937627656	7.990316408	8.046710407	8.101590677	8.17411797	8.319955995	8.352444978
20230823	7.9620624	8.062848	8.166184484	8.230223654	8.311932555	8.323270935	8.315171805	8.202751068	7.977588965	7.897401528	7.958591327	8.003277276	8.038583591	8.095590851	8.246789563	8.292061045
20230822	7.979677582	8.080686159	8.184251264	8.248432113	8.330321787	8.324276054	8.298529613	8.185676365	7.951839083	7.881156546	7.927098792	7.967543477	8.006961773	8.055089626	8.172931914	8.21895476
20230821	7.944447218	8.045009841	8.148117703	8.212015194	8.293543324	8.296558248	8.280071544	8.220144486	7.995955127	7.852267457	7.976721992	7.982475133	8.00565225	8.049071777	8.150835592	8.175719894
20230818	7.926832036	8.027171682	8.130050924	8.193806734	8.275154093	8.261269035	8.227714068	8.157478025	7.945032343	7.835109782	7.984314796	7.988057267	7.999065981	8.036254798	8.152634568	8.185956677
20230817	7.909216853	8.009333522	8.111984144	8.175598276	8.256764861	8.251696561	8.227111817	8.150374015	7.902520308	7.795759325	7.93096448	7.899992146	7.911140847	7.955029126	8.062534816	8.096567035
20230816	7.891601671	7.991495363	8.093917364	8.157389816	8.238375631	8.233551228	8.209256	8.192353682	7.953840385	7.81441723	7.931365862	7.898015989	7.91729267	7.969379617	8.079886187	8.125272274
20230815	7.873986488	7.973657204	8.075850584	8.139181357	8.219986399	8.215404063	8.191398357	8.204153062	7.990673268	7.813177769	7.946172386	7.881700552	7.884066029	7.93331839	8.042023162	8.112831056
20230814	7.873986488	7.973657204	8.075850584	8.139181357	8.219986399	8.215404063	8.191398357	8.202885173	7.951164837	7.812516187	7.94513389	7.894301881	7.884718471	7.918761495	8.034120946	8.087371482
20230811	7.891601671	7.991495363	8.093917364	8.157389816	8.238375631	8.224976537	8.192000607	8.217511178	7.994504429	7.838762167	7.96056638	7.920567055	7.92304715	7.962126396	8.061962826	8.10033034
20230810	7.909216853	8.009333522	8.111984144	8.175598276	8.256764861	8.243123703	8.209856425	8.171001594	7.995653447	7.839336825	7.952597679	7.940505706	7.933104351	7.943938304	8.031262505	8.069636351
20230809	7.891601671	7.991495363	8.093917364	8.157389816	8.238375631	8.233551228	8.209256	8.1178652	7.942849703	7.783887868	7.88925264	7.876634007	7.878031709	7.897943651	7.983835625	8.011256042
20230808	7.891601671	7.991495363	8.093917364	8.157389816	8.238375631	8.242124087	8.226509566	8.117960988	7.903074212	7.753117052	7.913158743	7.886005471	7.90072805	7.94233599	8.017534744	8.051864034
20230807	7.926832036	8.027171682	8.130050924	8.193806734	8.275154093	8.261269035	8.227714068	8.115628978	7.9100491	7.752523077	7.943988679	7.929792775	7.940701751	7.974561144	8.058479572	8.081878247
20230804	7.926832036	8.027171682	8.130050924	8.193806734	8.275154093	8.261269035	8.227714068	8.114610139	7.92253499	7.766654537	7.991901229	7.966549913	7.979112372	8.018040714	8.088853904	8.112491913
20230803	7.926832036	8.027171682	8.130050924	8.193806734	8.275154093	8.269841893	8.244967635	8.134962545	7.98061235	7.858073606	8.085064786	8.040733357	8.070326001	8.120740139	8.16718032	8.201179467
20230802	7.926832036	8.027171682	8.130050924	8.193806734	8.275154093	8.278412916	8.262219377	8.164272029	8.044131475	7.965029392	8.143284244	8.128648032	8.170819158	8.223832496	8.243215758	8.268004156
20230801	7.9620624	8.062848	8.166184484	8.230223654	8.311932555	8.297559698	8.263425703	8.167182253	7.973680324	7.87285699	8.096424524	8.069090655	8.085604289	8.134734389	8.178918945	8.19512248
20230731	7.9620624	8.062848	8.166184484	8.230223654	8.311932555	8.297559698	8.263425703	8.133220938	7.954946543	7.844513586	8.08026254	8.033099845	8.059993601	8.12257332	8.193940098	8.22205614
20230728	7.9620624	8.062848	8.166184484	8.230223654	8.311932555	8.297559698	8.263425703	8.125484726	7.959442057	7.873066249	8.090645902	8.06428582	8.084472563	8.141472362	8.233262527	8.238645917
20230727	7.9620624	8.062848	8.166184484	8.230223654	8.311932555	8.280415818	8.228918569	8.099883119	7.914313821	7.843024623	8.027988946	7.979967719	8.00488076	8.063758631	8.155850691	8.151915876
20230726	7.944447218	8.045009841	8.148117703	8.212015194	8.293543324	8.270843344	8.228316319	8.047708091	7.878105728	7.767549524	7.954384783	7.886123006	7.889318037	7.919822569	7.992023081	8.00443747
20230725	7.9620624	8.062848	8.166184484	8.230223654	8.311932555	8.280415818	8.228918569	7.992938071	7.879889426	7.752745214	7.928188257	7.84940818	7.813934641	7.809317982	7.886195867	7.913654066
20230724	7.944447218	8.045009841	8.148117703	8.212015194	8.293543324	8.279414367	8.245569885	8.019372164	7.88809411	7.753760928	7.912026272	7.831931497	7.789703049	7.775791714	7.853912386	7.88535937
20230721	7.944447218	8.045009841	8.148117703	8.212015194	8.293543324	8.279414367	8.245569885	8.163206166	7.998629026	7.847259715	7.984161888	7.934260675	7.934222162	7.946123138	8.023650057	8.073448742
20230720	7.9620624	8.062848	8.166184484	8.230223654	8.311932555	8.288988675	8.246172136	8.154876066	7.960388307	7.826504384	7.87061069	7.862235175	7.864703019	7.868768704	7.946111448	7.986331957
20230719	7.9620624	8.062848	8.166184484	8.230223654	8.311932555	8.288988675	8.246172136	8.139969661	7.932399735	7.811110929	7.822607352	7.82369934	7.839904018	7.850287058	7.902072742	7.94232658
20230718	7.979677582	8.080686159	8.184251264	8.248432113	8.330321787	8.298561149	8.246776212	8.073165144	7.850849098	7.775881275	7.743809118	7.743468325	7.761272326	7.771318079	7.813356934	7.866071318
20230717	7.9620624	8.062848	8.166184484	8.230223654	8.311932555	8.288988675	8.246172136	8.016169351	7.778569737	7.694268432	7.695837636	7.685725688	7.698718238	7.710408763	7.769227675	7.849256932
20230714	7.9620624	8.062848	8.166184484	8.230223654	8.311932555	8.280415818	8.228918569	8.010686776	7.691417429	7.597617874	7.584100619	7.573794678	7.588797133	7.602278597	7.661904835	7.73553522
20230713	7.979677582	8.080686159	8.184251264	8.248432113	8.330321787	8.298561149	8.246776212	8.001437108	7.59918768	7.618730555	7.62811244	7.65596894	7.625227235	7.615081815	7.658115211	7.704519937
20230712	7.997292764	8.098524318	8.202318043	8.266640573	8.348711018	8.308135458	8.247378462	8.007572785	7.661572623	7.649641413	7.711934316	7.725800451	7.697037658	7.676705139	7.716408393	7.750961795
20230711	7.9620624	8.062848	8.166184484	8.230223654	8.311932555	8.280415818	8.228918569	8.001644358	7.699620465	7.647806368	7.736157382	7.726193802	7.702597334	7.691543357	7.731224293	7.764656951
20230710	7.9620624	8.062848	8.166184484	8.230223654	8.311932555	8.288988675	8.246172136	8.0037726	7.740795549	7.634297858	7.780586512	7.778706909	7.79229272	7.816915211	7.854203664	7.894867292
20230707	7.9620624	8.062848	8.166184484	8.230223654	8.311932555	8.288988675	8.246172136	7.954107226	7.666859426	7.540779755	7.710140841	7.684779139	7.698132277	7.723196692	7.747907085	7.777471524
20230706	7.9620624	8.062848	8.166184484	8.230223654	8.311932555	8.280415818	8.228918569	7.950467271	7.630204584	7.508536074	7.630993787	7.60892513	7.611708379	7.629999537	7.670656735	7.703199062
20230705	7.944447218	8.045009841	8.148117703	8.212015194	8.293543324	8.287987224	8.262821627	7.927121044	7.594392135	7.534041597	7.598155349	7.560113594	7.563030292	7.582494307	7.624675677	7.659901721
20230704	7.926832036	8.027171682	8.130050924	8.193806734	8.275154093	8.269841893	8.244967635	7.914447378	7.55386327	7.486224174	7.547976267	7.477356358	7.461085373	7.473402447	7.529056749	7.52791385
20230703	7.926832036	8.027171682	8.130050924	8.193806734	8.275154093	8.252696177	8.210458675	7.911042539	7.493730206	7.455878317	7.478260091	7.430826569	7.398194243	7.408890984	7.451981467	7.438072016
20230630	7.926832036	8.027171682	8.130050924	8.193806734	8.275154093	8.244121485	8.193203284	7.942175485	7.543662228	7.531108743	7.584557748	7.552056955	7.530616885	7.546679238	7.560789368	7.571825517
20230629	7.944447218	8.045009841	8.148117703	8.212015194	8.293543324	8.270843344	8.228316319	8.035802473	7.699116018	7.67533366	7.769223588	7.65601282	7.621379062	7.633705652	7.608086456	7.641791747
20230628	7.944447218	8.045009841	8.148117703	8.212015194	8.293543324	8.270843344	8.228316319	8.014729043	7.711141971	7.706569675	7.681039075	7.65791532	7.610395763	7.556187623	7.532103841	7.607507
20230627	7.944447218	8.045009841	8.148117703	8.212015194	8.293543324	8.253693959	8.193803709	7.983183337	7.599713557	7.605833726	7.567839882	7.574189596	7.573795593	7.556601961	7.479734303	7.604424957
20230626	7.944447218	8.045009841	8.148117703	8.212015194	8.293543324	8.253693959	8.193803709	8.017559152	7.662832092	7.606936364	7.57464585	7.606456894	7.620531814	7.608591529	7.62116073	7.672082631
20230623	7.926832036	8.027171682	8.130050924	8.193806734	8.275154093	8.252696177	8.210458675	8.05393259	7.722854706	7.652173455	7.581402442	7.604204921	7.642871013	7.671355431	7.711233316	7.7620033
20230622	7.9620624	8.062848	8.166184484	8.230223654	8.311932555	8.280415818	8.228918569	8.12277827	7.781457944	7.614265277	7.63646978	7.692519216	7.756259958	7.810585461	7.820196667	7.880297502
20230621	7.944447218	8.045009841	8.148117703	8.212015194	8.293543324	8.262268651	8.211060926	8.090985255	7.763248392	7.577281063	7.531729865	7.588514771	7.661079107	7.717891322	7.72884578	7.778164686
20230620	7.873986488	7.973657204	8.075850584	8.139181357	8.219986399	8.215404063	8.191398357	8.050170722	7.665491155	7.482980652	7.466565867	7.525954764	7.605542643	7.672840017	7.685327752	7.762461442
20230619	7.873986488	7.973657204	8.075850584	8.139181357	8.219986399	8.215404063	8.191398357	7.999702467	7.615486597	7.452671816	7.464961933	7.516663224	7.571365167	7.611762519	7.692982457	7.750235907
20230616	7.873986488	7.973657204	8.075850584	8.139181357	8.219986399	8.206829371	8.17414114	8.009857772	7.58378226	7.439071555	7.463146159	7.501520004	7.549710878	7.579953234	7.648100104	7.717025116
20230615	7.891601671	7.991495363	8.093917364	8.157389816	8.238375631	8.242124087	8.226509566	8.013114575	7.633593941	7.490961489	7.556542262	7.5637086	7.607000589	7.656245065	7.752442257	7.849411629
20230614	7.909216853	8.009333522	8.111984144	8.175598276	8.256764861	8.260269418	8.244365384	8.047568763	7.655774778	7.566193525	7.598566287	7.601134905	7.636934095	7.685725797	7.795300762	7.877633439
20230613	7.891601671	7.991495363	8.093917364	8.157389816	8.238375631	8.259266133	8.261013051	8.047668035	7.768718181	7.664795026	7.710539037	7.703207074	7.72398106	7.761514612	7.896312092	7.939512283
20230612	7.891601671	7.991495363	8.093917364	8.157389816	8.238375631	8.267837157	8.278261143	8.048385576	7.76633607	7.649411228	7.774309348	7.781833343	7.81039259	7.884339277	8.030612036	8.058465435
20230609	7.891601671	7.991495363	8.093917364	8.157389816	8.238375631	8.267837157	8.278261143	8.081840083	7.752603898	7.710342786	7.833250338	7.878160396	7.944126301	8.055528428	8.211794035	8.277088149
20230608	7.926832036	8.027171682	8.130050924	8.193806734	8.275154093	8.28698394	8.279469294	8.012292536	7.667207264	7.600668235	7.739860606	7.736949045	7.8074365	7.931664093	8.0921802	8.187158554
20230607	7.979677582	8.080686159	8.184251264	8.248432113	8.330321787	8.315705031	8.281279696	7.994622204	7.633804952	7.55089504	7.651112248	7.640316401	7.723187925	7.869397092	8.046339499	8.143519095
20230606	7.944447218	8.045009841	8.148117703	8.212015194	8.293543324	8.296558248	8.280071544	7.994404503	7.698868739	7.646764899	7.732500349	7.736082419	7.860557999	8.054118759	8.213759025	8.35981094
20230605	7.944447218	8.045009841	8.148117703	8.212015194	8.293543324	8.287987224	8.262821627	7.993354314	7.632667473	7.595588056	7.68316385	7.679046561	7.78983292	7.974591722	8.108364953	8.241663999
20230602	7.9620624	8.062848	8.166184484	8.230223654	8.311932555	8.306132557	8.28067562	7.993411787	7.664330597	7.612224193	7.667127695	7.654539713	7.75584252	7.912002118	8.10226775	8.201581085
20230601	7.9620624	8.062848	8.166184484	8.230223654	8.311932555	8.32327277	8.315171805	7.993511059	7.631065111	7.65752728	7.668510232	7.670471201	7.857057691	8.112769852	8.28607879	8.392508554
20230531	7.9620624	8.062848	8.166184484	8.230223654	8.311932555	8.271841125	8.211663177	8.024260852	7.679332129	7.658111597	7.707482484	7.716297347	7.899565404	8.202348042	8.348203853	8.46377186
20230530	7.944447218	8.045009841	8.148117703	8.212015194	8.293543324	8.262268651	8.211060926	7.9887617	7.710560043	7.689751644	7.79504581	7.820970958	8.026095965	8.355422488	8.525113282	8.639756183
20230529	7.944447218	8.045009841	8.148117703	8.212015194	8.293543324	8.270843344	8.228316319	7.970128258	7.741299996	7.704900428	7.825552411	7.874965009	8.1018767	8.460048358	8.62814997	8.741051553
20230526	7.944447218	8.045009841	8.148117703	8.212015194	8.293543324	8.262268651	8.211060926	8.020894328	7.771978954	7.752280014	7.89599649	7.953157182	8.194361201	8.580564346	8.719508402	8.840826726
20230525	7.9620624	8.062848	8.166184484	8.230223654	8.311932555	8.280415818	8.228918569	8.054044053	7.822293434	7.799857593	7.928237633	7.968305103	8.212764101	8.60896413	8.762051482	8.884534609
20230524	7.979677582	8.080686159	8.184251264	8.248432113	8.330321787	8.289988292	8.229520819	8.037465707	7.820648211	7.831795433	7.898511497	7.943046031	8.194803378	8.563672782	8.716572991	8.82660203
20230523	7.997292764	8.098524318	8.202318043	8.266640573	8.348711018	8.299560766	8.23012307	8.037439583	7.787597033	7.783742995	7.857189888	7.902769109	8.136290724	8.486397852	8.653337152	8.83365711
20230522	7.997292764	8.098524318	8.202318043	8.266640573	8.348711018	8.308135458	8.247378462	8.03488813	7.830925085	7.863892632	7.921065324	7.963837203	8.194055079	8.544197336	8.697276251	8.849327629
20230519	7.944447218	8.045009841	8.148117703	8.212015194	8.293543324	8.262268651	8.211060926	7.998941386	7.830559113	7.863155394	7.921460335	7.97155534	8.219447771	8.589465748	8.741902039	8.893087574
20230518	7.944447218	8.045009841	8.148117703	8.212015194	8.293543324	8.262268651	8.211060926	7.983355756	7.779474774	7.78506777	7.870096221	7.955009536	8.209460144	8.589502442	8.742173697	8.880293826
20230517	7.944447218	8.045009841	8.148117703	8.212015194	8.293543324	8.262268651	8.211060926	8.003802208	7.761804288	7.798891779	7.886323509	7.970848563	8.224109179	8.603241363	8.782655198	8.936084445
20230516	7.909216853	8.009333522	8.111984144	8.175598276	8.256764861	8.225974319	8.175343815	8.000780522	7.759999159	7.842918383	7.949859683	8.026651087	8.264382817	8.631879658	8.82416598	8.978801672
20230515	7.926832036	8.027171682	8.130050924	8.193806734	8.275154093	8.252696177	8.210458675	8.033129109	7.822677539	7.935150345	8.08952936	8.184981814	8.377193532	8.691995461	8.852917913	9.017197793
20230512	7.926832036	8.027171682	8.130050924	8.193806734	8.275154093	8.278412916	8.262219377	8.100520548	7.92337079	7.980656254	8.175523794	8.285068423	8.485551558	8.767305723	8.980375105	9.0963566
20230511	7.926832036	8.027171682	8.130050924	8.193806734	8.275154093	8.278412916	8.262219377	8.06809533	7.842233931	7.9769427	8.129516214	8.208937032	8.389982642	8.703202482	8.907984406	9.011674808
20230510	7.944447218	8.045009841	8.148117703	8.212015194	8.293543324	8.296558248	8.280071544	8.03408525	7.820476764	7.990423846	8.155524792	8.259384657	8.469426024	8.723699252	8.909077073	8.998570178
20230509	7.891601671	7.991495363	8.093917364	8.157389816	8.238375631	8.276406347	8.295509235	8.030751817	7.853765329	8.081055776	8.20646841	8.29696454	8.528186048	8.812471697	8.997696292	9.085465329
20230508	7.891601671	7.991495363	8.093917364	8.157389816	8.238375631	8.267837157	8.278261143	8.117102376	7.868405835	8.109389523	8.243816021	8.341599664	8.571499266	8.854775524	9.053541537	9.130543174
20230505	7.873986488	7.973657204	8.075850584	8.139181357	8.219986399	8.249693659	8.260408975	8.084421143	7.893478176	8.113281751	8.241358354	8.335465899	8.55334683	8.866850975	9.055428048	9.118020145
20230504	7.856371306	7.955819045	8.057783805	8.120972897	8.201597167	8.248690375	8.277054817	8.061543408	7.909777094	8.142927393	8.26629021	8.337178778	8.540588641	8.864077504	9.053481168	9.143009679
20230503	7.856371306	7.955819045	8.057783805	8.120972897	8.201597167	8.24011935	8.259806725	8.043822568	7.909938649	8.143207479	8.227937552	8.275173537	8.469712046	8.816133473	8.982542329	9.069503265
20230502	7.891601671	7.991495363	8.093917364	8.157389816	8.238375631	8.259266133	8.261013051	8.009326582	7.876641842	8.111915125	8.210993511	8.239071459	8.415149608	8.781663858	8.966464729	9.028142613
20230428	7.891601671	7.991495363	8.093917364	8.157389816	8.238375631	8.259266133	8.261013051	8.025746442	7.86475766	8.1299533	8.21241109	8.228405543	8.418855543	8.806686245	9.0071379	9.071564902
20230427	7.891601671	7.991495363	8.093917364	8.157389816	8.238375631	8.259266133	8.261013051	8.055381607	7.916293694	8.161809046	8.247914256	8.303917916	8.503142769	8.868587833	9.079130168	9.131542756
20230426	7.909216853	8.009333522	8.111984144	8.175598276	8.256764861	8.277411466	8.278865218	8.064828077	8.003378413	8.220958678	8.339700054	8.433461951	8.645100039	8.979071015	9.15519579	9.227755432
20230425	7.909216853	8.009333522	8.111984144	8.175598276	8.256764861	8.260269418	8.244365384	8.140647146	8.090936256	8.30278561	8.403801664	8.554284883	8.766955276	9.059442019	9.202105011	9.281938095
20230424	7.821140941	7.920142726	8.021650245	8.084555979	8.164818705	8.220972569	8.258600399	8.189236207	8.134735784	8.319465208	8.430052346	8.546778309	8.752623186	9.055304746	9.214972523	9.271277381
20230421	7.821140941	7.920142726	8.021650245	8.084555979	8.164818705	8.212401545	8.241350482	8.174164351	8.083293718	8.229873136	8.327985123	8.46505068	8.667595391	8.963876558	9.098912875	9.154586675
20230420	7.821140941	7.920142726	8.021650245	8.084555979	8.164818705	8.203830522	8.224100564	8.140427704	8.100603178	8.195334038	8.313696254	8.433352251	8.634875862	8.932290495	9.06862004	9.125070764
20230419	7.821140941	7.920142726	8.021650245	8.084555979	8.164818705	8.220972569	8.258600399	8.127409199	8.08002635	8.151431381	8.261739624	8.394927682	8.583813732	8.870151924	9.034590405	9.082090254
20230418	7.821140941	7.920142726	8.021650245	8.084555979	8.164818705	8.203830522	8.224100564	8.094353521	8.124153934	8.130247873	8.257326019	8.363077241	8.54628901	8.82364814	8.988959484	9.038223212
20230417	7.838756124	7.937980885	8.039717024	8.102764438	8.183207936	8.204831972	8.207449248	8.011508814	7.952345178	8.033222257	8.170603683	8.310601745	8.48630295	8.764510848	8.917198125	8.964916119
20230414	7.838756124	7.937980885	8.039717024	8.102764438	8.183207936	8.204831972	8.207449248	7.997948671	7.932070031	8.024773	8.174138072	8.313486839	8.468060842	8.745354946	8.913568478	8.951668692
20230413	7.838756124	7.937980885	8.039717024	8.102764438	8.183207936	8.204831972	8.207449248	7.980694581	7.914821565	8.055592106	8.218325098	8.304728125	8.469549709	8.75910304	8.913980492	8.975881764
20230412	7.926832036	8.027171682	8.130050924	8.193806734	8.275154093	8.252696177	8.210458675	7.967937319	7.893918331	8.034786875	8.233196927	8.309283785	8.469045689	8.798587529	8.970830869	9.03405234
20230411	7.909216853	8.009333522	8.111984144	8.175598276	8.256764861	8.285980654	8.296113311	8.033573218	8.013203592	8.148831733	8.366624482	8.48697019	8.650288657	8.966564408	9.118144719	9.217720944
20230410	7.750680213	7.848790088	7.949383126	8.011722141	8.09126178	8.156967766	8.20443982	8.019697845	8.024636078	8.174403253	8.374188616	8.495755545	8.680423154	9.008872823	9.151302032	9.196920133
20230405	7.627373936	7.723922973	7.822915667	7.884262925	7.962537161	7.944144831	7.906761949	7.747833172	7.744677814	7.98781615	8.212965379	8.342452185	8.506109682	8.854197591	9.041265634	9.082805729
20230404	7.609758754	7.706084814	7.804848887	7.866054466	7.944147929	7.943159887	7.923442466	7.807380417	7.804029481	8.092014539	8.292196849	8.389066599	8.553301994	8.910729594	9.112444439	9.143388984
20230403	7.592143572	7.688246655	7.786782107	7.847846006	7.925758698	7.925007219	7.905573873	7.713330218	7.723819091	7.999582977	8.190430664	8.289802736	8.478724102	8.850061848	9.040432551	9.081877546
20230331	7.644989118	7.741761133	7.840982446	7.902471384	7.980926391	7.927956546	7.855515898	7.702039388	7.659309205	7.884177932	8.108696929	8.210734535	8.400027475	8.772575927	8.977187656	9.035078695
20230330	7.662604301	7.759599292	7.859049227	7.920679844	7.999315623	7.937525351	7.856109023	7.740241511	7.661061582	7.877879219	8.111153002	8.219281686	8.399234339	8.782475716	8.990486803	9.037861756
20230329	7.662604301	7.759599292	7.859049227	7.920679844	7.999315623	7.95469858	7.890672733	7.747622437	7.67686924	7.929756276	8.137609153	8.234219611	8.419633218	8.825317726	9.009774488	9.063165145
20230328	7.697834665	7.79527561	7.895182786	7.957096763	8.036094086	7.948073599	7.840010683	7.77528088	7.70362472	7.939715423	8.130123065	8.279575617	8.462332644	8.856312095	9.038541513	9.091565452
20230327	7.662604301	7.759599292	7.859049227	7.920679844	7.999315623	7.937525351	7.856109023	7.750475188	7.645578682	7.894723005	8.076143599	8.210591925	8.382238366	8.777402744	8.975355477	9.03177502
20230324	7.73306503	7.830951929	7.931316346	7.993513681	8.072872548	8.027312922	7.962159879	7.793015652	7.721230913	7.961785869	8.095943504	8.271578529	8.446845637	8.849442634	9.07329104	9.122336789
20230323	7.73306503	7.830951929	7.931316346	7.993513681	8.072872548	8.027312922	7.962159879	7.776661973	7.710546856	7.937550391	8.101997677	8.321444748	8.517188837	8.858065771	9.059059204	9.106243829
20230322	7.73306503	7.830951929	7.931316346	7.993513681	8.072872548	8.044476979	7.996705339	7.771438898	7.75997608	7.998235667	8.192557031	8.400666529	8.590395361	8.919322153	9.118180941	9.15219482
20230321	7.768295395	7.866628248	7.967449905	8.029930601	8.10965101	8.072200288	8.015170707	7.80520341	7.81010098	8.049317538	8.23950276	8.446583568	8.621881124	8.90861662	9.101866396	9.137375134
20230317	7.838756124	7.937980885	8.039717024	8.102764438	8.183207936	8.17910973	8.155681246	7.916929167	7.877947469	8.137441573	8.344593088	8.544449548	8.728130308	9.015121539	9.179293323	9.243721959
20230316	7.891601671	7.991495363	8.093917364	8.157389816	8.238375631	8.1906741	8.122958964	7.888201378	7.814319542	8.098920106	8.311960119	8.513053575	8.699894389	8.997167372	9.177123082	9.220603666
20230315	7.891601671	7.991495363	8.093917364	8.157389816	8.238375631	8.233551228	8.209256	8.185314111	8.05281423	8.293608773	8.491269424	8.670343726	8.844238795	9.193363621	9.357340695	9.392516778
20230314	7.909216853	8.009333522	8.111984144	8.175598276	8.256764861	8.251696561	8.227111817	8.08316022	7.981113501	8.22198888	8.430778656	8.623257604	8.794608326	9.135645171	9.273741105	9.325470456
20230313	7.909216853	8.009333522	8.111984144	8.175598276	8.256764861	8.260269418	8.244365384	8.131582087	8.035768534	8.221497924	8.419923829	8.585895551	8.741779034	9.072422592	9.236465162	9.285115335
20230310	7.944447218	8.045009841	8.148117703	8.212015194	8.293543324	8.262268651	8.211060926	8.22460648	8.125006219	8.326375603	8.503928875	8.650278136	8.813495147	9.144130705	9.307494555	9.366984317
20230309	7.944447218	8.045009841	8.148117703	8.212015194	8.293543324	8.287987224	8.262821627	8.376420521	8.245692722	8.42602501	8.593188517	8.722653106	8.869161481	9.187069036	9.374005377	9.417686295
20230308	7.926832036	8.027171682	8.130050924	8.193806734	8.275154093	8.261269035	8.227714068	8.376122707	8.245079471	8.419104957	8.544729643	8.678253053	8.836539355	9.157368139	9.321130255	9.368870432
20230307	7.926832036	8.027171682	8.130050924	8.193806734	8.275154093	8.261269035	8.227714068	8.364307652	8.229070694	8.411268992	8.567207017	8.670436187	8.80360956	9.123866333	9.301379242	9.354022485
20230306	7.909216853	8.009333522	8.111984144	8.175598276	8.256764861	8.251696561	8.227111817	8.362139353	8.234357497	8.394959622	8.590818454	8.729677003	8.894549534	9.204017171	9.364440013	9.411046219
20230303	7.909216853	8.009333522	8.111984144	8.175598276	8.256764861	8.251696561	8.227111817	8.372843262	8.232257283	8.37462925	8.548783279	8.671931233	8.858765691	9.170815034	9.332963959	9.379376449
20230302	7.926832036	8.027171682	8.130050924	8.193806734	8.275154093	8.261269035	8.227714068	8.372141395	8.221258357	8.382624575	8.567844131	8.70300751	8.886710949	9.18757664	9.346531744	9.403834954
20230301	7.9620624	8.062848	8.166184484	8.230223654	8.311932555	8.288988675	8.246172136	8.38257884	8.31121315	8.47944415	8.635032559	8.779809634	8.967491681	9.288542263	9.438776082	9.490817866
20230228	7.9620624	8.062848	8.166184484	8.230223654	8.311932555	8.297559698	8.263425703	8.445466485	8.374217936	8.55920746	8.706024555	8.865461368	9.030792521	9.360079137	9.512612602	9.553653154
20230227	7.944447218	8.045009841	8.148117703	8.212015194	8.293543324	8.287987224	8.262821627	8.44310835	8.363199228	8.558412274	8.682758752	8.827522609	8.975812643	9.296217466	9.450555455	9.495510841
20230224	7.944447218	8.045009841	8.148117703	8.212015194	8.293543324	8.287987224	8.262821627	8.441727257	8.400676682	8.525185074	8.652483105	8.817546232	8.983294087	9.273737682	9.410037731	9.450444896
20230223	7.944447218	8.045009841	8.148117703	8.212015194	8.293543324	8.296558248	8.280071544	8.418680587	8.417018461	8.539707688	8.683645934	8.852041995	9.024326847	9.293466931	9.423188975	9.486254302
20230222	7.926832036	8.027171682	8.130050924	8.193806734	8.275154093	8.278412916	8.262219377	8.329804699	8.304131107	8.393599435	8.538794927	8.690183649	8.795093793	9.085985686	9.25107732	9.303427606
20230221	7.891601671	7.991495363	8.093917364	8.157389816	8.238375631	8.259266133	8.261013051	8.268994789	8.196924553	8.295802779	8.434032714	8.56735165	8.684940778	8.978872255	9.146021311	9.210735776
20230220	7.891601671	7.991495363	8.093917364	8.157389816	8.238375631	8.259266133	8.261013051	8.261535491	8.173843625	8.332424814	8.467371286	8.56013813	8.711506939	9.007134434	9.173458723	9.250403684
20230217	7.891601671	7.991495363	8.093917364	8.157389816	8.238375631	8.259266133	8.261013051	8.209837663	8.117378517	8.261957457	8.424501492	8.488071885	8.668026746	8.986876178	9.159684177	9.21595829
20230216	7.944447218	8.045009841	8.148117703	8.212015194	8.293543324	8.279414367	8.245569885	8.240178179	8.172664933	8.369959542	8.507829605	8.584541547	8.777717486	9.105829604	9.268209856	9.307122486
20230215	7.997292764	8.098524318	8.202318043	8.266640573	8.348711018	8.359557931	8.35087249	8.33160552	8.203652163	8.433983313	8.608425094	8.703524664	8.926210004	9.221578403	9.36116654	9.402882972
20230214	7.926832036	8.027171682	8.130050924	8.193806734	8.275154093	8.329826218	8.36569333	8.399026565	8.285151697	8.523224472	8.665991511	8.80167116	8.996970643	9.341637243	9.493730894	9.524067332
20230213	7.926832036	8.027171682	8.130050924	8.193806734	8.275154093	8.329826218	8.36569333	8.400667158	8.259134754	8.498245318	8.598879537	8.738326018	8.944153719	9.279980282	9.442724172	9.479328631
20230210	7.891601671	7.991495363	8.093917364	8.157389816	8.238375631	8.267837157	8.278261143	8.359847399	8.203273004	8.427214571	8.521658159	8.675031025	8.880092212	9.206608698	9.36789761	9.415954877
20230209	7.891601671	7.991495363	8.093917364	8.157389816	8.238375631	8.242124087	8.226509566	8.373022647	8.197519669	8.410435172	8.501933116	8.637120476	8.817868985	9.155567065	9.321927117	9.381420236
20230208	7.909216853	8.009333522	8.111984144	8.175598276	8.256764861	8.260269418	8.244365384	8.332465873	8.194453422	8.406674939	8.484146492	8.625736811	8.826659952	9.13381199	9.291860663	9.349798063
20230207	7.926832036	8.027171682	8.130050924	8.193806734	8.275154093	8.28698394	8.279469294	8.300075486	8.146349607	8.326866557	8.435802298	8.651390801	8.830512765	9.146020457	9.306441127	9.366207857
20230203	7.856371306	7.955819045	8.057783805	8.120972897	8.201597167	8.222977304	8.225305066	8.304014999	8.166954459	8.355366102	8.478286638	8.69097035	8.923433258	9.259754133	9.434154885	9.476575319
20230202	7.856371306	7.955819045	8.057783805	8.120972897	8.201597167	8.222977304	8.225305066	8.277445061	8.148873492	8.307794962	8.440674626	8.627756847	8.85808078	9.185650193	9.358650689	9.422117475
20230201	7.856371306	7.955819045	8.057783805	8.120972897	8.201597167	8.222977304	8.225305066	8.269719297	8.125891474	8.305148633	8.446231851	8.577517651	8.796191505	9.146252854	9.328208442	9.3833361
20230131	7.873986488	7.973657204	8.075850584	8.139181357	8.219986399	8.22397692	8.208653748	8.282518359	8.116153667	8.279863638	8.47463279	8.591147019	8.798430217	9.169292225	9.34802737	9.38877281
20230130	7.891601671	7.991495363	8.093917364	8.157389816	8.238375631	8.233551228	8.209256	8.289752989	8.137365174	8.268222367	8.458540889	8.572009173	8.762467028	9.113292287	9.27804235	9.325714402
20230127	7.891601671	7.991495363	8.093917364	8.157389816	8.238375631	8.233551228	8.209256	8.324276841	8.18171366	8.276209644	8.472399707	8.587266795	8.789330035	9.140404715	9.305678978	9.36248174
20230126	7.891601671	7.991495363	8.093917364	8.157389816	8.238375631	8.224976537	8.192000607	8.387951693	8.148402015	8.270831673	8.454055608	8.550457941	8.728040636	9.100296424	9.284608916	9.338084221
20230125	7.891601671	7.991495363	8.093917364	8.157389816	8.238375631	8.224976537	8.192000607	8.249304193	8.146234212	8.215640266	8.438546666	8.535368003	8.713856968	9.096208078	9.294544036	9.324099006
20230124	7.891601671	7.991495363	8.093917364	8.157389816	8.238375631	8.233551228	8.209256	8.25140457	8.125530449	8.181209017	8.414392089	8.467794732	8.619155399	9.013673647	9.219537879	9.242042603
20230123	7.891601671	7.991495363	8.093917364	8.157389816	8.238375631	8.25069511	8.243761309	8.224495017	8.045006839	8.121009868	8.371391686	8.452262863	8.604190965	8.998101545	9.213651966	9.241710896
20230120	7.891601671	7.991495363	8.093917364	8.157389816	8.238375631	8.25069511	8.243761309	8.288312681	8.104162332	8.149129525	8.430076238	8.609096977	8.778247789	9.198974775	9.419177499	9.453647423
20230119	7.891601671	7.991495363	8.093917364	8.157389816	8.238375631	8.25069511	8.243761309	8.220616462	8.051271216	8.086858706	8.315274704	8.482065059	8.649447595	9.05255574	9.271071315	9.291361231
20230118	7.891601671	7.991495363	8.093917364	8.157389816	8.238375631	8.259266133	8.261013051	8.231316888	8.09046313	8.101218741	8.378334634	8.564253425	8.752831906	9.112714354	9.314130546	9.370720848
20230117	7.891601671	7.991495363	8.093917364	8.157389816	8.238375631	8.276406347	8.295509235	8.19685225	8.044985409	8.089946089	8.267371711	8.466666396	8.657267629	9.019330669	9.23450621	9.252810414
20230116	7.873986488	7.973657204	8.075850584	8.139181357	8.219986399	8.241122636	8.243159058	8.132529521	7.989298402	8.012384834	8.167800382	8.343842234	8.557830439	8.892238775	9.100390389	9.12634999
20230113	7.873986488	7.973657204	8.075850584	8.139181357	8.219986399	8.241122636	8.243159058	8.152157419	7.970559675	7.987492602	8.100240835	8.286411457	8.459738335	8.794864597	9.007205815	9.035768883
20230112	7.909216853	8.009333522	8.111984144	8.175598276	8.256764861	8.251696561	8.227111817	8.071777084	7.911621788	7.971696724	8.065255325	8.224785462	8.404271443	8.667992868	8.856988248	8.90347608
20230111	7.926832036	8.027171682	8.130050924	8.193806734	8.275154093	8.269841893	8.244967635	8.074394718	7.869259769	7.973345046	8.067230378	8.255654876	8.432743911	8.664343323	8.832086307	8.897213822
20230110	7.891601671	7.991495363	8.093917364	8.157389816	8.238375631	8.242124087	8.226509566	8.036784739	7.845166649	7.957636091	8.075973172	8.222588339	8.384868235	8.627535982	8.809546277	8.889739275
20230109	7.891601671	7.991495363	8.093917364	8.157389816	8.238375631	8.224976537	8.192000607	8.077132522	7.915288096	8.059854563	8.215865839	8.317453256	8.488705545	8.720428881	8.887774594	8.957435622
20230106	7.891601671	7.991495363	8.093917364	8.157389816	8.238375631	8.216401845	8.174741565	8.109733643	7.966774674	8.082649369	8.214986622	8.300239852	8.47176523	8.715102106	8.869700313	8.928294554
20230105	7.926832036	8.027171682	8.130050924	8.193806734	8.275154093	8.244121485	8.193203284	8.162796889	8.081389676	8.165059008	8.29403333	8.392650636	8.564048743	8.816017275	8.990026494	9.055174445
20230104	7.979677582	8.080686159	8.184251264	8.248432113	8.330321787	8.289988292	8.229520819	8.287765816	8.233600827	8.301396448	8.392109034	8.512069415	8.638708576	8.876963285	9.064205605	9.148651661
20230103	7.909216853	8.009333522	8.111984144	8.175598276	8.256764861	8.251696561	8.227111817	8.298819789	8.222916768	8.27328484	8.340289384	8.433344416	8.576417322	8.848341808	9.048509836	9.134157732
20230102	7.909216853	8.009333522	8.111984144	8.175598276	8.256764861	8.234549011	8.192601033	8.258978813	8.174112333	8.232385861	8.244937342	8.351569773	8.496479197	8.780582907	8.986623228	9.082240489
20221230	7.9620624	8.062848	8.166184484	8.230223654	8.311932555	8.297559698	8.263425703	8.292558716	8.206103513	8.246998618	8.276742062	8.396831751	8.528818392	8.842571645	9.0766279	9.172460141
20221229	7.9620624	8.062848	8.166184484	8.230223654	8.311932555	8.306132557	8.28067562	8.293145637	8.187005409	8.23176613	8.275408901	8.396281686	8.529138429	8.863704447	9.105444729	9.209086168
20221228	8.014907947	8.116362478	8.220384823	8.284849032	8.36710025	8.36056305	8.334232123	8.353657732	8.282650892	8.316780246	8.337973475	8.470853779	8.577388255	8.972377381	9.22931906	9.326355502
20221227	8.014907947	8.116362478	8.220384823	8.284849032	8.36710025	8.369132239	8.351478391	8.345177854	8.318255627	8.350242461	8.445973819	8.521976839	8.651836277	9.026146618	9.265220113	9.347679904
20221226	7.997292764	8.098524318	8.202318043	8.266640573	8.348711018	8.368125287	8.368116932	8.375617641	8.348888426	8.399954488	8.476679518	8.580890124	8.696002924	9.089231593	9.336620772	9.415672258
20221223	8.014907947	8.116362478	8.220384823	8.284849032	8.36710025	8.377699595	8.368721008	8.39816447	8.334546302	8.426327632	8.54056929	8.628274001	8.725760179	9.107239273	9.342666661	9.415490786
20221222	8.067753494	8.169876955	8.274585162	8.339474411	8.422267944	8.423559065	8.405023944	8.464195714	8.478826423	8.541544343	8.591071706	8.749336705	8.832923092	9.190496886	9.415831583	9.494677856
20221221	8.067753494	8.169876955	8.274585162	8.339474411	8.422267944	8.432124586	8.422262911	8.4970424	8.511223138	8.558824355	8.668003197	8.812039322	8.877085101	9.20218399	9.399458179	9.451059221
20221220	8.067753494	8.169876955	8.274585162	8.339474411	8.422267944	8.423559065	8.405023944	8.546549289	8.545202432	8.60801806	8.760520083	8.877221145	8.982539604	9.287409329	9.473460714	9.519786387
20221219	8.050138312	8.152038796	8.256518383	8.321265951	8.403878712	8.388280856	8.352688366	8.508657169	8.527254995	8.651856331	8.869218067	8.910634018	8.995101442	9.309327999	9.493130229	9.533816225
20221216	8.050138312	8.152038796	8.256518383	8.321265951	8.403878712	8.371142478	8.318194008	8.456304498	8.462491238	8.582770088	8.822181549	8.894528577	8.979207818	9.252120211	9.418976774	9.460100078
20221215	7.997292764	8.098524318	8.202318043	8.266640573	8.348711018	8.333850363	8.299133688	8.471837881	8.445862616	8.616705552	8.853207397	8.941064635	9.03994527	9.291882964	9.448480293	9.488717555
20221214	7.997292764	8.098524318	8.202318043	8.266640573	8.348711018	8.342419552	8.316381781	8.536897309	8.397063126	8.613806503	8.900164276	9.004032097	9.102344749	9.342401706	9.500369902	9.539263348
20221213	8.014907947	8.116362478	8.220384823	8.284849032	8.36710025	8.377699595	8.368721008	8.604889601	8.460277276	8.662765194	8.980023304	9.172041448	9.21473957	9.478925539	9.655237341	9.665149607
20221209	8.014907947	8.116362478	8.220384823	8.284849032	8.36710025	8.377699595	8.368721008	8.603198502	8.45783252	8.659429918	8.976872777	9.170327002	9.212020029	9.476109258	9.653042951	9.664588831
20221208	8.032523129	8.134200637	8.238451603	8.303057491	8.38548948	8.378706548	8.352082467	8.501784793	8.456609318	8.674385539	8.900173834	9.120609662	9.150566746	9.475829466	9.681159507	9.687597051
20221207	8.032523129	8.134200637	8.238451603	8.303057491	8.38548948	8.378706548	8.352082467	8.484502838	8.454367331	8.674099014	8.867959767	9.073007953	9.102213334	9.438824893	9.643249697	9.6542509
20221206	8.014907947	8.116362478	8.220384823	8.284849032	8.36710025	8.369132239	8.351478391	8.483499673	8.470265658	8.673418115	8.851415515	9.040994531	9.03920934	9.395804	9.612076994	9.624975958
20221205	8.014907947	8.116362478	8.220384823	8.284849032	8.36710025	8.38626695	8.385963625	8.448799918	8.417765241	8.529152957	8.689579056	8.821981223	8.833275596	9.195742629	9.425356199	9.442785901
20221202	8.014907947	8.116362478	8.220384823	8.284849032	8.36710025	8.38626695	8.385963625	8.44523311	8.416756346	8.525954505	8.687387384	8.820595875	8.83010924	9.192138952	9.423140681	9.442284623
20221201	8.014907947	8.116362478	8.220384823	8.284849032	8.36710025	8.377699595	8.368721008	8.461194927	8.415971651	8.603956815	8.73630498	8.790948826	8.870781764	9.24772455	9.482051129	9.507023876
20221130	7.944447218	8.045009841	8.148117703	8.212015194	8.293543324	8.287987224	8.262821627	8.4390626	8.381848935	8.53772777	8.778832326	8.884723017	8.950957984	9.313823039	9.534081094	9.553992297
20221129	7.9620624	8.062848	8.166184484	8.230223654	8.311932555	8.297559698	8.263425703	8.437667573	8.364160315	8.487175487	8.898657502	8.997316926	9.045359615	9.414667876	9.63040935	9.654616817
20221128	7.926832036	8.027171682	8.130050924	8.193806734	8.275154093	8.295554963	8.296717387	8.385617942	8.396810903	8.534909205	8.976347158	9.181420747	9.264764287	9.619962759	9.823926111	9.837442025
20221125	7.926832036	8.027171682	8.130050924	8.193806734	8.275154093	8.269841893	8.244967635	8.398613804	8.394985991	8.529664838	8.957434435	9.178228494	9.261767999	9.616541024	9.835442881	9.861143408
20221124	7.926832036	8.027171682	8.130050924	8.193806734	8.275154093	8.252696177	8.210458675	8.310802037	8.32712961	8.479735504	8.908805132	9.160963374	9.262276657	9.597327023	9.806215548	9.834981747
20221123	7.944447218	8.045009841	8.148117703	8.212015194	8.293543324	8.270843344	8.228316319	8.311702448	8.358484461	8.512309171	8.92538124	9.099578718	9.286202126	9.627986557	9.835706993	9.86393093
20221122	7.9620624	8.062848	8.166184484	8.230223654	8.311932555	8.288988675	8.246172136	8.278824412	8.257827477	8.446516351	8.785365928	8.942200808	9.129968424	9.465003147	9.665813874	9.690122778
20221118	7.9620624	8.062848	8.166184484	8.230223654	8.311932555	8.263266433	8.194405959	8.17409817	8.102065415	8.360438232	8.657251901	8.829370261	9.004837059	9.3104487	9.494483989	9.524155092
20221117	8.014907947	8.116362478	8.220384823	8.284849032	8.36710025	8.377699595	8.368721008	8.22916078	8.118921532	8.358149254	8.656957236	8.828251328	9.003175032	9.319024441	9.515231079	9.546839044
20221116	7.944447218	8.045009841	8.148117703	8.212015194	8.293543324	8.279414367	8.245569885	8.21069105	7.985439217	8.273603558	8.578007688	8.704480616	8.893046753	9.192235274	9.387705973	9.429113056
20221115	7.944447218	8.045009841	8.148117703	8.212015194	8.293543324	8.262268651	8.211060926	8.174279297	8.018721188	8.304657678	8.579866468	8.703440038	8.890857514	9.220200842	9.431249658	9.464264999
20221114	7.750680213	7.848790088	7.949383126	8.011722141	8.09126178	8.096946757	8.083639299	8.172063974	7.968368793	8.272248199	8.469875144	8.620753324	8.826986174	9.168643961	9.39879111	9.456777065
20221111	7.680219483	7.777437451	7.877116006	7.938888303	8.017704855	8.058660529	8.081244897	8.082721335	7.960826813	8.304123261	8.468096003	8.648019896	8.855059755	9.225484807	9.452040516	9.476337324
20221110	7.680219483	7.777437451	7.877116006	7.938888303	8.017704855	8.007186699	7.97764502	8.049550711	7.846431064	8.157776774	8.290718746	8.563308443	8.765313348	9.12530658	9.354782588	9.391218215
20221109	7.680219483	7.777437451	7.877116006	7.938888303	8.017704855	8.015766893	7.994916837	8.019191037	7.780167153	8.156329665	8.21538004	8.45389425	8.670347401	9.023686577	9.250716619	9.294950502
20221108	7.926832036	8.027171682	8.130050924	8.193806734	8.275154093	8.252696177	8.210458675	8.310288264	8.105073963	8.427138916	8.620269039	8.826745312	9.12687628	9.431053366	9.626933643	9.687699686
20221107	7.873986488	7.973657204	8.075850584	8.139181357	8.219986399	8.232549778	8.225907316	8.402009935	8.254833765	8.570254756	8.777562877	9.012724992	9.26477511	9.621292923	9.846218631	9.902325563
20221104	7.873986488	7.973657204	8.075850584	8.139181357	8.219986399	8.22397692	8.208653748	8.482879662	8.398403373	8.69663627	8.917313787	9.166702221	9.369790527	9.778414435	10.03414226	10.08159571
20221103	7.838756124	7.937980885	8.039717024	8.102764438	8.183207936	8.204831972	8.207449248	8.43147094	8.369816387	8.644770481	8.823850786	9.116889284	9.295308492	9.701838224	9.948352812	9.984721111
20221101	7.821140941	7.920142726	8.021650245	8.084555979	8.164818705	8.143809512	8.103298219	8.245387322	8.20511605	8.433503625	8.646309473	8.941777681	9.182797716	9.606739086	9.860118442	9.89217654
20221031	7.821140941	7.920142726	8.021650245	8.084555979	8.164818705	8.126652791	8.068769185	8.133703363	8.046513587	8.253208798	8.476451751	8.722107744	9.038270873	9.443533982	9.689902352	9.737364896
20221028	7.821140941	7.920142726	8.021650245	8.084555979	8.164818705	8.109492403	8.034232851	7.950192097	7.854090087	8.029529631	8.23447434	8.569818319	8.913148785	9.330930181	9.591610616	9.64937794
20221027	7.821140941	7.920142726	8.021650245	8.084555979	8.164818705	8.126652791	8.068769185	7.986520253	7.864187272	8.089611273	8.357069368	8.666781629	9.005492593	9.411441845	9.670444126	9.729887373
20221026	7.821140941	7.920142726	8.021650245	8.084555979	8.164818705	8.118072597	8.051501018	7.916782872	7.780750729	8.04376894	8.247635518	8.559494038	8.824129032	9.244530627	9.509847732	9.560279842
20221025	7.821140941	7.920142726	8.021650245	8.084555979	8.164818705	8.118072597	8.051501018	7.901818994	7.798891044	8.026852718	8.188986008	8.508102998	8.790665843	9.203859691	9.465086115	9.516499074
20221024	7.73306503	7.830951929	7.931316346	7.993513681	8.072872548	8.018729059	7.944884412	7.843734697	7.748619425	7.994509236	8.155682478	8.433139121	8.713796671	9.089626056	9.331343069	9.38506008
20221021	7.73306503	7.830951929	7.931316346	7.993513681	8.072872548	8.018729059	7.944884412	7.827170285	7.69191858	7.919884054	8.103042544	8.398442765	8.667907699	9.022893065	9.250340826	9.29782876
20221020	7.73306503	7.830951929	7.931316346	7.993513681	8.072872548	8.018729059	7.944884412	7.728759105	7.679882735	7.851494807	8.112833389	8.31252932	8.614933076	8.976574281	9.205621467	9.256591569
20221019	7.73306503	7.830951929	7.931316346	7.993513681	8.072872548	8.018729059	7.944884412	7.743911075	7.694473785	7.927066486	8.162327575	8.344561548	8.645253101	8.987215599	9.21539812	9.278701355
20221018	7.715449848	7.81311377	7.913249565	7.975305222	8.054483317	8.00057639	7.92701217	7.692472746	7.628275815	7.805736177	8.008743332	8.114355766	8.406895127	8.782867121	9.030476303	9.10760784
20221017	7.697834665	7.79527561	7.895182786	7.957096763	8.036094086	7.982421888	7.909139927	7.677947753	7.577300279	7.75447724	7.921933392	8.046202655	8.358127368	8.737052883	8.985912391	9.071212371
20221014	7.697834665	7.79527561	7.895182786	7.957096763	8.036094086	7.973836191	7.891860809	7.678867322	7.555996455	7.729470721	7.839537059	8.005364699	8.337878459	8.728656027	8.979614464	9.058973449
20221013	7.715449848	7.81311377	7.913249565	7.975305222	8.054483317	7.9748193	7.875172993	7.725991692	7.628875877	7.756222143	7.856786914	8.073671389	8.444464685	8.808884839	9.028878051	9.093124323
20221012	7.785910577	7.884466408	7.985516686	8.048139059	8.128040242	8.0731889	7.998495666	7.890061413	7.830508009	7.963303805	8.084230166	8.335619479	8.692343372	9.031318971	9.239786931	9.294940089
20221011	7.785910577	7.884466408	7.985516686	8.048139059	8.128040242	8.038853449	7.929391972	7.890312204	7.814612979	7.960472363	8.050077681	8.285195361	8.701058581	9.020833603	9.215576207	9.274481397
20221010	7.715449848	7.81311377	7.913249565	7.975305222	8.054483317	8.00057639	7.92701217	7.856852473	7.747376442	7.824828699	7.970193168	8.218552969	8.637511916	8.949775282	9.140313484	9.203192804
20221007	7.73306503	7.830951929	7.931316346	7.993513681	8.072872548	8.010145197	7.92760712	7.800830237	7.688207761	7.814987059	7.932374095	8.243783833	8.643532321	8.941653633	9.120805454	9.179092779
20221006	7.715449848	7.81311377	7.913249565	7.975305222	8.054483317	8.00057639	7.92701217	7.692472746	7.628275815	7.805736177	8.008743332	8.114355766	8.406895127	8.782867121	9.030476303	9.10760784
20221005	7.697834665	7.79527561	7.895182786	7.957096763	8.036094086	7.982421888	7.909139927	7.677947753	7.577300279	7.75447724	7.921933392	8.046202655	8.358127368	8.737052883	8.985912391	9.071212371
20221004	7.697834665	7.79527561	7.895182786	7.957096763	8.036094086	7.973836191	7.891860809	7.678867322	7.555996455	7.729470721	7.839537059	8.005364699	8.337878459	8.728656027	8.979614464	9.058973449
20221003	7.715449848	7.81311377	7.913249565	7.975305222	8.054483317	7.9748193	7.875172993	7.725991692	7.628875877	7.756222143	7.856786914	8.073671389	8.444464685	8.808884839	9.028878051	9.093124323
20220930	7.785910577	7.884466408	7.985516686	8.048139059	8.128040242	8.0731889	7.998495666	7.890061413	7.830508009	7.963303805	8.084230166	8.335619479	8.692343372	9.031318971	9.239786931	9.294940089
20220929	7.785910577	7.884466408	7.985516686	8.048139059	8.128040242	8.038853449	7.929391972	7.890312204	7.814612979	7.960472363	8.050077681	8.285195361	8.701058581	9.020833603	9.215576207	9.274481397
20220928	7.715449848	7.81311377	7.913249565	7.975305222	8.054483317	8.00057639	7.92701217	7.856852473	7.747376442	7.824828699	7.970193168	8.218552969	8.637511916	8.949775282	9.140313484	9.203192804
