DATE	1	7	30	90	180	270	360	720	1080	1440	1800	2160	2520	2880	3240	3600	5400	7200	9000	10800
20230929	0.024291718	0.024301817	0.024340559	0.02494622	0.025662473	0.02642674	0.027115489	0.029602888	0.031609902	0.033151125	0.03377397	0.034634336	0.03554307	0.036377464	0.03723136	0.038114876	0.042505379	0.046201762	0.05049927	0.055309978
20230928	0.023726795	0.024301817	0.024340559	0.024889004	0.025721063	0.02642674	0.027177255	0.029529298	0.031463536	0.033478057	0.033773529	0.034174294	0.035127579	0.03621109	0.037378337	0.03858967	0.042154249	0.046478608	0.048926337	0.055653283
20230927	0.023726795	0.024301817	0.024452469	0.02494622	0.025545293	0.026366129	0.027177255	0.029527874	0.031695853	0.033895237	0.034136777	0.034342106	0.035073684	0.036461637	0.037908938	0.038927059	0.041834357	0.045508902	0.047236313	0.052713222
20230926	0.024006997	0.024301817	0.024452469	0.02494622	0.025545293	0.026366129	0.027177255	0.029264009	0.031163735	0.032924273	0.03315823	0.033674099	0.034267197	0.03563373	0.037034538	0.037692275	0.0407814	0.043286713	0.04651109	0.049795152
20230925	0.023726795	0.024301817	0.024452469	0.025117868	0.025838243	0.026782004	0.027487434	0.029700363	0.031964312	0.034013815	0.034403977	0.034830289	0.035405022	0.036740197	0.038105756	0.038786264	0.041851056	0.044014719	0.04530251	0.050982462
20230922	0.023726795	0.024280398	0.024452469	0.025175084	0.025896834	0.02689096	0.027612999	0.029857523	0.032098488	0.033960259	0.034646162	0.03490443	0.035928511	0.037119202	0.038235492	0.039037737	0.041882164	0.04470622	0.047076835	0.048338246
20230921	0.023726795	0.024189775	0.024452469	0.025175084	0.026014014	0.026899052	0.027609541	0.029634272	0.031885207	0.033559158	0.034323637	0.03461868	0.036174767	0.037352542	0.038392885	0.039262053	0.042898006	0.045806852	0.04903024	0.050001959
20230920	0.023726795	0.024079376	0.024060782	0.025060652	0.025955423	0.026896312	0.027486075	0.029636202	0.031882055	0.033762446	0.034419638	0.034803292	0.036648589	0.037947834	0.039048833	0.039948245	0.044194852	0.047542334	0.050978474	0.053543597
20230919	0.023726795	0.023767963	0.024060782	0.025060652	0.026007985	0.026886784	0.027486026	0.029617166	0.031987615	0.034066216	0.03499695	0.035327933	0.037495828	0.038591021	0.039385291	0.040433666	0.044434336	0.048403606	0.050154082	0.058190562
20230918	0.023726795	0.023736659	0.024060782	0.025117868	0.026062866	0.026892693	0.027486082	0.029831956	0.032106303	0.034338534	0.034973517	0.035503469	0.037810495	0.038945562	0.039750726	0.040889601	0.04429496	0.047946459	0.050544212	0.057001969
20230915	0.023726795	0.023736659	0.024060782	0.025060652	0.026072604	0.026900918	0.027362691	0.03003998	0.032409879	0.034659625	0.035558054	0.035799625	0.03798189	0.039308044	0.040278676	0.041430214	0.044951935	0.048644754	0.053566138	0.056517329
20230914	0.023218364	0.023736659	0.024060782	0.025003436	0.026248374	0.026972246	0.027980238	0.030876243	0.033723207	0.036105672	0.036897578	0.036964572	0.039160666	0.040689717	0.041920109	0.043249316	0.046331411	0.049708725	0.054507251	0.05498818
20230913	0.023218364	0.023736659	0.024284604	0.024717356	0.026072604	0.026893475	0.027980448	0.031724893	0.03437208	0.036596507	0.037050222	0.037191715	0.03840914	0.039829859	0.041264285	0.042588623	0.046436569	0.047271326	0.050630491	0.053449941
20230912	0.023470545	0.023736659	0.024284604	0.024717356	0.026072604	0.026880468	0.02792014	0.031372788	0.033762739	0.035789918	0.036176695	0.036511823	0.03772602	0.039003033	0.040232283	0.041206269	0.044884083	0.044818241	0.047329736	0.053006853
20230911	0.023218364	0.023736659	0.024284604	0.024717356	0.026072604	0.026876237	0.027980306	0.031246603	0.033405464	0.035265451	0.03552742	0.035698828	0.037274812	0.038467379	0.039414566	0.04021359	0.044463039	0.044324394	0.044976538	0.053410081
20230908	0.023218364	0.02371738	0.024284604	0.024774572	0.026072604	0.026895706	0.027918565	0.03094685	0.033457331	0.035234206	0.035891645	0.036149938	0.03811283	0.03899101	0.039475924	0.040307515	0.045264602	0.045660683	0.047547994	0.053024903
20230907	0.023161871	0.023663284	0.024284604	0.02494622	0.026072604	0.026893118	0.027980313	0.030691901	0.033355535	0.03516078	0.035485462	0.03603939	0.038503	0.039359537	0.03965975	0.04038793	0.044994518	0.04575751	0.04678136	0.052337216
20230906	0.023161871	0.023342861	0.023892917	0.024602923	0.025955423	0.02709347	0.028103789	0.031159787	0.034202935	0.036090129	0.036583048	0.037106278	0.039914189	0.040735211	0.040907229	0.041829468	0.046408746	0.047306682	0.047909076	0.055711039
20230905	0.023161871	0.023187154	0.023892917	0.024602923	0.025955423	0.02709347	0.028167094	0.031876985	0.034532193	0.036484577	0.036943954	0.037426208	0.039995819	0.040966215	0.041286126	0.041991762	0.046143104	0.047273403	0.0483226	0.061061878
20230904	0.023161871	0.0231715	0.023892917	0.024602923	0.025838243	0.026946989	0.028112245	0.032420212	0.034653687	0.036794616	0.037049657	0.037214947	0.039715777	0.040792559	0.041186208	0.042003884	0.045686264	0.047845379	0.052019575	0.059378618
20230901	0.023161871	0.0231715	0.023892917	0.024316843	0.025603883	0.026669187	0.027980219	0.031537459	0.033442902	0.035732961	0.035942964	0.036486608	0.038307198	0.039029346	0.039341259	0.04003947	0.043827832	0.047039434	0.052487259	0.062260889
20230831	0.023161871	0.0231715	0.023892917	0.024316843	0.025603883	0.026669187	0.027486316	0.031029876	0.033056066	0.035082356	0.035596536	0.036374949	0.038200251	0.038956329	0.039332614	0.040021183	0.04378491	0.04708009	0.054196288	0.069967774
20230830	0.023444333	0.023480444	0.023781005	0.024488491	0.025662473	0.026487352	0.027309374	0.03100071	0.032886748	0.035604675	0.036144896	0.036835091	0.038371907	0.039054985	0.039478241	0.040356609	0.043530581	0.046743001	0.051077713	0.062741969
20230829	0.023444333	0.023454079	0.023781005	0.024545707	0.025662473	0.026458871	0.027247021	0.030228056	0.031845229	0.034503641	0.03543319	0.035984335	0.037156291	0.037718212	0.03809788	0.038834715	0.04208224	0.044069935	0.047846663	0.056867487
20230828	0.023444333	0.023454079	0.023781005	0.024431275	0.025603883	0.026444735	0.027058435	0.029525219	0.031378644	0.033983968	0.03498386	0.035338878	0.036423958	0.037486947	0.03840713	0.038875659	0.042549368	0.043881482	0.046210629	0.058490591
20230825	0.023444333	0.023454079	0.023781005	0.024145194	0.025603883	0.026547964	0.027365656	0.029513981	0.031378522	0.034498109	0.035577009	0.035957531	0.036872649	0.037928937	0.039023302	0.039659419	0.04344227	0.044272123	0.048107948	0.059154768
20230824	0.023444333	0.023454079	0.023333363	0.023973546	0.025135162	0.026070798	0.026995014	0.029404016	0.031419475	0.034160385	0.035447222	0.03585165	0.036586714	0.037434895	0.03837374	0.039134262	0.043254738	0.04301602	0.049237052	0.058264915
20230823	0.023444333	0.023454079	0.023333363	0.023744682	0.025135162	0.026063069	0.026560746	0.028929569	0.030900786	0.033105768	0.033487479	0.033855622	0.034647068	0.035538719	0.036547955	0.037582042	0.04053136	0.040243039	0.044350253	0.057005716
20230822	0.023444333	0.023454079	0.023333363	0.023744682	0.025135162	0.026063069	0.026559696	0.028439662	0.030495885	0.032638289	0.032714612	0.032976786	0.033682435	0.034629872	0.035642192	0.036298554	0.039638536	0.039043132	0.042293801	0.05122009
20230821	0.023444333	0.023454079	0.023333363	0.024374059	0.025428112	0.026305516	0.026806848	0.029303354	0.0313632	0.033762547	0.033718475	0.033927156	0.034758574	0.035741616	0.036694457	0.037261048	0.040362538	0.038861591	0.042816328	0.052283948
20230818	0.023444333	0.023454079	0.023333363	0.024545707	0.025252342	0.026128978	0.026745082	0.029216569	0.031305145	0.033288189	0.032880851	0.033055001	0.03384081	0.03460519	0.03542125	0.036197388	0.039089877	0.037943181	0.042771191	0.050128658
20230817	0.023105378	0.023141348	0.023109542	0.024831788	0.025193751	0.026146496	0.026806842	0.029305623	0.031251842	0.033086633	0.033032748	0.033107581	0.033854729	0.034775631	0.035744744	0.03678908	0.039833206	0.037793048	0.04382907	0.054368298
20230816	0.023105378	0.023111853	0.022997631	0.024831788	0.025193751	0.026195039	0.026808065	0.02937625	0.030994966	0.032735481	0.032673877	0.032615137	0.033549279	0.034392435	0.035106981	0.036097126	0.038920651	0.040278659	0.040617495	0.049342104
20230815	0.023105378	0.023114984	0.022997631	0.024831788	0.025193751	0.026200222	0.026868596	0.029438409	0.031204134	0.033079481	0.032880028	0.032890167	0.033848812	0.034748707	0.035532696	0.036733226	0.039704276	0.041312975	0.042972024	0.052017104
20230814	0.023105378	0.023114984	0.022997631	0.024831788	0.025193751	0.026434323	0.027115674	0.029797236	0.031854083	0.033556058	0.033077572	0.033529858	0.034345555	0.035046602	0.03576629	0.036889966	0.040191003	0.042724734	0.045647166	0.056567254
20230811	0.023105378	0.023114984	0.022997631	0.024602923	0.025193751	0.026442451	0.027177397	0.029727822	0.031717937	0.033260648	0.03277162	0.033348336	0.034118835	0.034744411	0.035525647	0.036459039	0.039861858	0.042742438	0.046468923	0.062500835
20230810	0.023105378	0.023114984	0.023445274	0.024602923	0.025369522	0.026623152	0.027300857	0.029635837	0.031256237	0.033009633	0.032895707	0.033445537	0.034076373	0.034579607	0.03525029	0.036181825	0.040152346	0.041395974	0.043692851	0.059078361
20230809	0.023105378	0.023114984	0.023445274	0.024602923	0.025193751	0.026551964	0.027301357	0.029222516	0.031133659	0.032583877	0.032694227	0.033222181	0.033611987	0.033852301	0.034344754	0.03531059	0.038648914	0.039848581	0.041639873	0.054532725
20230808	0.023105378	0.023114984	0.023333363	0.024774572	0.025662473	0.02709347	0.027862419	0.030560692	0.032590342	0.034420202	0.034893513	0.035267255	0.035447582	0.035830364	0.036494612	0.03710505	0.040499451	0.04159267	0.042265305	0.06128871
20230807	0.023105378	0.023114984	0.023277408	0.024889004	0.025838243	0.027091445	0.027918453	0.030315377	0.032334263	0.034069593	0.033997788	0.034761888	0.035104571	0.035446553	0.03604031	0.036745496	0.040305944	0.040885954	0.041257416	0.056589465
20230804	0.023105378	0.023114984	0.023221453	0.024831788	0.025838243	0.027091027	0.027918453	0.030111831	0.031735076	0.033268556	0.033044085	0.03301547	0.033291213	0.033574484	0.033910558	0.033957371	0.03807974	0.037710432	0.03710017	0.049095811
20230803	0.023105378	0.023114984	0.023557185	0.024889004	0.025545293	0.027088415	0.027733153	0.029870992	0.031520551	0.032854884	0.03267293	0.032677855	0.033118634	0.033430417	0.033744822	0.034437559	0.036808411	0.036678632	0.036315131	0.047890458
20230802	0.023105378	0.023114984	0.02361314	0.024889004	0.025721063	0.027087009	0.027745649	0.030305499	0.032262525	0.033589867	0.033770905	0.033586633	0.033558699	0.033703863	0.034081475	0.034498937	0.036300811	0.036317221	0.036253254	0.049044708
20230801	0.023105378	0.023114984	0.022885721	0.024602923	0.025721063	0.02708607	0.027737601	0.030158346	0.032191909	0.033724567	0.033941092	0.033673462	0.033423343	0.033425553	0.033685319	0.034137487	0.036140818	0.036118765	0.036688252	0.048212247
20230731	0.023105378	0.023114984	0.022885721	0.024374059	0.025838243	0.02714973	0.027737947	0.030343965	0.032625835	0.034668893	0.034999185	0.034928106	0.03439758	0.034211749	0.034479378	0.035050203	0.037205678	0.037710301	0.039050694	0.051518783
20230728	0.023105378	0.023114984	0.022885721	0.024202411	0.025721063	0.027029143	0.027675816	0.030161734	0.032571396	0.03481937	0.035015135	0.035221689	0.034748081	0.034699675	0.035221769	0.035773126	0.038616483	0.039970085	0.042265202	0.055769646
20230727	0.023161871	0.022697456	0.022326167	0.02391633	0.025603883	0.027038689	0.027614019	0.030168186	0.032660983	0.03493152	0.035296714	0.035711098	0.035358455	0.035376607	0.035901577	0.036447322	0.03979377	0.042212685	0.045023478	0.05953704
20230726	0.023161871	0.02283471	0.022326167	0.023573033	0.025603883	0.027040119	0.027622925	0.030252672	0.032741282	0.034896136	0.035462694	0.035865398	0.035512005	0.035603386	0.036249454	0.036694032	0.040683834	0.042808508	0.045561368	0.062166856
20230725	0.023161871	0.022888921	0.022326167	0.023573033	0.026014014	0.027081299	0.027736853	0.030262364	0.032832833	0.035046008	0.035594964	0.035745961	0.035208848	0.035394733	0.036166497	0.036617337	0.040307463	0.042105093	0.044518693	0.059082984
20230724	0.023161871	0.02292929	0.022326167	0.023573033	0.025896834	0.027214693	0.02779828	0.030347679	0.033025065	0.035484926	0.035889409	0.035916813	0.035222874	0.035418835	0.036312964	0.036544735	0.039570604	0.041158811	0.043381049	0.059223534
20230721	0.023444333	0.022936705	0.022326167	0.023801898	0.026131195	0.027272711	0.02786206	0.031485401	0.0346052	0.037307219	0.037748356	0.037584066	0.036906532	0.037171259	0.037986301	0.038362557	0.041744547	0.04265074	0.044658039	0.063661881
20230720	0.023444333	0.022985308	0.022102347	0.023744682	0.025955423	0.027167447	0.027865049	0.031798174	0.034524187	0.037884302	0.037667357	0.03727403	0.03643924	0.036705621	0.037728368	0.037886992	0.040915549	0.041130965	0.042323836	0.057101024
20230719	0.023331348	0.023127175	0.022158302	0.023744682	0.025955423	0.027268613	0.027944729	0.031933809	0.034662963	0.037515983	0.037465065	0.03678218	0.036023453	0.036093916	0.036665443	0.036875636	0.039342364	0.039111586	0.03908265	0.05849564
20230718	0.023444333	0.0231715	0.022158302	0.023744682	0.025955423	0.027268104	0.027927675	0.031921082	0.034591116	0.037422104	0.037534103	0.036785292	0.035914138	0.035831076	0.036268541	0.036189223	0.038846472	0.038155592	0.038707688	0.053370584
20230717	0.023444333	0.023211869	0.022158302	0.023744682	0.025955423	0.027349003	0.028051851	0.032208539	0.035026508	0.037833048	0.038082295	0.037634788	0.036794694	0.036702596	0.037269779	0.037384187	0.039789412	0.039384489	0.039963592	0.05404366
20230714	0.023726795	0.023219284	0.022158302	0.023744682	0.025896834	0.027336554	0.028176019	0.03238587	0.035167241	0.038443127	0.038640504	0.038132278	0.03741554	0.037420573	0.038141511	0.038353816	0.040625351	0.040773714	0.041764941	0.05666603
20230713	0.023726795	0.023267888	0.022214257	0.024087978	0.025955423	0.02738817	0.028299231	0.03239857	0.035633362	0.038877685	0.039128362	0.038842108	0.038044097	0.037929421	0.038468994	0.038808644	0.041136187	0.041050865	0.041583039	0.058234202
20230712	0.023608647	0.023409754	0.022382123	0.024145194	0.026072604	0.027590189	0.028504296	0.032699651	0.036169887	0.039631632	0.039786308	0.039795881	0.039134421	0.03921493	0.039961426	0.040309591	0.042775503	0.042087367	0.041876952	0.062499622
20230711	0.023726795	0.023454079	0.022382123	0.024145194	0.026072604	0.027589734	0.028486273	0.033593514	0.037038369	0.040345419	0.040586643	0.040688679	0.04022623	0.040269393	0.041023932	0.041623383	0.044281	0.044230117	0.04496278	0.060796616
20230710	0.023726795	0.023494449	0.022382123	0.024145194	0.026072604	0.027530675	0.028485618	0.033628625	0.037155666	0.040501201	0.04065883	0.040716989	0.040369635	0.040481332	0.041087952	0.041791766	0.044845118	0.045189262	0.046484951	0.061135435
20230707	0.023726795	0.023625441	0.022829766	0.024145194	0.026072604	0.027571285	0.028659886	0.033771519	0.037230058	0.040732622	0.040725415	0.040773929	0.040388041	0.040529658	0.041158898	0.041866081	0.045386419	0.046994012	0.049042732	0.066125397
20230706	0.024065749	0.023598912	0.023221453	0.024316843	0.026131195	0.02787498	0.028732387	0.033927332	0.037680409	0.040873081	0.040856685	0.041002601	0.04066164	0.040756149	0.041399782	0.042221643	0.045937298	0.047752493	0.050650253	0.066393912
20230705	0.023952764	0.023699256	0.023221453	0.024316843	0.026131195	0.027733397	0.028571918	0.033928653	0.037970074	0.041162284	0.04118084	0.04136945	0.041070176	0.041085177	0.041590684	0.042220439	0.046325657	0.047143819	0.049306673	0.070645504
20230704	0.024065749	0.023736659	0.023221453	0.024316843	0.026131195	0.027734288	0.028486656	0.034145483	0.038242565	0.041396187	0.041219904	0.041405764	0.041032477	0.041119394	0.041551259	0.042080619	0.046099894	0.046506656	0.04767999	0.06658471
20230703	0.024065749	0.023773236	0.023221453	0.024431275	0.026306965	0.027756896	0.028486346	0.034055428	0.037959369	0.041233405	0.041059929	0.041227227	0.040982209	0.041036122	0.041385114	0.041897822	0.045483626	0.045949417	0.047010955	0.065530349
20230630	0.024404703	0.023777519	0.023221453	0.024431275	0.026306965	0.027738592	0.02860844	0.033844506	0.037867651	0.040916063	0.040994033	0.041067204	0.040828512	0.04085078	0.04100126	0.041520591	0.045075382	0.045447525	0.046413773	0.062824772
20230629	0.024404703	0.023836511	0.023221453	0.024602923	0.026248374	0.027847953	0.028608724	0.034067846	0.037905129	0.041074857	0.041232235	0.041255653	0.040915769	0.040867212	0.041175107	0.041692737	0.044765428	0.045121567	0.046084326	0.062425901
20230628	0.024262924	0.024020589	0.023221453	0.024602923	0.026248374	0.027946072	0.028691023	0.034031401	0.037733839	0.040964956	0.041364982	0.041065054	0.040680471	0.040757793	0.041203587	0.041729205	0.044963222	0.044832191	0.045758011	0.062035414
20230627	0.024404703	0.024075754	0.023221453	0.024602923	0.026365554	0.027899673	0.028793616	0.034096582	0.038010656	0.041366019	0.041672835	0.041477739	0.041140645	0.041204909	0.041503021	0.042050429	0.045207755	0.044988088	0.045751964	0.060563714
20230626	0.024404703	0.024124193	0.023221453	0.024602923	0.026424145	0.028068278	0.028845166	0.034442272	0.038647357	0.042165797	0.042550762	0.042229506	0.041829264	0.041806625	0.042112871	0.042678064	0.045586586	0.045398661	0.046251692	0.063137647
20230623	0.024743657	0.024133095	0.023221453	0.024602923	0.026482735	0.028138114	0.028906915	0.034802286	0.038956962	0.042576003	0.042948533	0.042592244	0.042129194	0.041988454	0.042328312	0.042676285	0.045529845	0.045510457	0.04617925	0.063135668
20230622	0.024743657	0.024191419	0.02350123	0.025060652	0.026424145	0.028147206	0.028968675	0.034575404	0.038466755	0.042180635	0.042721803	0.042300585	0.041801738	0.041623103	0.041888668	0.042455467	0.045001569	0.044767593	0.045352857	0.067021522
20230621	0.024601878	0.024361661	0.02350123	0.025060652	0.026424145	0.028119888	0.028970132	0.034628776	0.038431498	0.042121731	0.042810615	0.04246876	0.041915384	0.041753984	0.042170817	0.042527053	0.045089692	0.044486438	0.044836745	0.064599666
20230620	0.024743657	0.024414849	0.02350123	0.024602923	0.026424145	0.028119137	0.029030441	0.03506195	0.03904237	0.042831328	0.043374907	0.043006369	0.042503678	0.042300686	0.04271504	0.043323363	0.045718506	0.045281953	0.045577026	0.061001669
20230619	0.024743657	0.024463289	0.02350123	0.024717356	0.026424145	0.028168298	0.029030441	0.034899794	0.038803254	0.042510263	0.042923289	0.042705679	0.04229387	0.04223825	0.042703971	0.043394742	0.046281811	0.045588557	0.045705383	0.062817575
20230616	0.024800149	0.024510632	0.02350123	0.024545707	0.026424145	0.02810282	0.02909222	0.034958034	0.038798189	0.042590218	0.043041733	0.042879944	0.042609552	0.042552431	0.042963505	0.043657371	0.046982519	0.046213344	0.046215184	0.062005153
20230615	0.024800149	0.024592637	0.023948872	0.024316843	0.026482735	0.028156577	0.029215747	0.034739138	0.038511625	0.04243666	0.042881218	0.042846781	0.042489524	0.042375974	0.042803253	0.043254388	0.046991258	0.046441729	0.046496589	0.062273578
20230614	0.02475547	0.024673601	0.023948872	0.024316843	0.026482735	0.02819235	0.029217211	0.034850756	0.038563027	0.04273367	0.043136963	0.042994605	0.04263012	0.042594328	0.042939909	0.043541351	0.047255066	0.046905302	0.047248324	0.0649801
20230613	0.024800149	0.024753944	0.024228649	0.024831788	0.026541324	0.028245094	0.029349812	0.034987808	0.038625382	0.042466915	0.04293782	0.042914709	0.042692756	0.042798596	0.043059577	0.043538025	0.04718996	0.046994521	0.047567609	0.062021277
20230612	0.024800149	0.02476202	0.024228649	0.024889004	0.026541324	0.028237766	0.029339082	0.034838006	0.038636303	0.042302035	0.042634127	0.042620955	0.042442599	0.042453736	0.04247686	0.043036448	0.047300914	0.047047111	0.047388519	0.060146099
20230609	0.024800149	0.024773385	0.024228649	0.02494622	0.026541324	0.028170444	0.029339082	0.034974576	0.038701879	0.042130255	0.042355743	0.0424498	0.042319686	0.042359626	0.042622655	0.043184734	0.046690042	0.046003876	0.045771899	0.062937523
20230608	0.024800149	0.024784095	0.024340559	0.025175084	0.026717095	0.028163474	0.02903025	0.034838365	0.038507759	0.041806614	0.042074541	0.042194308	0.042136419	0.042083545	0.042276801	0.042825499	0.046027795	0.045391676	0.044901811	0.063248876
20230607	0.024800149	0.02481046	0.024564381	0.025175084	0.026717095	0.028080751	0.02905899	0.034659185	0.038334008	0.041536778	0.041709839	0.041898955	0.041862902	0.041635685	0.041833857	0.042166933	0.045533958	0.044416597	0.043593194	0.059732978
20230606	0.024800149	0.02481046	0.024564381	0.02494622	0.026717095	0.028128173	0.02910151	0.034498274	0.038325416	0.041603029	0.041878109	0.041976318	0.041942348	0.041691085	0.041803524	0.042262013	0.045676587	0.045213654	0.044681253	0.059598174
20230605	0.024800149	0.02476597	0.024340559	0.024889004	0.026658505	0.02811704	0.029652844	0.034763422	0.038619877	0.041820821	0.042058339	0.042073195	0.04202571	0.041844799	0.041958737	0.042292906	0.046221686	0.045582243	0.045100893	0.063460456
20230602	0.024856642	0.024768994	0.024340559	0.024889004	0.026599915	0.028173063	0.029395815	0.034897638	0.038776219	0.042147538	0.042469764	0.042577104	0.04262986	0.042431828	0.042565567	0.042906152	0.046811136	0.046160473	0.04556525	0.062701635
20230601	0.024856642	0.024778495	0.024396514	0.025003436	0.026658505	0.028216322	0.029341664	0.034901005	0.038750372	0.042325593	0.042716273	0.042902984	0.042930464	0.042768804	0.043137584	0.043588772	0.047780337	0.047216719	0.046587218	0.06602905
20230531	0.024833011	0.024802254	0.024340559	0.025005141	0.026658505	0.028120403	0.029487989	0.035083039	0.038874182	0.042687625	0.043065843	0.04293672	0.042994754	0.043019031	0.04338416	0.04385438	0.048514517	0.048105461	0.047826877	0.06791133
20230530	0.024856642	0.02481046	0.024340559	0.025003436	0.026599915	0.028166056	0.029268823	0.035227152	0.038857954	0.043018922	0.043225682	0.043064392	0.043264891	0.043174291	0.043537075	0.044032037	0.048499351	0.048136532	0.048102902	0.066532318
20230529	0.024856642	0.024818536	0.024340559	0.02494622	0.026541324	0.028386435	0.029708008	0.034940504	0.038486556	0.042687996	0.042969541	0.042545705	0.042541622	0.042585121	0.042938011	0.043309326	0.047332385	0.046340544	0.045815555	0.063140621
20230526	0.024856642	0.024829901	0.024340559	0.025117868	0.026658505	0.02853117	0.029649533	0.035132363	0.0388652	0.042943712	0.043036645	0.042829915	0.042787127	0.042721653	0.043172566	0.04367279	0.047542059	0.046619705	0.046364473	0.063968421
20230525	0.024856642	0.025030956	0.024732246	0.024889004	0.026658505	0.028639816	0.029421973	0.035132396	0.038506643	0.042697919	0.042874335	0.042563746	0.042468625	0.042435768	0.042815661	0.043303331	0.046447019	0.045404	0.045234863	0.062256069
20230524	0.024856642	0.02488263	0.024732246	0.024889004	0.026189784	0.028454847	0.029442041	0.03525116	0.038720141	0.042745055	0.042870417	0.042543472	0.042491633	0.042552449	0.043002974	0.043516453	0.046880682	0.045279576	0.044896737	0.060341409
20230523	0.024856642	0.024866975	0.024732246	0.024889004	0.026189784	0.028177615	0.029058249	0.035384767	0.038949576	0.042811733	0.042891873	0.042521941	0.042347346	0.042288212	0.042897568	0.043315148	0.046414671	0.045272236	0.044881149	0.057247847
20230522	0.024856642	0.024866975	0.024452469	0.024889004	0.026189784	0.028077854	0.028935778	0.035013061	0.038814845	0.042395965	0.042532266	0.042114214	0.041932749	0.041821218	0.042257919	0.042762273	0.045782233	0.044919622	0.044659205	0.055312345
20230519	0.024178734	0.024641957	0.024452469	0.025003436	0.026131195	0.027987772	0.028939935	0.035141215	0.03887593	0.042725044	0.04281698	0.0422688	0.042013701	0.041915043	0.042298956	0.042807703	0.046040836	0.045012147	0.044140114	0.057681358
20230518	0.024178734	0.024518985	0.024284604	0.0252323	0.026365554	0.027933022	0.028763611	0.035215709	0.038842631	0.04281111	0.042922312	0.042483284	0.042051832	0.041798616	0.042276677	0.042783831	0.046151409	0.044486457	0.043402799	0.056842869
20230517	0.02427842	0.024440089	0.024284604	0.0252323	0.026072604	0.027894406	0.028842554	0.035126931	0.038503721	0.042471735	0.042603269	0.042187937	0.04185793	0.041579494	0.04181578	0.042323138	0.045418878	0.043418767	0.042220202	0.056609136
20230516	0.024178734	0.024414849	0.024284604	0.0252323	0.026072604	0.027828388	0.02875093	0.035331145	0.03880275	0.042787117	0.042873823	0.04238169	0.041985637	0.041691488	0.041844045	0.042483941	0.045235022	0.043259151	0.04225723	0.056664914
20230515	0.024178734	0.024390462	0.024788201	0.025403949	0.026189784	0.027786753	0.028756056	0.03517151	0.038576889	0.042615331	0.042681127	0.042176002	0.041756845	0.04136509	0.041593956	0.042114168	0.044697996	0.042814254	0.042144002	0.054974818
20230512	0.024009256	0.024379917	0.024788201	0.025518381	0.026541324	0.027822829	0.02894017	0.035241237	0.038794865	0.042977042	0.042859827	0.042498138	0.04215329	0.041754885	0.042132282	0.042667069	0.045325812	0.043449987	0.042670805	0.05445721
20230511	0.024009256	0.024341361	0.024564381	0.025346733	0.026541324	0.028138902	0.02900054	0.035402252	0.03875411	0.043047206	0.042936831	0.042509671	0.042207858	0.041924023	0.042229025	0.042635591	0.045221182	0.043095208	0.042324768	0.054088103
20230510	0.024009256	0.024228329	0.024564381	0.025346733	0.026541324	0.028145866	0.029124512	0.035517245	0.038881237	0.043172486	0.04310376	0.042621456	0.042260976	0.041941631	0.042306632	0.042809351	0.045589182	0.043141477	0.04179053	0.054911024
20230509	0.024009256	0.024188785	0.024564381	0.025461165	0.026541324	0.028168286	0.029181634	0.035787799	0.039095438	0.043402647	0.043361017	0.042876135	0.042425903	0.042161298	0.042412386	0.042965044	0.046061913	0.043789914	0.042503674	0.054518314
20230508	0.024009256	0.024160612	0.024508424	0.025518381	0.026541324	0.028159594	0.029180744	0.0359915	0.03948568	0.043705415	0.043651149	0.043147652	0.042828041	0.042735734	0.043061258	0.043521817	0.046650185	0.044439747	0.043025995	0.055352901
20230505	0.023783287	0.024162314	0.024508424	0.025518381	0.026775685	0.028173517	0.029234049	0.036134022	0.039728694	0.043720813	0.043665863	0.043303607	0.043029026	0.042751608	0.043017663	0.043595272	0.046834242	0.0449059	0.043323854	0.055748618
20230504	0.023783287	0.024132597	0.024284604	0.025518381	0.026835464	0.028165014	0.029295395	0.036321399	0.039935284	0.043952643	0.043909049	0.043491457	0.043243226	0.043108485	0.043388798	0.043827262	0.047097042	0.044998121	0.043475711	0.057443255
20230503	0.023880392	0.024047942	0.024284604	0.025518381	0.026892866	0.028109814	0.029215401	0.036297352	0.039449447	0.043506619	0.043688667	0.043214047	0.042898898	0.042789356	0.043137887	0.043603471	0.046436582	0.044621601	0.043038822	0.056726341
20230502	0.023783287	0.024019237	0.024284604	0.025518381	0.026892866	0.02816045	0.029172819	0.036160269	0.039664011	0.043597676	0.043802922	0.043518454	0.04309855	0.043097249	0.043509192	0.044096001	0.046943283	0.045224318	0.043916335	0.057956492
20230428	0.023783287	0.023990894	0.024284604	0.025575597	0.026951455	0.028133301	0.029032011	0.036152162	0.039900786	0.043669408	0.043913049	0.043731729	0.043367323	0.043374516	0.043785684	0.044252923	0.047553391	0.046330882	0.046008566	0.059114968
20230427	0.023726795	0.023963434	0.024284604	0.025575597	0.027010046	0.028077163	0.029032035	0.036277148	0.040216228	0.043895132	0.044154698	0.044014877	0.043708291	0.043673416	0.044028942	0.044494391	0.048099218	0.046980396	0.046983683	0.058895493
20230426	0.023726795	0.023821019	0.023892917	0.025632813	0.026951455	0.02821126	0.029279156	0.036352539	0.040399816	0.04414822	0.044362927	0.044327008	0.043908219	0.043804284	0.044171241	0.044742512	0.048776781	0.047171521	0.046820312	0.063566715
20230425	0.023726795	0.023743746	0.023892917	0.025632813	0.027068636	0.028184482	0.02935198	0.036193193	0.040282564	0.044229397	0.044458275	0.044383892	0.043951662	0.043774002	0.044144999	0.044622818	0.049150028	0.047339127	0.046334486	0.063025741
20230424	0.023726795	0.023736659	0.023892917	0.025632813	0.026951455	0.028181852	0.02946424	0.036265814	0.040265462	0.044276633	0.044647223	0.044650126	0.04411596	0.043746424	0.044193561	0.044808871	0.049261494	0.046926095	0.045898492	0.060966697
20230421	0.023726795	0.023736659	0.023892917	0.025690029	0.026951455	0.028243027	0.029463969	0.036239253	0.040282155	0.044433795	0.044691923	0.044577871	0.044030754	0.04392821	0.044204928	0.044679681	0.048900723	0.046552966	0.044600663	0.060806445
20230420	0.023726795	0.023736659	0.023892917	0.025403949	0.027068636	0.028224141	0.029586983	0.036330308	0.04043187	0.044630197	0.044861228	0.044717539	0.044448195	0.044167851	0.04446916	0.044958435	0.049128205	0.046799091	0.04576263	0.057886021
20230419	0.023952764	0.023962722	0.02372505	0.025518381	0.026834275	0.028282262	0.029586865	0.036219126	0.040361235	0.044159486	0.044496032	0.044297795	0.044054554	0.043662833	0.044127579	0.044727675	0.048403704	0.045998568	0.044677456	0.05645715
20230418	0.023952764	0.023962722	0.02372505	0.025518381	0.026834275	0.028255525	0.02971387	0.036109181	0.040363724	0.044439131	0.04473617	0.044450886	0.044301637	0.044035239	0.044497083	0.045028823	0.048185866	0.0454666	0.043901029	0.056996721
20230417	0.023952764	0.023962722	0.02372505	0.025403949	0.026834275	0.028245094	0.029783381	0.036430587	0.040807932	0.044899761	0.045113585	0.044815301	0.044574382	0.044215589	0.044595729	0.04525005	0.048694917	0.046144793	0.045311767	0.057377275
20230414	0.023952764	0.023962722	0.02372505	0.0252323	0.026951455	0.028235366	0.029894981	0.036631927	0.041053619	0.045176363	0.045575541	0.045199444	0.045067286	0.044747318	0.0451197	0.045868343	0.049062519	0.046487965	0.045715823	0.058057027
20230413	0.023952764	0.023962722	0.02372505	0.0252323	0.026951455	0.02828517	0.029894981	0.036591409	0.040754623	0.044936399	0.045269123	0.044826009	0.044893255	0.04466315	0.044895391	0.045506108	0.04889962	0.046157474	0.045333621	0.05891008
20230412	0.023952764	0.023962722	0.024060782	0.025461165	0.027010046	0.028274182	0.029771447	0.036352206	0.040601131	0.044728316	0.044951469	0.044557823	0.044614674	0.04432424	0.044639521	0.045348246	0.048624818	0.045845113	0.044791476	0.058161347
20230411	0.023952764	0.023962722	0.02372505	0.025403949	0.027010046	0.028251216	0.029771447	0.0366101	0.040896128	0.04499316	0.045463049	0.045131922	0.044924224	0.044713125	0.044931363	0.045659437	0.048923007	0.046357978	0.045160038	0.058806125
20230410	0.023952764	0.023962722	0.02372505	0.025346733	0.027010046	0.028241378	0.029784061	0.036990657	0.041278013	0.04549298	0.045971357	0.045510611	0.045310334	0.045093074	0.045238266	0.045871521	0.049264532	0.046666472	0.045752554	0.058248261
20230405	0.023952764	0.023962722	0.02372505	0.025403949	0.027010046	0.028331714	0.029842498	0.037388354	0.041686103	0.045976285	0.046460028	0.046034345	0.045846445	0.045477308	0.045635506	0.046187394	0.049972877	0.047421688	0.045693586	0.058359511
20230404	0.023952764	0.023962722	0.02372505	0.025403949	0.027010046	0.028367814	0.029843164	0.037528369	0.041769203	0.045693635	0.04647323	0.046013703	0.045714581	0.045257825	0.045523634	0.046193029	0.049071986	0.046499208	0.045132691	0.059003099
20230403	0.023952764	0.02384969	0.024116737	0.025289517	0.026951455	0.028396339	0.029904091	0.037539843	0.041734399	0.045815955	0.046395096	0.045969814	0.045592756	0.045124293	0.045735291	0.046355564	0.049196464	0.046476231	0.045584673	0.059545869
20230331	0.023872393	0.023853974	0.024116737	0.0252323	0.026951455	0.02831533	0.029780973	0.037411465	0.041688023	0.04563502	0.046148358	0.045789462	0.045573582	0.044944674	0.045532106	0.046157682	0.049055523	0.046713629	0.04606088	0.063138417
20230330	0.023952764	0.023879463	0.024228649	0.0252323	0.026951455	0.028297244	0.029842016	0.036882195	0.041147321	0.044968166	0.045346292	0.044953071	0.044781311	0.044276602	0.044780855	0.045382741	0.048197214	0.046518233	0.04623008	0.061377823
20230329	0.024009256	0.023883718	0.024228649	0.025003436	0.026892866	0.028153048	0.029840589	0.036995815	0.041243159	0.045173962	0.045636013	0.045250754	0.045030313	0.044544045	0.045139961	0.045839179	0.049053276	0.047750914	0.04815797	0.064026693
20230328	0.02398101	0.023893653	0.023948872	0.025060652	0.026892866	0.028089042	0.029805531	0.036961473	0.041249334	0.045256821	0.045657304	0.045278708	0.04490501	0.044400955	0.044906363	0.045702358	0.048935199	0.048166287	0.048872705	0.063276175
20230327	0.024009256	0.023894316	0.023948872	0.025060652	0.026892866	0.028067047	0.029965901	0.037100955	0.041905988	0.045741683	0.046216931	0.045879907	0.045588957	0.04509323	0.045606412	0.04633706	0.050291702	0.049554061	0.050277962	0.063678776
20230324	0.024009256	0.023962722	0.023948872	0.025060652	0.026892866	0.028056543	0.030028242	0.037233638	0.042096465	0.045829444	0.046259642	0.046087806	0.045614891	0.045396606	0.045894943	0.046615465	0.050687464	0.049874625	0.050403391	0.065614008
20230323	0.024009256	0.02397563	0.023948872	0.02494622	0.026892866	0.028291813	0.030087389	0.037233349	0.042068939	0.045887346	0.046227873	0.046271252	0.045702383	0.045482073	0.046079935	0.046920121	0.051057737	0.050319869	0.050671327	0.067735561
20230322	0.024009256	0.024019237	0.023836961	0.024889004	0.026951455	0.028553693	0.030087284	0.037358734	0.042139785	0.046120034	0.046759738	0.046732477	0.04596964	0.045612082	0.046410802	0.047096686	0.051629745	0.051253711	0.051548494	0.067256223
20230321	0.024009256	0.024019237	0.023836961	0.024889004	0.026892866	0.02862399	0.03015692	0.037872706	0.042462703	0.046480011	0.047085328	0.046744455	0.045992352	0.045616359	0.046328361	0.047133091	0.05195266	0.051635173	0.051993993	0.066131868
20230317	0.024009256	0.024019237	0.023836961	0.024889004	0.026834275	0.028608765	0.030109558	0.038142952	0.042676412	0.046708936	0.047354358	0.046941969	0.046399784	0.045878629	0.046756198	0.04770436	0.052119301	0.051600576	0.05173264	0.067790685
20230316	0.024009256	0.024019237	0.023836961	0.025003436	0.026951455	0.028714641	0.03024319	0.038372105	0.043115395	0.046974367	0.04755855	0.047059955	0.046432504	0.045909261	0.046701266	0.047614648	0.051976565	0.051496225	0.052404353	0.066928862
20230315	0.024009256	0.024019237	0.023836961	0.025175084	0.027127225	0.028698997	0.030450941	0.03864595	0.043830501	0.047530175	0.048115423	0.047500637	0.046747329	0.046361477	0.047018459	0.047914351	0.052911364	0.052493957	0.053330709	0.066537968
20230314	0.024009256	0.024019237	0.024060782	0.025289517	0.026951455	0.028821809	0.030150948	0.038849856	0.044095018	0.047871357	0.048324075	0.047664145	0.047119249	0.04680644	0.047398498	0.048188284	0.052752713	0.052493745	0.053388936	0.070242766
20230313	0.024009256	0.024019237	0.024060782	0.025289517	0.026892866	0.028748177	0.030109786	0.038866155	0.044482064	0.04809998	0.04852879	0.047759752	0.04749765	0.047255826	0.047763229	0.048475133	0.052879108	0.052375342	0.053271303	0.070244366
20230310	0.024009256	0.024019237	0.024060782	0.025289517	0.026892866	0.028726321	0.030030398	0.038974669	0.044434113	0.048315637	0.048817646	0.048195201	0.047843775	0.047617009	0.048121971	0.048856774	0.053114447	0.052649573	0.053344482	0.072330023
20230309	0.024291718	0.024301817	0.024060782	0.0252323	0.026892866	0.02869296	0.030090021	0.03885983	0.044358357	0.048231385	0.048764698	0.048203754	0.047753817	0.047524061	0.047930406	0.048742017	0.052889157	0.05195617	0.052004526	0.074280289
20230308	0.024009256	0.024301817	0.024060782	0.025060652	0.026951455	0.028669316	0.030089996	0.03893519	0.044404784	0.048202037	0.049107884	0.048298142	0.04791383	0.047555034	0.047897711	0.048855232	0.052970917	0.051829889	0.051868593	0.074120492
20230307	0.024009256	0.024527552	0.024340559	0.025060652	0.026951455	0.028646265	0.0301523	0.038642974	0.043903298	0.048147121	0.048728441	0.04785852	0.047618184	0.047429452	0.047692533	0.048337761	0.052386792	0.051084875	0.051038211	0.070922519
20230306	0.024009256	0.024360311	0.024396514	0.025117868	0.027010046	0.028600558	0.030229835	0.038760963	0.044071755	0.048433785	0.049055154	0.048088363	0.047871185	0.047783326	0.048039757	0.048810992	0.052803872	0.051600942	0.051650238	0.071934733
20230303	0.024009256	0.024301817	0.024408422	0.025003436	0.027068636	0.028679481	0.030273399	0.0384833	0.043781223	0.048233376	0.048918425	0.048015844	0.047705365	0.047627596	0.047879504	0.048646549	0.052644952	0.051674972	0.052251055	0.068996921
20230302	0.024009256	0.024261447	0.024340559	0.025117868	0.027361586	0.028703361	0.030640293	0.038439543	0.043730752	0.048093138	0.048894686	0.048257445	0.047999964	0.047833993	0.048070998	0.048820272	0.053030491	0.051833963	0.052443601	0.069367915
20230301	0.023726795	0.024180986	0.024060782	0.025117868	0.027713127	0.029131384	0.030080392	0.038425355	0.04368039	0.048230056	0.049247003	0.048411702	0.048096214	0.048122444	0.048466887	0.049316877	0.053601771	0.052567636	0.052781044	0.071807388
20230228	0.023896272	0.024076415	0.024508424	0.025175084	0.027478767	0.029042145	0.030081373	0.038026543	0.043130507	0.047792209	0.048680346	0.048018219	0.047857515	0.047709948	0.04811043	0.048903412	0.053387861	0.052565699	0.052798105	0.069843106
20230227	0.023726795	0.023906206	0.023948872	0.025175084	0.027185816	0.029016827	0.029956766	0.037516226	0.042829303	0.047538472	0.048362115	0.047776969	0.047520239	0.047380392	0.047763065	0.048550376	0.053296939	0.052560434	0.053050885	0.073730982
20230224	0.023726795	0.023736659	0.02372505	0.024717356	0.026482735	0.028637864	0.029524444	0.037237006	0.042636441	0.047400647	0.048318586	0.047709146	0.047305723	0.046890679	0.047353271	0.048144999	0.053251023	0.052314121	0.052745952	0.07135938
20230223	0.023726795	0.023736659	0.02372505	0.024717356	0.026482735	0.028338175	0.029215667	0.037334136	0.042475996	0.047294564	0.048146187	0.047529893	0.047086291	0.046996547	0.047235933	0.047779357	0.052979445	0.051902607	0.051464229	0.069610794
20230222	0.023726795	0.02383629	0.023669095	0.024316843	0.026306965	0.028052755	0.029215648	0.037835548	0.043023901	0.047842431	0.048613649	0.0479269	0.047654177	0.047259604	0.047527122	0.048255049	0.052828427	0.051612234	0.050938529	0.069060154
20230221	0.023783287	0.023795316	0.023669095	0.024316843	0.026306965	0.028013115	0.029216477	0.037997038	0.043256314	0.04800401	0.048919777	0.048451039	0.048073114	0.047683887	0.047868885	0.048606246	0.052894074	0.051911552	0.051028364	0.069302754
20230220	0.023726795	0.023793174	0.023669095	0.024488491	0.026306965	0.028002647	0.029224783	0.038249082	0.043540282	0.048163496	0.049155774	0.048676957	0.048080477	0.047532765	0.047978213	0.04864938	0.053010353	0.051882449	0.05127342	0.064649286
20230217	0.023726795	0.023881983	0.023948872	0.024316843	0.026306965	0.02799181	0.029339082	0.038410083	0.043777134	0.04844781	0.049294221	0.048864549	0.048473317	0.048117223	0.048382462	0.049076922	0.05335619	0.051735967	0.050869878	0.06932266
20230216	0.023726795	0.023847876	0.023948872	0.024431275	0.026365554	0.028039062	0.029277316	0.038432878	0.043889985	0.048742193	0.049786404	0.049519874	0.049090503	0.048531379	0.049000387	0.049849673	0.053946077	0.05234527	0.051585736	0.070484836
20230215	0.023726795	0.023736659	0.02350123	0.024488491	0.026189784	0.028213237	0.029092016	0.038397653	0.043946675	0.049091333	0.049856802	0.049662669	0.049285994	0.048933913	0.049413291	0.050177558	0.05398326	0.052122164	0.051132664	0.071754205
20230214	0.023726795	0.023736659	0.02350123	0.024488491	0.026306965	0.028323392	0.029092016	0.038214362	0.043688938	0.049005917	0.049893095	0.049683168	0.049390658	0.048937555	0.04949615	0.050312146	0.053952672	0.052102238	0.051110966	0.07173381
20230213	0.023726795	0.023736659	0.023389318	0.024545707	0.026306965	0.02818247	0.029103517	0.037727445	0.043396327	0.048817479	0.049766937	0.049724375	0.049448463	0.049205467	0.049656127	0.050607587	0.054648773	0.053012405	0.0523975	0.070003712
20230210	0.023726795	0.023736659	0.023389318	0.024431275	0.026365554	0.028174524	0.029286439	0.036891906	0.042623147	0.04780333	0.048812746	0.048728642	0.048543219	0.04839917	0.048814221	0.049475151	0.053497574	0.051499319	0.049848102	0.067929471
20230209	0.023783287	0.0237561	0.023389318	0.024431275	0.026365554	0.028165523	0.029224179	0.036617059	0.04225955	0.047453515	0.048381965	0.048389801	0.048009804	0.047941805	0.048278671	0.048976391	0.052444081	0.050729487	0.049475722	0.065562637
20230208	0.023783287	0.023947565	0.023948872	0.024431275	0.026599915	0.028194126	0.029101337	0.036450606	0.041823584	0.047215056	0.047914433	0.047588966	0.047625501	0.047647404	0.047978137	0.048649223	0.052091522	0.050604535	0.04910224	0.066528419
20230207	0.023783287	0.023794655	0.023781005	0.024374059	0.026599915	0.028154995	0.029119651	0.036294601	0.041464133	0.046773618	0.047535682	0.047432785	0.047286463	0.047520656	0.047831547	0.048435906	0.051518961	0.049686561	0.048083459	0.065094822
20230203	0.023726795	0.023793174	0.023781005	0.024374059	0.026599915	0.028148497	0.029101114	0.036322855	0.041663522	0.046652553	0.047615604	0.047609855	0.047346113	0.047396024	0.047871878	0.04870112	0.051602852	0.049199379	0.048065909	0.066745793
20230202	0.023726795	0.023635817	0.023165498	0.024374059	0.026658505	0.028157965	0.029102202	0.036246707	0.041566152	0.046412752	0.047444582	0.047476708	0.047508649	0.047768358	0.048140881	0.048942118	0.052066592	0.04970751	0.048630467	0.064379451
20230201	0.023726795	0.023657022	0.023165498	0.024374059	0.026658505	0.028097892	0.029038131	0.035572163	0.041012749	0.045899614	0.04678573	0.046903247	0.046724852	0.04696371	0.047423806	0.048208221	0.051410425	0.049138447	0.047462711	0.065706396
20230131	0.023726795	0.022688889	0.022274358	0.024431275	0.026541324	0.028130884	0.029037353	0.035377268	0.040740703	0.045859945	0.046617066	0.046736188	0.046759058	0.046888205	0.047357477	0.048056714	0.05100885	0.048917455	0.047730841	0.064395781
20230130	0.023038554	0.02285613	0.022046391	0.024431275	0.026541324	0.028126501	0.029112029	0.035532126	0.04087479	0.046031132	0.047082252	0.04715593	0.04709061	0.047331019	0.04771432	0.048489234	0.051518396	0.049655334	0.048569001	0.065652642
20230127	0.023726795	0.022888921	0.022046391	0.024545707	0.026541324	0.028225086	0.029160454	0.035566659	0.040985051	0.045943919	0.047144195	0.047237217	0.047157831	0.047196306	0.047586883	0.048439075	0.051607689	0.049321521	0.048212257	0.06521406
20230126	0.023726795	0.022962572	0.022046391	0.024431275	0.026717095	0.028332653	0.029285426	0.036079092	0.041356195	0.046158221	0.047260187	0.047465785	0.04727357	0.047229622	0.047780498	0.048656109	0.051981787	0.049624478	0.048049759	0.066657818
20230125	0.023726795	0.022848387	0.022046391	0.024431275	0.026775685	0.028368942	0.029347866	0.036475217	0.041474793	0.046190152	0.04779204	0.047609339	0.047424459	0.047462731	0.047870789	0.048739639	0.051830102	0.049686623	0.047873288	0.066427453
20230124	0.023726795	0.022884473	0.023221453	0.024374059	0.026951455	0.02835868	0.02934923	0.036728806	0.042099456	0.046493028	0.048000085	0.047811014	0.047635765	0.047462977	0.047895581	0.048770824	0.051204432	0.048772334	0.046685167	0.066385459
20230123	0.02341999	0.02300696	0.022382123	0.024488491	0.027010046	0.028375931	0.029433202	0.03703496	0.042415963	0.046744308	0.048245329	0.048320531	0.048043973	0.047878563	0.048316466	0.048948711	0.051720244	0.049793096	0.047802842	0.066485195
20230120	0.023726795	0.023058468	0.022382123	0.024889004	0.027127225	0.028506901	0.029597198	0.037425049	0.042901718	0.046970884	0.048254825	0.048463947	0.048294662	0.048241293	0.04843235	0.048904438	0.051609302	0.049728204	0.047248227	0.070625271
20230119	0.023726795	0.02311976	0.022382123	0.024889004	0.027244406	0.0285908	0.029720058	0.037200856	0.042468839	0.046554465	0.047653586	0.048157688	0.047874529	0.047936395	0.048096623	0.048687785	0.05143541	0.049046579	0.046736721	0.068080306
20230118	0.023726795	0.023099329	0.022605944	0.024889004	0.027302996	0.028581059	0.029782146	0.037410746	0.042588624	0.046747881	0.048188104	0.048585683	0.048100651	0.04826742	0.048622167	0.04922517	0.052609683	0.049834295	0.047380448	0.070929569
20230117	0.023514123	0.023342398	0.022661899	0.024889004	0.027010046	0.02841654	0.029632615	0.037369413	0.042329037	0.046175094	0.047551902	0.047563975	0.047401243	0.047559267	0.04798512	0.048684926	0.051908157	0.049058619	0.047521022	0.069265963
20230116	0.023726795	0.023397563	0.022661899	0.024889004	0.026834275	0.028380525	0.029412615	0.036929171	0.041783849	0.045522706	0.046577461	0.046612099	0.046137206	0.046083197	0.046811743	0.047631579	0.050814428	0.048512331	0.048091539	0.064795345
20230113	0.023726795	0.023446003	0.022605944	0.024889004	0.026775685	0.028400278	0.029227249	0.036749377	0.041302547	0.044831078	0.04580367	0.045591222	0.045607834	0.045550088	0.046247734	0.046899894	0.050333146	0.048868914	0.048683147	0.066874722
20230112	0.024065749	0.023454904	0.022605944	0.024431275	0.026658505	0.028143375	0.029103684	0.036473556	0.040969563	0.044336432	0.045204332	0.044729336	0.044840505	0.044864872	0.045726503	0.047200931	0.0495116	0.047318121	0.046922381	0.069277144
20230111	0.024065749	0.023477968	0.022661899	0.024602923	0.026658505	0.028135471	0.029042856	0.03646784	0.04099934	0.044443403	0.045285578	0.044879305	0.044815878	0.044726571	0.045684927	0.046336095	0.050026199	0.048217867	0.047957212	0.065702718
20230110	0.02392397	0.023683471	0.022661899	0.024202411	0.026658505	0.028111821	0.02906655	0.036282362	0.040895164	0.044125255	0.044856369	0.044714592	0.044239557	0.044157464	0.045189947	0.046511015	0.049349186	0.048050022	0.047750791	0.06072472
20230109	0.024065749	0.023736659	0.022661899	0.024545707	0.026599915	0.028057579	0.029044147	0.036307442	0.041008494	0.044382627	0.045301992	0.044957298	0.044680343	0.044393194	0.045496488	0.046769454	0.049881288	0.048405713	0.047413265	0.061889423
20230106	0.024065749	0.023785098	0.022661899	0.024602923	0.026482735	0.02810482	0.028968762	0.036128449	0.040931933	0.044201958	0.045314759	0.045164421	0.044276448	0.04400034	0.045010047	0.046098757	0.049618249	0.047737335	0.047132773	0.059904963
20230105	0.024404703	0.023794	0.022661899	0.024602923	0.026482735	0.028097098	0.028907026	0.035949334	0.040651359	0.044506101	0.045433609	0.045467607	0.044464688	0.044058584	0.044849647	0.045873076	0.049397552	0.04724376	0.045370992	0.060571007
20230104	0.024404703	0.023852323	0.023389318	0.024774572	0.026248374	0.02811019	0.029030552	0.036575078	0.041402276	0.045685734	0.046317544	0.046831173	0.046137435	0.045736407	0.046488924	0.047457053	0.050373114	0.048074502	0.047398665	0.060770812
20230103	0.024262924	0.024022566	0.022829766	0.025117868	0.026306965	0.028135005	0.029033245	0.037426313	0.042334293	0.046431113	0.047090229	0.04732449	0.046846336	0.046561701	0.047165174	0.048113445	0.051072376	0.048876221	0.047336561	0.067081999
20230102	0.024404703	0.024075754	0.022829766	0.025175084	0.026072604	0.028126398	0.029030578	0.037570394	0.042243596	0.046324116	0.047002729	0.047228081	0.046442717	0.046389317	0.04681711	0.047685335	0.05037452	0.048331293	0.047217753	0.066791089
20221230	0.024404703	0.024124193	0.022829766	0.025175084	0.026189784	0.028055695	0.028968762	0.037060873	0.041461008	0.045781207	0.046507334	0.046186392	0.045600772	0.045436379	0.04583697	0.046653641	0.049247019	0.047165212	0.045861646	0.066073782
20221229	0.024461195	0.024166049	0.023109542	0.02494622	0.026189784	0.02804499	0.029154042	0.036888038	0.041158471	0.045528282	0.046078171	0.045675	0.045293807	0.04487928	0.045289959	0.046112464	0.048877939	0.047374593	0.046788703	0.059615592
20221228	0.024461195	0.024190102	0.024116737	0.025747246	0.026482735	0.028200938	0.029153993	0.036537434	0.040946904	0.044857528	0.045586365	0.045071931	0.044495085	0.044189765	0.044916959	0.045847581	0.048283979	0.046915739	0.04652291	0.060520697
20221227	0.024390303	0.024275221	0.02350123	0.025575597	0.026658505	0.028309663	0.02921705	0.036139616	0.04048849	0.044397591	0.045088852	0.044566195	0.04398869	0.043677801	0.044383517	0.045339962	0.048061621	0.046877809	0.046694712	0.057723022
20221226	0.024461195	0.024301817	0.02350123	0.025632813	0.026717095	0.028366318	0.029286895	0.035620577	0.040047006	0.043831918	0.044595781	0.043999578	0.043819016	0.043298759	0.0439017	0.044829323	0.047580132	0.046792507	0.047065796	0.063845163
20221223	0.024461195	0.024308243	0.024060782	0.025690029	0.026717095	0.028362445	0.029339082	0.035410796	0.039751734	0.0438569	0.044713378	0.044115167	0.043928016	0.043194882	0.0439447	0.044919722	0.048288078	0.047980616	0.048687758	0.061294093
20221222	0.024517688	0.024351359	0.02350123	0.025690029	0.026775685	0.02842165	0.029400849	0.035085746	0.03931758	0.04380429	0.04492533	0.044226684	0.0440303	0.043275177	0.044198907	0.045262678	0.048848195	0.048131293	0.048359866	0.064099625
20221221	0.024517688	0.024059109	0.023277408	0.025861678	0.026951455	0.028412365	0.029277316	0.03479548	0.038991537	0.043669635	0.044587062	0.043867954	0.043796054	0.043040153	0.043964658	0.045073215	0.048436129	0.047500433	0.046146385	0.065754952
20221220	0.024517688	0.024200976	0.023277408	0.025861678	0.026892866	0.028413813	0.029277316	0.034813022	0.03904054	0.043614857	0.044689376	0.043667587	0.043588676	0.043164103	0.043843456	0.044814412	0.047785171	0.046214088	0.044971403	0.064012125
20221219	0.024517688	0.024245301	0.023277408	0.02597611	0.026834275	0.028398963	0.029285315	0.034942916	0.039427076	0.044103802	0.045066408	0.044256654	0.04387286	0.043571156	0.044020741	0.044848199	0.047618915	0.046048791	0.044806945	0.063828087
20221216	0.024517688	0.02428567	0.023277408	0.025918894	0.026892866	0.02839909	0.029286143	0.034861321	0.039683875	0.044261158	0.045610109	0.044121676	0.044036667	0.043528406	0.044048896	0.044882545	0.047190958	0.045304754	0.04446466	0.063372283
20221215	0.02457418	0.024323841	0.023277408	0.02597611	0.027127225	0.028463745	0.02940747	0.034402274	0.039545559	0.043762353	0.044450579	0.043481584	0.042884095	0.042577753	0.042727621	0.043329567	0.045781528	0.043994251	0.04270707	0.06331952
20221214	0.02457418	0.0245264	0.023892917	0.026147758	0.027420177	0.028585678	0.029468804	0.034260469	0.039502985	0.04366862	0.044446267	0.043455588	0.043272979	0.042971242	0.043203611	0.043749694	0.045275681	0.04356996	0.042509336	0.06015626
20221213	0.024621441	0.024715818	0.024900113	0.026204975	0.027537357	0.028698064	0.029543684	0.034196796	0.039567483	0.043538349	0.04427805	0.043284356	0.042984736	0.043128915	0.04318938	0.043672206	0.045063452	0.043436265	0.041684289	0.06317571
20221209	0.02457418	0.024697428	0.024900113	0.026204975	0.027537357	0.028675062	0.029531676	0.034472585	0.039696378	0.043502183	0.044422917	0.043540091	0.043239764	0.043395159	0.043450655	0.043986972	0.045507596	0.043885615	0.042636533	0.059011902
20221208	0.02457418	0.024681281	0.024900113	0.026204975	0.027537357	0.028769065	0.02946272	0.034311712	0.039415498	0.043610024	0.044319856	0.043743486	0.043340557	0.043387687	0.043586665	0.044275833	0.0455726	0.043657688	0.041956105	0.0595032
20221207	0.02457418	0.024658545	0.024900113	0.026204975	0.027595947	0.028908229	0.029524474	0.034447275	0.039575662	0.043696141	0.04467115	0.044103585	0.043678814	0.044021154	0.04449031	0.04525303	0.046751865	0.045756448	0.043313469	0.06301258
20221206	0.02457418	0.023696617	0.024508424	0.026204975	0.027595947	0.028973599	0.029647965	0.034455017	0.039613406	0.043339465	0.044326845	0.04355103	0.043356447	0.04348008	0.043791758	0.044405996	0.045777128	0.044636408	0.041221267	0.061012858
20221205	0.02457418	0.023474018	0.024508424	0.026204975	0.027595947	0.028952361	0.029956908	0.034398604	0.039583725	0.043397972	0.044506781	0.04373198	0.043422229	0.043555624	0.043787178	0.044361135	0.045735612	0.043534971	0.039904871	0.060375689
20221202	0.02457418	0.023454079	0.024508424	0.026204975	0.027595947	0.028944972	0.02995676	0.034550954	0.039570705	0.043388206	0.044475235	0.043735136	0.043417322	0.043559707	0.043783607	0.04440287	0.046006641	0.043407768	0.039790744	0.060228503
20221201	0.02457418	0.023496918	0.024508424	0.026891567	0.028181848	0.029634619	0.029426451	0.03453275	0.03957991	0.043310242	0.043759346	0.043120275	0.042891954	0.043259707	0.043475056	0.044032309	0.045613139	0.042514525	0.039273558	0.0606881
20221130	0.02457418	0.023678165	0.024508424	0.026376623	0.028181848	0.029628825	0.029423912	0.034547932	0.03960209	0.043145999	0.043864372	0.043130105	0.043084978	0.043555563	0.043716749	0.044196696	0.045439848	0.042282473	0.039668424	0.058689207
20221129	0.02457418	0.024584397	0.024340559	0.026033326	0.028064667	0.029507571	0.029530275	0.034289211	0.03919844	0.04283737	0.043652267	0.0430762	0.043061705	0.043313716	0.043469288	0.043987841	0.045150165	0.041897397	0.038868856	0.056135816
20221128	0.024291718	0.024301817	0.024060782	0.025175084	0.027537357	0.029296406	0.028311066	0.034502424	0.039441078	0.042795976	0.04348737	0.042876355	0.043273214	0.04322677	0.04328611	0.04374072	0.045212165	0.042139158	0.038682666	0.057010904
20221125	0.024291718	0.024301817	0.024060782	0.025175084	0.027537357	0.029251425	0.029825988	0.034988443	0.039804572	0.043877636	0.044625467	0.044543811	0.044123353	0.044702723	0.044957456	0.045519887	0.047154871	0.044145074	0.04172643	0.063620707
20221124	0.024291718	0.024156492	0.023389318	0.025289517	0.027537357	0.029075373	0.029880354	0.035437042	0.040719569	0.045541368	0.046027759	0.045840442	0.045391352	0.046453592	0.046675398	0.047267489	0.048692363	0.046675348	0.044278992	0.06362013
20221123	0.024291718	0.024190599	0.023389318	0.0252323	0.027244406	0.028891239	0.029908526	0.0352515	0.040203266	0.044319155	0.045022214	0.044395783	0.044347142	0.044831803	0.045100568	0.045628624	0.046714119	0.044791061	0.04331205	0.0646488
20221122	0.024291718	0.023937346	0.023389318	0.025003436	0.027185816	0.028734898	0.029328452	0.034792145	0.039867654	0.04336122	0.044200252	0.043258668	0.043231038	0.043255767	0.043797023	0.04447807	0.046019551	0.044468049	0.043372017	0.061425428
20221118	0.0241972	0.024041613	0.023389318	0.02494622	0.027185816	0.028567003	0.028674753	0.035097175	0.040081427	0.043734001	0.044437813	0.043985681	0.043173666	0.043265002	0.043665945	0.044298807	0.046401759	0.044925074	0.043640961	0.064806107
20221117	0.024291718	0.024075754	0.023221453	0.025861678	0.027185816	0.028554287	0.029242449	0.03485696	0.039775108	0.043508855	0.04419501	0.043652656	0.04283157	0.043037905	0.04335754	0.044005352	0.0457865	0.044429962	0.042617444	0.069330088
20221116	0.024235226	0.024103926	0.023277408	0.025918894	0.027244406	0.028554372	0.029189996	0.035065157	0.039752596	0.043428467	0.044517094	0.043747923	0.042794274	0.043219237	0.043473592	0.04404921	0.046142796	0.044877154	0.04333181	0.06576441
20221115	0.024291718	0.024125295	0.023277408	0.025918894	0.027010046	0.028350123	0.028947347	0.034279488	0.038911079	0.042310459	0.043441133	0.042501012	0.042019864	0.042548292	0.042879739	0.043395899	0.045325143	0.043780076	0.043478228	0.062719995
20221114	0.024291718	0.023993037	0.023557185	0.025918894	0.026951455	0.028159625	0.028765019	0.033869443	0.038104785	0.041268972	0.041935911	0.041595197	0.041080751	0.041396418	0.041416818	0.041733883	0.043270735	0.042079965	0.041737038	0.056945762
20221111	0.024494057	0.024462497	0.024060782	0.025804462	0.026951455	0.028184482	0.028742486	0.034156637	0.038441271	0.041471466	0.042323438	0.042327444	0.041827559	0.042254445	0.042217205	0.042520469	0.043816714	0.043380049	0.042299907	0.057893151
20221110	0.024517688	0.024471365	0.024060782	0.025804462	0.027010046	0.028184482	0.028835124	0.034491141	0.038733429	0.041748365	0.043032197	0.043199534	0.042203427	0.042812805	0.042796453	0.043138774	0.044719716	0.043997815	0.042100863	0.064930693
20221109	0.024291718	0.024204932	0.02350123	0.025804462	0.027010046	0.028094371	0.028773832	0.034572518	0.038681428	0.041497539	0.04245295	0.042319408	0.04190247	0.042250364	0.042192955	0.042495695	0.043392821	0.043801613	0.042744192	0.058427207
20221108	0.024517688	0.02452788	0.024116737	0.025861678	0.027068636	0.028088897	0.028774617	0.034080616	0.03766864	0.041111911	0.041932999	0.041310839	0.041331897	0.041799627	0.041758234	0.041999982	0.042911261	0.043481698	0.042339629	0.066431527
20221107	0.024291718	0.024519641	0.024620336	0.025690029	0.026658505	0.02778939	0.028469398	0.034441316	0.038100887	0.041602097	0.042599539	0.042437772	0.04168871	0.042709119	0.042816185	0.043191967	0.044261317	0.0448854	0.044253273	0.060637394
20221104	0.024336397	0.024438676	0.024620336	0.025690029	0.026658505	0.02778305	0.028370183	0.033828573	0.037138724	0.040910046	0.042125654	0.041810863	0.041030589	0.042332968	0.042533605	0.042958134	0.043763078	0.043874303	0.043341777	0.057902235
20221103	0.024291718	0.024358332	0.024340559	0.025289517	0.026365554	0.027477064	0.028098138	0.033296897	0.036543026	0.040063682	0.040903385	0.040298372	0.040215089	0.040652101	0.040874263	0.041346149	0.0425231	0.041876108	0.039907861	0.055354782
20221101	0.024291718	0.024200976	0.023781005	0.025289517	0.026365554	0.027474149	0.027975427	0.03310566	0.03651855	0.03999074	0.040624431	0.039872517	0.039969191	0.040335673	0.040467692	0.040899405	0.042469904	0.041207401	0.038965542	0.053974071
20221031	0.024291718	0.02390225	0.023333363	0.0252323	0.026306965	0.027472373	0.028160448	0.032746974	0.036150546	0.039431771	0.040002013	0.039233788	0.039312628	0.039854996	0.040018714	0.040447767	0.041866079	0.040635718	0.038534828	0.052036014
20221028	0.024291718	0.023285193	0.022941676	0.024488491	0.025369522	0.027181006	0.028037644	0.032682865	0.035971334	0.039208125	0.03992119	0.039318302	0.039425564	0.039868258	0.04002876	0.040452013	0.042040692	0.040798738	0.038733547	0.052307361
20221027	0.024291718	0.023638129	0.022941676	0.024431275	0.025369522	0.027159149	0.02787148	0.032632218	0.035573756	0.038922677	0.039829108	0.039424985	0.0395397	0.039981336	0.040137604	0.040602235	0.042392343	0.041197978	0.038946402	0.057594978
20221026	0.024291718	0.023736659	0.022941676	0.024431275	0.025369522	0.026911635	0.027650115	0.032432887	0.035595572	0.038814376	0.039397298	0.039258338	0.039303059	0.039830205	0.040121674	0.040690324	0.042823933	0.042214885	0.040911809	0.055244959
20221025	0.024291718	0.023555412	0.022158302	0.024087978	0.025310932	0.0264192	0.027671387	0.031911898	0.034902564	0.038269729	0.03903632	0.03864638	0.038824927	0.039583183	0.039745793	0.040208485	0.042077029	0.041697268	0.040755499	0.053623362
20221024	0.024291718	0.02358809	0.022046391	0.024087978	0.025310932	0.026418945	0.027547854	0.031626159	0.034725381	0.038021857	0.038790988	0.038673597	0.038875206	0.039518087	0.039620192	0.040015857	0.041878349	0.04161522	0.041571227	0.052124192
20221021	0.023937268	0.023648014	0.022382123	0.024030762	0.025310932	0.0263572	0.026806657	0.030845635	0.03436565	0.037124925	0.037415577	0.037435329	0.037688173	0.038033245	0.038096035	0.038507492	0.040109942	0.038679205	0.038660513	0.04826129
20221020	0.024291718	0.023736659	0.022046391	0.023859114	0.025076572	0.026244905	0.026805205	0.03066931	0.034071641	0.036881779	0.037077008	0.036710189	0.037082222	0.037565924	0.037442607	0.037728096	0.039396437	0.037472723	0.037284746	0.047530189
20221019	0.024291718	0.023817397	0.021990436	0.023859114	0.024959392	0.02624619	0.026805273	0.030636329	0.03411942	0.036997967	0.037092434	0.037042071	0.037375269	0.037381681	0.037252457	0.037605487	0.039210166	0.037515546	0.037324112	0.048649742
20221018	0.024291718	0.023208738	0.021934481	0.023630249	0.024783621	0.026123681	0.02655875	0.030408119	0.034077791	0.036501588	0.036664295	0.036653558	0.036714319	0.036941611	0.036932881	0.037326239	0.038911407	0.037743075	0.036924634	0.04797788
20221017	0.024291718	0.022655114	0.021990436	0.023744682	0.024900801	0.026184293	0.026620461	0.030140033	0.033439527	0.036236441	0.036305694	0.036095917	0.036154777	0.036286335	0.036332024	0.036745081	0.038475004	0.037198719	0.036313973	0.048086183
20221014	0.023783287	0.022896663	0.021990436	0.023744682	0.024900801	0.026583943	0.026736563	0.03039726	0.033402599	0.036123244	0.036387663	0.036249629	0.036240186	0.036177476	0.036194345	0.036629086	0.038093534	0.036698741	0.035770434	0.047374932
20221013	0.024291718	0.023001952	0.02182257	0.023744682	0.025486703	0.027179199	0.027545933	0.030251608	0.033401546	0.035906082	0.036453043	0.036351998	0.036253114	0.036193871	0.036023113	0.036318379	0.037889647	0.036324645	0.034972899	0.047318939
20221012	0.024291718	0.023124377	0.02182257	0.023744682	0.025779653	0.027277402	0.028039633	0.030800165	0.034000982	0.036676184	0.037080649	0.036796853	0.036671255	0.036527343	0.036405317	0.036745925	0.037907396	0.036006932	0.03391776	0.048030184
20221011	0.02377387	0.023074615	0.02182257	0.024374059	0.026072604	0.027430326	0.028225186	0.031382223	0.034668544	0.03696758	0.037098205	0.036579637	0.036509868	0.036368887	0.03634171	0.036698177	0.037415884	0.035006922	0.033454449	0.04539579
20221010	0.023890396	0.023310597	0.021486839	0.024488491	0.026189784	0.027415215	0.028272054	0.031202672	0.034739134	0.036855253	0.037043157	0.036578394	0.036359024	0.036020462	0.035835275	0.036087918	0.037194147	0.034793705	0.033017439	0.044688903
20221007	0.024291718	0.023397563	0.021486839	0.024488491	0.026131195	0.027701503	0.028410596	0.031189792	0.034659275	0.03685185	0.037094593	0.036517568	0.036184775	0.035835405	0.035706379	0.036027218	0.036876947	0.034495454	0.032525027	0.043068235
20221006	0.024291718	0.023491154	0.021598749	0.02494622	0.026131195	0.027691938	0.028534086	0.03169694	0.03516275	0.037601255	0.037720388	0.037367378	0.036892797	0.036608443	0.03637815	0.036587423	0.037477858	0.034752293	0.032490316	0.046015625
20221005	0.024291718	0.0234694	0.021486839	0.024831788	0.026131195	0.02768726	0.028596272	0.032039622	0.035257677	0.03793884	0.037901499	0.037598826	0.037034204	0.036715995	0.036563253	0.036815164	0.037466604	0.034866341	0.03226526	0.043816121
20221004	0.024291718	0.023589355	0.023165498	0.025060652	0.026658505	0.027830546	0.028658039	0.032005801	0.035342531	0.037808078	0.037722111	0.037409349	0.036947288	0.036566419	0.036284724	0.03643131	0.036963844	0.034731972	0.031949077	0.043298984
20221003	0.024217861	0.02397966	0.023165498	0.024889004	0.026660597	0.027824255	0.028646804	0.032143596	0.035388345	0.037815569	0.03794317	0.037810313	0.037300307	0.036726472	0.036404659	0.036551802	0.037113612	0.034780919	0.032007521	0.043410412
20220930	0.024291718	0.024075754	0.023165498	0.025175084	0.026661997	0.027822121	0.028658236	0.032016531	0.035277974	0.037598256	0.037900682	0.037586397	0.037041455	0.036561701	0.036254448	0.036420099	0.036893468	0.03441709	0.031812889	0.044042326
20220929	0.024291718	0.023732374	0.022549989	0.024316843	0.026599915	0.027883756	0.028781727	0.031851662	0.035373634	0.037695468	0.037793191	0.037570504	0.037127768	0.036501314	0.036149496	0.036314129	0.036558368	0.033971126	0.031874485	0.043245268
20220928	0.024291718	0.023873416	0.022549989	0.024030762	0.026482735	0.027922227	0.028781775	0.031852534	0.035280016	0.037675665	0.03774735	0.037406451	0.03710093	0.036590735	0.036210741	0.036324866	0.036880439	0.034234834	0.031630348	0.043789816
