DATE	1	7	30	90	180	270	360	720	1080	1440	1800	2160	2520	2880	3240	3600	5400	7200	9000	10800
20180629	0.02410237	0.02411239	0.02415083	0.02475177	0.02546244	0.02622075	0.02690413	0.02937214	0.03136351	0.03289272	0.03351071	0.03436437	0.03526602	0.03609391	0.03694115	0.03781778	0.04217406	0.04584163	0.05010564	0.05487885
20180628	0.02354185	0.02411239	0.02415083	0.024695	0.025520573	0.02622075	0.026965415	0.029299124	0.031218285	0.033217103	0.033510272	0.033907913	0.034853768	0.035928833	0.037086982	0.038288873	0.041825667	0.046116318	0.048544968	0.055219479
20180627	0.02354185	0.02411239	0.024261868	0.02475177	0.025346173	0.026160611	0.026965415	0.029297711	0.031448791	0.033631032	0.033870689	0.034074417	0.034800293	0.036177427	0.037613447	0.038623632	0.041508268	0.045154171	0.046868117	0.052302335
20180626	0.023819868	0.02411239	0.024261868	0.02475177	0.025346173	0.026160611	0.026965415	0.029035903	0.030920821	0.032667636	0.032899769	0.033411617	0.034000092	0.035355973	0.036745863	0.037398473	0.040463519	0.042949303	0.046148547	0.049407011
20180625	0.02354185	0.02411239	0.024261868	0.02492208	0.02563684	0.026573245	0.027273176	0.029468856	0.031715158	0.033748685	0.034135806	0.034558795	0.035129048	0.036453816	0.037808731	0.038483934	0.041524837	0.043671635	0.044949388	0.050585066
20180622	0.02354185	0.024091138	0.024261868	0.02497885	0.025694974	0.026681351	0.027397762	0.029624791	0.031848288	0.033695547	0.034376103	0.034632358	0.035648457	0.036829867	0.037937455	0.038733447	0.041555702	0.044357746	0.046709882	0.047961461
20180621	0.02354185	0.024001221	0.024261868	0.02497885	0.025811241	0.02668938	0.027394331	0.02940328	0.031636669	0.033297572	0.034056092	0.034348836	0.035892793	0.037061388	0.038093622	0.038956015	0.042563626	0.045449798	0.048648061	0.049612206
20180620	0.02354185	0.023891683	0.023873234	0.02486531	0.025753107	0.026686662	0.027271828	0.029405195	0.031633542	0.033499276	0.034151345	0.034532009	0.036362922	0.03765204	0.038744457	0.039636858	0.043850364	0.047171753	0.050581109	0.053126237
20180619	0.02354185	0.023582697	0.023873234	0.02486531	0.025805259	0.026677208	0.027271779	0.029386307	0.031738279	0.033800678	0.034724157	0.03505256	0.037203557	0.038290213	0.039078292	0.040118495	0.044087981	0.048026311	0.049763143	0.05773698
20180618	0.02354185	0.023551637	0.023873234	0.02492208	0.025859712	0.026683071	0.027271834	0.029599423	0.031856042	0.034070873	0.034700907	0.035226728	0.037515771	0.038641991	0.039440878	0.040570876	0.043949691	0.047572728	0.050150232	0.056557652
20180615	0.02354185	0.023551637	0.023873234	0.02486531	0.025869374	0.026691232	0.027149405	0.029805825	0.032157252	0.034389461	0.035280887	0.035520575	0.03768583	0.039001647	0.039964713	0.041107275	0.044601545	0.04826558	0.053148603	0.05607679
20180614	0.023037382	0.023551637	0.023873234	0.02480854	0.026043774	0.026762004	0.027762139	0.03063557	0.033460343	0.035824237	0.03660997	0.036676442	0.038855418	0.04037255	0.041593352	0.042912198	0.045970269	0.049321257	0.05408238	0.05455956
20180613	0.023037382	0.023551637	0.024095311	0.02452469	0.025869374	0.026683847	0.027762347	0.031477605	0.034104158	0.036311246	0.036761424	0.036901814	0.03810975	0.039519395	0.04094264	0.042256655	0.046074607	0.046902857	0.050235838	0.053033311
20180612	0.023287598	0.023551637	0.024095311	0.02452469	0.025869374	0.026670941	0.027702509	0.031128245	0.033499566	0.035510944	0.035894706	0.036227222	0.037431955	0.038699014	0.039918682	0.040885076	0.044534222	0.044468893	0.046960812	0.052593677
20180611	0.023037382	0.023551637	0.024095311	0.02452469	0.025869374	0.026666743	0.027762206	0.031003043	0.033145076	0.034990565	0.035250492	0.035420564	0.036984264	0.038167535	0.039107339	0.039900135	0.04411646	0.043978896	0.044625956	0.052993762
20180608	0.023037382	0.023532509	0.024095311	0.02458146	0.025869374	0.02668606	0.027700946	0.030705627	0.033196539	0.034959564	0.035611878	0.035868158	0.037815749	0.038687084	0.039168218	0.039993327	0.044911775	0.045304769	0.047177369	0.052611586
20180607	0.02298133	0.023478834	0.024095311	0.02475177	0.025869374	0.026683492	0.027762213	0.030452665	0.033095536	0.03488671	0.035208861	0.035758471	0.038202878	0.039052739	0.039350612	0.040073116	0.044643796	0.045400841	0.04641671	0.05192926
20180606	0.02298133	0.023160909	0.023706677	0.024411149	0.025753107	0.026882283	0.027884727	0.030916904	0.033936331	0.035808815	0.036297892	0.036817043	0.039603067	0.04041769	0.040588367	0.041503417	0.046047001	0.046937938	0.047535636	0.055276785
20180605	0.02298133	0.023006416	0.023706677	0.024411149	0.025753107	0.026882283	0.027947538	0.031628511	0.034263023	0.036200188	0.036655985	0.03713448	0.039684061	0.040646893	0.04096431	0.041664446	0.045783429	0.046904918	0.047945937	0.060585915
20180604	0.02298133	0.022990884	0.023706677	0.024411149	0.02563684	0.026736944	0.027893117	0.032167504	0.03438357	0.036507811	0.036760864	0.036924865	0.039406202	0.040474591	0.040865171	0.041676474	0.04533015	0.047472436	0.051614095	0.058915776
20180601	0.02298133	0.022990884	0.023706677	0.024127299	0.025404307	0.026461307	0.02776212	0.031291632	0.033182222	0.035454431	0.035662797	0.036202203	0.038008602	0.038725121	0.039034603	0.039727372	0.043486204	0.046672773	0.052078133	0.06177558
20180531	0.02298133	0.022990884	0.023706677	0.024127299	0.025404307	0.026461307	0.027272067	0.030788005	0.032798402	0.034808897	0.035319069	0.036091415	0.037902489	0.038652674	0.039026026	0.039709227	0.043443617	0.046713112	0.053773841	0.069422392
20180530	0.02326159	0.023297419	0.023595638	0.024297609	0.02546244	0.026280889	0.027096504	0.030759067	0.032630404	0.035327145	0.035863155	0.03654797	0.038072807	0.038750561	0.039170517	0.040042039	0.04319127	0.04637865	0.050679574	0.06225291
20180529	0.02326159	0.02327126	0.023595638	0.024354379	0.02546244	0.02625263	0.027034637	0.029992435	0.031597003	0.034234693	0.035156997	0.035703846	0.036866666	0.037424207	0.037800916	0.038532008	0.041754219	0.04372642	0.04747371	0.056424218
20180528	0.02326159	0.02327126	0.023595638	0.024240839	0.025404307	0.026238605	0.026847521	0.029295077	0.031134055	0.033719071	0.034711169	0.03506342	0.036140042	0.037194745	0.038107755	0.038572632	0.042217706	0.043539436	0.045850428	0.058034671
20180525	0.02326159	0.02327126	0.023595638	0.023956988	0.025404307	0.026341029	0.027152347	0.029283926	0.031133934	0.034229204	0.035299695	0.035677251	0.036585235	0.03763329	0.038719125	0.039350283	0.043103648	0.043927032	0.047732958	0.058693671
20180524	0.02326159	0.02327126	0.023151485	0.023786678	0.024939239	0.025867582	0.026784594	0.029174819	0.031174568	0.033894113	0.035170919	0.035572195	0.036301529	0.037143099	0.038074626	0.03882922	0.042917578	0.04268072	0.048853261	0.057810754
20180523	0.02326159	0.02327126	0.023151485	0.023559598	0.024939239	0.025859914	0.026353711	0.02870407	0.030659922	0.032847716	0.033226452	0.033591725	0.034377002	0.035261703	0.036263072	0.037289099	0.040215428	0.039929354	0.044004553	0.05656137
20180522	0.02326159	0.02327126	0.023151485	0.023559598	0.024939239	0.025859914	0.026352669	0.028217982	0.030258177	0.032383881	0.032459609	0.03271974	0.033419888	0.03435994	0.03536437	0.036015615	0.039329563	0.0387388	0.041964131	0.050820841
20180521	0.02326159	0.02327126	0.023151485	0.024184069	0.025229906	0.026100471	0.026597895	0.029074941	0.031118731	0.033499376	0.033455647	0.033662702	0.034487639	0.035463019	0.036408432	0.036970607	0.040047922	0.038558674	0.042482585	0.051876407
20180518	0.02326159	0.02327126	0.023151485	0.024354379	0.025055506	0.025925309	0.02653661	0.028988833	0.031061129	0.033028715	0.032624553	0.032797345	0.033577029	0.034335451	0.03514515	0.035915238	0.038785181	0.037647423	0.0424378	0.049737917
20180517	0.022925277	0.022960967	0.022929409	0.02463823	0.024997372	0.02594269	0.026597889	0.029077193	0.031008241	0.03282873	0.032775266	0.032849515	0.033590839	0.034504563	0.035466122	0.036502318	0.039522716	0.03749846	0.043487433	0.05394451
20180516	0.022925277	0.022931702	0.02281837	0.02463823	0.024997372	0.025990855	0.026599102	0.029147269	0.030753368	0.032480316	0.032419192	0.03236091	0.03328777	0.034124354	0.03483333	0.035815757	0.038617274	0.039964696	0.040300891	0.048957494
20180515	0.022925277	0.022934808	0.02281837	0.02463823	0.024997372	0.025995997	0.026659162	0.029208944	0.030960905	0.032821634	0.032623736	0.032633796	0.033584968	0.034477849	0.035255727	0.036446899	0.039394791	0.04099095	0.042637067	0.051611643
20180514	0.022925277	0.022934808	0.02281837	0.02463823	0.024997372	0.026228274	0.026904314	0.029564974	0.031605788	0.033294496	0.03281974	0.033268501	0.034077839	0.034773422	0.0354875	0.036602417	0.039877724	0.042391705	0.045291357	0.056126326
20180511	0.022925277	0.022934808	0.02281837	0.024411149	0.024997372	0.026236338	0.026965556	0.029496101	0.031470703	0.033001389	0.032516173	0.033088394	0.033852887	0.034473587	0.035248733	0.036174849	0.039551144	0.042409271	0.046106709	0.062013656
20180510	0.022925277	0.022934808	0.023262524	0.024411149	0.025171773	0.026415631	0.027088053	0.029404833	0.031012602	0.032752331	0.032639293	0.033184837	0.033810756	0.034310067	0.034975522	0.035899796	0.039839368	0.041073302	0.043352276	0.058617859
20180509	0.022925277	0.022934808	0.023262524	0.024411149	0.024997372	0.026344998	0.027088549	0.028994733	0.030890979	0.032329893	0.032439383	0.032963222	0.033349989	0.03358843	0.034077045	0.035035352	0.038347655	0.039537971	0.0413153	0.054107655
20180508	0.022925277	0.022934808	0.023151485	0.02458146	0.02546244	0.026882283	0.027645238	0.030322479	0.032336308	0.034151905	0.034621526	0.034992355	0.035171276	0.035551075	0.036210145	0.036815825	0.040183767	0.041268465	0.041935857	0.060810979
20180507	0.022925277	0.022934808	0.023095966	0.024695	0.02563684	0.026880274	0.027700835	0.030079076	0.032082225	0.033804029	0.033732783	0.034490927	0.034830939	0.035170255	0.035759384	0.036459074	0.039991769	0.040567258	0.040935824	0.056148363
20180504	0.022925277	0.022934808	0.023040447	0.02463823	0.02563684	0.026879859	0.027700835	0.029877116	0.031487709	0.033009235	0.032786514	0.032758122	0.033031716	0.033312779	0.033646233	0.033692681	0.037782917	0.037416488	0.036810983	0.048713121
20180503	0.022925277	0.022934808	0.023373562	0.024695	0.025346173	0.026877267	0.02751698	0.029638155	0.031274856	0.032598788	0.032418252	0.032423139	0.032860482	0.033169835	0.033481789	0.034169126	0.036521498	0.036392731	0.036032063	0.047517163
20180502	0.022925277	0.022934808	0.023429081	0.024695	0.025520573	0.026875872	0.027529378	0.030069275	0.032011046	0.033328042	0.033507669	0.033324833	0.033297117	0.033441149	0.033815818	0.034230026	0.036017855	0.036034137	0.035970668	0.048662416
20180501	0.022925277	0.022934808	0.022707332	0.024411149	0.025520573	0.02687494	0.027521393	0.029923269	0.031940981	0.033461692	0.033676529	0.033410985	0.033162816	0.033165009	0.03342275	0.033871393	0.035859109	0.035837228	0.036402276	0.047836444
20180430	0.022925277	0.022934808	0.022707332	0.024184069	0.02563684	0.026938104	0.027521736	0.030107441	0.032371524	0.034398657	0.034726375	0.03465585	0.034129459	0.033945076	0.034210619	0.034776995	0.036915669	0.037416358	0.038746303	0.051117206
20180427	0.022925277	0.022934808	0.022707332	0.024013759	0.025520573	0.026818457	0.02746009	0.02992663	0.03231751	0.034547961	0.0347422	0.034947144	0.034477228	0.034429199	0.034947224	0.035494283	0.038315477	0.039658528	0.041935755	0.055334935
20180426	0.02298133	0.022520535	0.02215214	0.023729908	0.025404307	0.026827929	0.027398774	0.029933032	0.032406398	0.034659237	0.035021584	0.035432738	0.035082844	0.035100855	0.035621733	0.036163224	0.039483587	0.041883647	0.044672531	0.059072963
20180425	0.02298133	0.022656719	0.02215214	0.023389287	0.025404307	0.026829348	0.027407611	0.03001686	0.032486071	0.034624129	0.035186271	0.035585836	0.035235197	0.035325866	0.035966898	0.036408011	0.040366713	0.042474826	0.045206228	0.06168228
20180424	0.02298133	0.022710507	0.02215214	0.023389287	0.025811241	0.026870207	0.027520651	0.030026476	0.032576909	0.034772833	0.03531751	0.03546733	0.034934403	0.035118839	0.035884588	0.036331913	0.039993276	0.041776894	0.04417168	0.058622446
20180423	0.02298133	0.022750562	0.02215214	0.023389287	0.025694974	0.027002561	0.027581599	0.030111126	0.032767642	0.035208329	0.03560966	0.03563685	0.03494832	0.035142754	0.036029913	0.036259877	0.03926216	0.040837988	0.043042904	0.058761901
20180420	0.02326159	0.022757919	0.02215214	0.023616368	0.025927508	0.027060127	0.027644882	0.03123998	0.034335461	0.037016418	0.037454116	0.037291107	0.036618854	0.036881518	0.037690207	0.03806353	0.041419158	0.042318288	0.04430994	0.063165652
20180419	0.02326159	0.022806143	0.021930064	0.023559598	0.025753107	0.026955683	0.027647848	0.031550315	0.034255079	0.037589003	0.037373749	0.036983488	0.036155205	0.036419509	0.037434284	0.037591672	0.040596622	0.040810359	0.041993932	0.056655935
20180418	0.023149486	0.022946904	0.021985583	0.023559598	0.025753107	0.027056061	0.027726906	0.031684892	0.034392773	0.037223555	0.037173034	0.036495472	0.035742659	0.035812572	0.036379645	0.036588199	0.0390357	0.03880672	0.03877801	0.05803968
20180417	0.02326159	0.022990884	0.021985583	0.023559598	0.025753107	0.027055556	0.027709985	0.031672265	0.034321486	0.037130408	0.037241534	0.036498559	0.035634196	0.035551781	0.035985836	0.035907137	0.038543673	0.037858178	0.038405971	0.052954573
20180416	0.02326159	0.023030938	0.021985583	0.023559598	0.025753107	0.027135824	0.027833193	0.031957481	0.034753485	0.037538148	0.037785452	0.037341434	0.036507888	0.036416508	0.03697927	0.037092786	0.039479263	0.039077496	0.039652085	0.053622402
20180413	0.02354185	0.023038295	0.021985583	0.023559598	0.025694974	0.027123472	0.027956394	0.03213343	0.034893121	0.038143472	0.03833931	0.037835046	0.037123895	0.037128888	0.037844207	0.038054857	0.040308686	0.040455893	0.041439393	0.056224332
20180412	0.02354185	0.02308652	0.022041102	0.023900218	0.025753107	0.027174686	0.028078645	0.032146031	0.035355608	0.038574643	0.038823366	0.038539343	0.037747552	0.03763377	0.038169137	0.03850614	0.04081554	0.040730883	0.041258909	0.05778028
20180411	0.023424623	0.02322728	0.02220766	0.023956988	0.025869374	0.02737513	0.028282112	0.032444765	0.035887951	0.039322713	0.039476183	0.039485681	0.038829377	0.038909259	0.039649936	0.039995387	0.042442078	0.041759306	0.041550531	0.062012452
20180410	0.02354185	0.02327126	0.02220766	0.023956988	0.025869374	0.027374679	0.028264229	0.03333166	0.036749664	0.040030936	0.04027028	0.04037152	0.039912676	0.039955503	0.04070416	0.041298939	0.04393584	0.043885354	0.044612306	0.060322721
20180409	0.02354185	0.023311315	0.02220766	0.023956988	0.025869374	0.02731608	0.028263579	0.033366498	0.036866046	0.040185504	0.040341904	0.04039961	0.040054963	0.04016579	0.040767681	0.041466009	0.044495561	0.044837022	0.046122612	0.060658899
20180406	0.02354185	0.023441286	0.022651813	0.023956988	0.025869374	0.027356373	0.028436489	0.033508278	0.036939858	0.040415121	0.04040797	0.040456106	0.040073226	0.040213739	0.040838074	0.041539745	0.045032643	0.046627705	0.048660455	0.065609965
20180405	0.023878162	0.023414964	0.023040447	0.024127299	0.025927508	0.027657701	0.028508425	0.033662876	0.037386699	0.040554485	0.040538217	0.040682995	0.040344692	0.040438464	0.04107708	0.041892535	0.045579228	0.047380274	0.050255446	0.065876387
20180404	0.023766058	0.023514526	0.023040447	0.024127299	0.025927508	0.027517222	0.028349207	0.033664187	0.037674106	0.040841434	0.040859845	0.041046985	0.040750044	0.040764928	0.041266494	0.041891341	0.045964559	0.046776344	0.048922339	0.070094839
20180403	0.023878162	0.023551637	0.023040447	0.024127299	0.025927508	0.027518106	0.028264609	0.033879327	0.037944473	0.041073513	0.040898605	0.041083016	0.040712639	0.040798878	0.041227377	0.04175261	0.045740556	0.046144148	0.047308336	0.066065698
20180402	0.023878162	0.023587929	0.023040447	0.024240839	0.026101908	0.027540538	0.028264302	0.033789974	0.037663485	0.040912	0.040739877	0.04090587	0.040662762	0.040716255	0.041062527	0.041571238	0.045129092	0.045591252	0.046644516	0.065019555
20180330	0.024214474	0.023592179	0.023040447	0.024240839	0.026101908	0.027522376	0.028385444	0.033580696	0.037572482	0.040597132	0.040674494	0.040747095	0.040510263	0.040532358	0.040681665	0.041196948	0.04472403	0.045093272	0.046051989	0.062335068
20180329	0.024214474	0.023650711	0.023040447	0.024411149	0.026043774	0.027630885	0.028385726	0.033802295	0.037609667	0.040754688	0.040910839	0.040934075	0.04059684	0.040548662	0.040854157	0.041367752	0.044416492	0.044769855	0.04572511	0.061939306
20180328	0.0240738	0.023833354	0.023040447	0.024411149	0.026043774	0.027728239	0.028467383	0.033766134	0.037439713	0.040645644	0.041042552	0.040744962	0.040363376	0.040440096	0.040882415	0.041403936	0.044612744	0.044482735	0.045401338	0.061551863
20180327	0.024214474	0.023888089	0.023040447	0.024411149	0.026160041	0.027682202	0.028569177	0.033830807	0.037714372	0.041043581	0.041348005	0.04115443	0.040819963	0.040883726	0.041179515	0.041722656	0.044855371	0.044637416	0.045395338	0.060091634
20180326	0.024214474	0.023936151	0.023040447	0.024411149	0.026218175	0.027849492	0.028620325	0.034173803	0.03834611	0.041837125	0.042219089	0.041900337	0.041503215	0.041480752	0.041784611	0.042345399	0.045231249	0.045044789	0.045891171	0.062645504
20180323	0.024550786	0.023944983	0.023040447	0.024411149	0.026276308	0.027918784	0.028681592	0.03453101	0.038653302	0.042244133	0.042613759	0.042260247	0.041800807	0.041661164	0.041998373	0.042343633	0.045174951	0.045155714	0.045819294	0.06264354
20180322	0.024550786	0.024002853	0.023318043	0.02486531	0.026218175	0.027927805	0.028742871	0.034305897	0.038166916	0.041851847	0.042388797	0.041970862	0.041475903	0.041298661	0.041562156	0.042124537	0.044650792	0.04441864	0.044999342	0.066499105
20180321	0.024410112	0.024171768	0.023318043	0.02486531	0.026218175	0.0279007	0.028744317	0.034358853	0.038131934	0.041793402	0.042476916	0.042137726	0.041588663	0.041428522	0.041842105	0.042195565	0.044738228	0.044139677	0.044487253	0.064096127
20180320	0.024550786	0.024224541	0.023318043	0.024411149	0.026218175	0.027899955	0.028804156	0.03478865	0.038738044	0.042497468	0.04303681	0.042671144	0.042172372	0.041970962	0.042382086	0.042985668	0.045362141	0.044928991	0.045221764	0.060526175
20180319	0.024550786	0.024272603	0.023318043	0.02452469	0.026218175	0.027948733	0.028804156	0.034627758	0.038500792	0.042178906	0.042588712	0.042372798	0.041964199	0.041909013	0.042371104	0.04305649	0.045921055	0.045233205	0.04534912	0.062327927
20180316	0.024606838	0.024319577	0.023318043	0.024354379	0.026218175	0.027883765	0.028865453	0.034685544	0.038495766	0.042258237	0.042706233	0.042545705	0.042277421	0.042220745	0.042628615	0.043317072	0.046616301	0.045853122	0.045854948	0.061521837
20180315	0.024606838	0.024400943	0.023762196	0.024127299	0.026276308	0.027937103	0.028988017	0.034468355	0.038211436	0.042105876	0.042546969	0.0425128	0.042158328	0.042045663	0.042469612	0.04291723	0.046624972	0.046079727	0.046134159	0.06178817
20180314	0.024562507	0.024481276	0.023762196	0.024127299	0.026276308	0.027972597	0.02898947	0.034579103	0.038262437	0.042400571	0.042800721	0.042659472	0.042297828	0.042262315	0.042605203	0.043201956	0.046886724	0.046539686	0.046880034	0.064473595
20180313	0.024606838	0.024560993	0.024039792	0.02463823	0.026334441	0.02802493	0.029121037	0.034715086	0.038324306	0.042135895	0.04260313	0.042580199	0.042359976	0.042464991	0.042723938	0.043198656	0.046822125	0.04662821	0.047196831	0.061537836
20180312	0.024606838	0.024569006	0.024039792	0.024695	0.026334441	0.028017659	0.029110391	0.034566452	0.038335142	0.041972301	0.042301804	0.042288735	0.042111769	0.042122819	0.042145763	0.042700989	0.046932215	0.04668039	0.047019137	0.059677274
20180309	0.024606838	0.024580282	0.024039792	0.02475177	0.026334441	0.027950862	0.029110391	0.034701957	0.038400207	0.04180186	0.04202559	0.042118914	0.041989814	0.042029443	0.042290421	0.042848119	0.046326104	0.045645287	0.045415118	0.06244694
20180308	0.024606838	0.024590909	0.02415083	0.02497885	0.026508842	0.027943946	0.028803966	0.034566808	0.0382076	0.041480741	0.04174658	0.041865413	0.041807976	0.041755514	0.041947263	0.042491684	0.045669019	0.045037859	0.044551812	0.062755866
20180307	0.024606838	0.024617068	0.024372907	0.02497885	0.026508842	0.027861868	0.028832482	0.034389025	0.038035203	0.041213009	0.041384721	0.041572363	0.041536591	0.041311145	0.041507772	0.041838252	0.045179032	0.04407038	0.043253395	0.059267374
20180306	0.024606838	0.024617068	0.024372907	0.02475177	0.026508842	0.027908921	0.028874671	0.034229368	0.038026678	0.041278743	0.041551679	0.041649122	0.041615417	0.041366113	0.041477675	0.041932591	0.045320549	0.044861224	0.044332973	0.05913362
20180305	0.024606838	0.024572925	0.02415083	0.024695	0.026450708	0.027897874	0.029421707	0.034492449	0.038318844	0.041494838	0.041730504	0.041745244	0.041698129	0.041518629	0.041631679	0.041963243	0.045861399	0.04522694	0.044749342	0.062965797
20180302	0.02466289	0.024575926	0.02415083	0.024695	0.026392575	0.027953461	0.029166682	0.034625619	0.038473968	0.041819008	0.042138722	0.042245226	0.04229757	0.042101082	0.042233778	0.042571709	0.046446254	0.045800663	0.04521008	0.062212891
20180301	0.02466289	0.024585352	0.024206349	0.02480854	0.026450708	0.027996382	0.029112953	0.03462896	0.038448322	0.041995675	0.04238331	0.042568565	0.042595831	0.042435431	0.042801337	0.043249008	0.047407901	0.046848676	0.046224082	0.065514369
20180228	0.024639444	0.024608926	0.02415083	0.024810232	0.026450708	0.027901211	0.029258137	0.034809575	0.038571167	0.042354885	0.042730155	0.042602038	0.04265962	0.042683708	0.043045991	0.043512545	0.048136358	0.04773049	0.047454078	0.067381977
20180227	0.02466289	0.024617068	0.02415083	0.02480854	0.026392575	0.027946508	0.029040679	0.034952565	0.038555065	0.0426836	0.042888748	0.042728715	0.042927651	0.042837758	0.043197714	0.043688818	0.04812131	0.047761319	0.047727951	0.066013714
20180226	0.02466289	0.024625081	0.02415083	0.02475177	0.026334441	0.028165169	0.029476441	0.034668151	0.038186562	0.042355253	0.042634604	0.042214071	0.04221002	0.04225318	0.042603319	0.04297174	0.04696344	0.04597933	0.045458434	0.062648455
20180223	0.02466289	0.024636358	0.02415083	0.02492208	0.026450708	0.028308776	0.029418422	0.034858515	0.038562255	0.042608976	0.042701184	0.042496066	0.042453611	0.042388648	0.042836046	0.043332371	0.04717148	0.046256315	0.046003073	0.063469802
20180222	0.02466289	0.024835846	0.024539464	0.024695	0.026450708	0.028416575	0.029192636	0.034858547	0.038206493	0.042365099	0.04254014	0.042231972	0.042137592	0.042104991	0.042481923	0.042965792	0.046084975	0.045050087	0.044882268	0.061770798
20180221	0.02466289	0.024688676	0.024539464	0.024695	0.025985641	0.028233048	0.029212547	0.034976386	0.038418327	0.042411867	0.042536252	0.042211856	0.042160421	0.042220763	0.042667776	0.043177253	0.046515258	0.044926632	0.044546778	0.059871062
20180220	0.02466289	0.024673143	0.024539464	0.024695	0.025985641	0.027957977	0.028831747	0.035108951	0.038645973	0.042478026	0.042557541	0.042190492	0.042017258	0.041958585	0.042563192	0.042977517	0.04605288	0.04491935	0.044531311	0.056801614
20180219	0.02466289	0.024673143	0.024261868	0.024695	0.025985641	0.027858994	0.02871023	0.034740142	0.038512292	0.042065498	0.042200737	0.041785944	0.041605893	0.041495231	0.041928528	0.042428951	0.045425371	0.044569484	0.044311097	0.054881198
20180216	0.023990266	0.024449879	0.024261868	0.02480854	0.025927508	0.027769614	0.028714355	0.034867298	0.038572901	0.042392012	0.042483232	0.041939325	0.041686214	0.041588325	0.041969246	0.042474027	0.045681959	0.044661288	0.043796052	0.057231745
20180215	0.023990266	0.024327865	0.024095311	0.02503562	0.026160041	0.027715291	0.028539405	0.034941211	0.038539862	0.042477407	0.042587743	0.042152137	0.041724048	0.041472806	0.04194714	0.042450341	0.04579167	0.044139696	0.043064484	0.056399792
20180214	0.024089175	0.024249584	0.024095311	0.02503562	0.025869374	0.027676976	0.028617733	0.034853125	0.038203594	0.042140678	0.042271187	0.041859092	0.041531657	0.041255392	0.041489836	0.041993239	0.045064849	0.043080328	0.041891105	0.056167881
20180213	0.023990266	0.024224541	0.024095311	0.02503562	0.025869374	0.027611472	0.028526823	0.035055747	0.038500292	0.042453602	0.042539632	0.042051335	0.041658369	0.041366513	0.041517881	0.042152789	0.044882426	0.042921956	0.041927845	0.056223224
20180212	0.023990266	0.024200344	0.024594983	0.025205931	0.025985641	0.027570162	0.028531909	0.034897356	0.038276191	0.042283155	0.042348438	0.04184725	0.04143136	0.041042659	0.041269741	0.041785898	0.044349586	0.042480527	0.041815499	0.054546302
20180209	0.02382211	0.024189881	0.024594983	0.025319471	0.026334441	0.027605957	0.028714588	0.03496654	0.038492468	0.042642046	0.042525745	0.042166875	0.041824715	0.041429416	0.041803871	0.042334489	0.044972508	0.043111305	0.042338196	0.054032729
20180208	0.02382211	0.024151626	0.024372907	0.025149161	0.026334441	0.027919566	0.028774488	0.0351263	0.038452031	0.042711663	0.042602149	0.042178318	0.041878858	0.041597235	0.04189986	0.042303257	0.044868694	0.042759291	0.041994856	0.053666499
20180207	0.02382211	0.024039475	0.024372907	0.025149161	0.026334441	0.027926476	0.028897493	0.035240396	0.038578167	0.042835967	0.042767776	0.042289232	0.041931562	0.041614706	0.041976862	0.042475662	0.045233825	0.042805199	0.041464783	0.054483006
20180206	0.02382211	0.024000239	0.024372907	0.025262701	0.026334441	0.027948721	0.02895417	0.035508842	0.038790698	0.043064334	0.043023028	0.042541926	0.042095203	0.041832661	0.042081791	0.042630142	0.045702871	0.043448582	0.042172368	0.054093357
20180205	0.02382211	0.023972286	0.024317387	0.025319471	0.026334441	0.027940097	0.028953287	0.035710955	0.039177898	0.043364742	0.043310899	0.042811326	0.042494207	0.042402619	0.042725606	0.043182575	0.046286558	0.04409335	0.042690618	0.054921438
20180202	0.023597902	0.023973974	0.024317387	0.025319471	0.026566975	0.027953911	0.029006176	0.035852366	0.039419018	0.04338002	0.043325498	0.042966066	0.042693625	0.042418369	0.04268235	0.043255457	0.04646918	0.044555869	0.042986155	0.055314071
20180201	0.023597902	0.023944489	0.024095311	0.025319471	0.026626288	0.027945474	0.029067044	0.036038282	0.039623998	0.043610043	0.043566788	0.043152451	0.042906155	0.042772465	0.043050593	0.043485639	0.046729932	0.044647371	0.043136828	0.056995498
20180131	0.02369425	0.023860494	0.024095311	0.025319471	0.026683242	0.027890705	0.028987674	0.036014423	0.039141948	0.043167495	0.043348124	0.042877204	0.042564511	0.042455823	0.042801637	0.043263592	0.04607462	0.044273786	0.042703345	0.056284173
20180130	0.023597902	0.023832013	0.024095311	0.025319471	0.026683242	0.027940946	0.028945424	0.035878408	0.039354839	0.043257842	0.043461489	0.043179238	0.042762607	0.042761316	0.043170048	0.043752283	0.046577371	0.044871805	0.043574018	0.057504735
20180129	0.023597902	0.023803891	0.024095311	0.025376241	0.026741375	0.027914009	0.028805713	0.035870364	0.039589769	0.043329015	0.043570757	0.04339085	0.043029285	0.043036422	0.043444385	0.043907982	0.047182724	0.045969744	0.04564994	0.058654181
20180126	0.02354185	0.023776645	0.024095311	0.025376241	0.026799509	0.027858308	0.028805737	0.035994376	0.039902752	0.04355298	0.043810523	0.043671791	0.043367595	0.043332992	0.043685747	0.044147568	0.047724296	0.046614195	0.046617456	0.058436417
20180125	0.02354185	0.02363534	0.023706677	0.025433011	0.026741375	0.02799136	0.029050932	0.03606918	0.040084909	0.043804095	0.044017128	0.043981489	0.043565965	0.04346284	0.043826937	0.044393755	0.048396577	0.04680383	0.046455359	0.063071227
20180124	0.02354185	0.023558669	0.023706677	0.025433011	0.026857642	0.027964791	0.029123188	0.035911076	0.039968571	0.043884639	0.044111733	0.04403793	0.043609069	0.043432794	0.043800899	0.044274994	0.048766915	0.04697013	0.04597332	0.06253447
20180123	0.02354185	0.023551637	0.023706677	0.025433011	0.026741375	0.027962181	0.029234573	0.035983131	0.039951602	0.043931507	0.044299208	0.044302089	0.043772086	0.043405431	0.043849083	0.044459596	0.048877512	0.046560317	0.045540724	0.060491476
20180122	0.02354185	0.023551637	0.023706677	0.025489781	0.026741375	0.028022879	0.029234304	0.035956777	0.039968165	0.044087444	0.04434356	0.044230397	0.043687545	0.0435858	0.043860361	0.044331413	0.048519553	0.046190097	0.044253011	0.060332473
20180119	0.02354185	0.023551637	0.023706677	0.025205931	0.026857642	0.02800414	0.029356359	0.036047122	0.040116713	0.044282315	0.044511545	0.044368976	0.044101732	0.043823573	0.044122533	0.044607995	0.048745262	0.046434303	0.045405921	0.057434813
20180118	0.023766058	0.023775938	0.023540119	0.025319471	0.026625108	0.028061808	0.029356242	0.035936806	0.040046629	0.043815273	0.044149196	0.043952504	0.043711159	0.043322492	0.043783615	0.044379033	0.048026409	0.04564002	0.044329206	0.05601708
20180117	0.023766058	0.023775938	0.023540119	0.025319471	0.026625108	0.02803528	0.029482257	0.035827718	0.040049098	0.044092738	0.044387462	0.044104402	0.043956316	0.043691995	0.044150239	0.044677834	0.047810269	0.045112199	0.043558831	0.056552445
20180116	0.023766058	0.023775938	0.023540119	0.025205931	0.026625108	0.02802493	0.029551227	0.036146619	0.040489844	0.044549778	0.044761935	0.044465976	0.044226935	0.043870939	0.044248116	0.044897337	0.048315352	0.045785105	0.044958572	0.056930033
20180115	0.023766058	0.023775938	0.023540119	0.02503562	0.026741375	0.028015278	0.029661957	0.03634639	0.040733616	0.044824224	0.04522029	0.044847125	0.044715997	0.044398523	0.044768003	0.04551081	0.048680088	0.046125602	0.045359479	0.057604486
20180112	0.023766058	0.023775938	0.023540119	0.02503562	0.026741375	0.028064694	0.029661957	0.036306188	0.04043695	0.04458613	0.044916261	0.044476601	0.044543323	0.044315011	0.044545442	0.045151399	0.048518459	0.045797687	0.044980256	0.05845089
20180111	0.023766058	0.023775938	0.023873234	0.025262701	0.026799509	0.028053791	0.029539386	0.036068849	0.040284655	0.044379669	0.044601083	0.044210505	0.044266913	0.043978743	0.044291566	0.044994767	0.048245799	0.045487761	0.044442337	0.057707993
20180110	0.023766058	0.023775938	0.023540119	0.025205931	0.026799509	0.028031004	0.029539386	0.036324733	0.040577352	0.044642449	0.045108675	0.044780129	0.04457405	0.044364597	0.044581134	0.045303532	0.048541664	0.045996628	0.044808026	0.058347745
20180109	0.023766058	0.023775938	0.023540119	0.025149161	0.026799509	0.028021243	0.029551901	0.036702324	0.040956261	0.045138373	0.045613021	0.045155867	0.044957151	0.044741584	0.044885644	0.045513963	0.048880527	0.046302718	0.045395924	0.05779423
20180108	0.023766058	0.023775938	0.023540119	0.025205931	0.026799509	0.028110875	0.029609883	0.037096921	0.04136117	0.045617911	0.046097883	0.045675518	0.045489083	0.045122823	0.045279788	0.045827374	0.04958335	0.047052047	0.045337415	0.057904612
20180105	0.023766058	0.023775938	0.023540119	0.025205931	0.026799509	0.028146694	0.029610544	0.037235844	0.041443622	0.045337464	0.046110982	0.045655037	0.045358247	0.044905051	0.045168788	0.045832965	0.048689481	0.046136758	0.044780892	0.058543184
20180104	0.023766058	0.023663787	0.023928753	0.025092391	0.026741375	0.028174996	0.029670996	0.037247229	0.041409089	0.04545883	0.046033457	0.04561149	0.045237371	0.04477256	0.045378795	0.045994233	0.048812989	0.04611396	0.045229351	0.059081723
20180103	0.023686313	0.023668038	0.023928753	0.02503562	0.026741375	0.028094619	0.029548837	0.037119851	0.041363075	0.045279306	0.045788642	0.045432544	0.045218347	0.044594341	0.045177194	0.045797894	0.048673147	0.046349507	0.045701846	0.062646268
20180102	0.023766058	0.023693328	0.024039792	0.02503562	0.026741375	0.028076674	0.029609405	0.036594707	0.040826587	0.04461765	0.044992828	0.044602672	0.044432251	0.043931476	0.044431799	0.045028993	0.047821528	0.046155634	0.045869727	0.060899397
20180101	0.02382211	0.02369755	0.024039792	0.02480854	0.026683242	0.027933602	0.029607989	0.036707441	0.040921678	0.044821842	0.045280291	0.044898035	0.044679312	0.044196835	0.044788106	0.045481873	0.048670917	0.047378707	0.04778259	0.06352762
20171229	0.023794084	0.023707408	0.023762196	0.02486531	0.026683242	0.027870095	0.029573204	0.036673367	0.040927805	0.044904055	0.045301416	0.044925771	0.044554986	0.04405486	0.044556328	0.045346119	0.048553761	0.047790842	0.048491754	0.062782952
20171228	0.02382211	0.023708065	0.023762196	0.02486531	0.026683242	0.027848271	0.029732324	0.036811762	0.041579341	0.045385137	0.045856681	0.045522284	0.045233602	0.044741739	0.045250921	0.045975874	0.04989969	0.049167799	0.049886057	0.063182415
20171227	0.02382211	0.023775938	0.023762196	0.02486531	0.026683242	0.027837849	0.029794179	0.036943411	0.041768333	0.045472214	0.045899059	0.045728562	0.045259334	0.04504275	0.045537203	0.046252108	0.050292367	0.049485864	0.050010508	0.065102562
20171226	0.02382211	0.023788746	0.023762196	0.02475177	0.026683242	0.028071285	0.029852865	0.036943124	0.041741022	0.045529665	0.045867538	0.045910578	0.045346144	0.045127551	0.045720753	0.04655439	0.050659754	0.049927637	0.050276356	0.067207578
20171225	0.02382211	0.023832013	0.023651158	0.024695	0.026741375	0.028331124	0.029852761	0.037067531	0.041811315	0.045760539	0.046395257	0.046368208	0.045611317	0.045256547	0.046049041	0.046729578	0.051227303	0.0508542	0.051146686	0.066731977
20171222	0.02382211	0.023832013	0.023651158	0.024695	0.026683242	0.028400873	0.029921854	0.037577497	0.042131716	0.04611771	0.046718309	0.046380093	0.045633852	0.04526079	0.045967242	0.0467657	0.051547701	0.051232689	0.051588712	0.065616386
20171221	0.02382211	0.023832013	0.023651158	0.024695	0.026625108	0.028385766	0.029874861	0.037845637	0.042343759	0.046344851	0.046985242	0.046576067	0.046038109	0.045521016	0.046391744	0.047332516	0.051713043	0.051198362	0.051329396	0.067262273
20171220	0.02382211	0.023832013	0.023651158	0.02480854	0.026741375	0.028490817	0.030007451	0.038073003	0.042779321	0.046608213	0.047187842	0.046693134	0.046070574	0.045551409	0.046337241	0.047243503	0.05157142	0.051094824	0.051995873	0.066407167
20171219	0.02382211	0.023832013	0.023651158	0.02497885	0.026915775	0.028475295	0.030213583	0.038344714	0.043488853	0.047159688	0.047740375	0.047130381	0.046382945	0.0460001	0.046651961	0.04754087	0.052498932	0.052084779	0.052915009	0.06601932
20171218	0.02382211	0.023832013	0.023873234	0.025092391	0.026741375	0.02859715	0.029915928	0.038547031	0.043751308	0.047498211	0.0479474	0.047292614	0.046751966	0.046441595	0.047029038	0.047812668	0.052341518	0.052084569	0.052972782	0.06969524
20171215	0.02382211	0.023832013	0.023873234	0.025092391	0.026683242	0.028524092	0.029875087	0.038563202	0.044135337	0.047725052	0.04815052	0.047387476	0.047127417	0.046887478	0.047390926	0.048097281	0.052466928	0.051967089	0.052856066	0.069696828
20171214	0.02382211	0.023832013	0.023873234	0.025092391	0.026683242	0.028502406	0.029796318	0.038670871	0.04408776	0.047939028	0.048437124	0.047819531	0.047470844	0.047245846	0.047746872	0.048475947	0.052700432	0.052239182	0.052928674	0.071766228
20171213	0.02410237	0.02411239	0.023873234	0.02503562	0.026683242	0.028469305	0.029855476	0.038556927	0.044012594	0.047855433	0.048384589	0.047828017	0.047381587	0.047153622	0.0475568	0.048362084	0.052476898	0.051551184	0.051599163	0.073701292
20171212	0.02382211	0.02411239	0.023873234	0.02486531	0.026741375	0.028445845	0.029855452	0.038631699	0.044058659	0.047826313	0.0487251	0.047921669	0.047540353	0.047184354	0.04752436	0.048474417	0.052558021	0.051425887	0.05146429	0.07354274
20171211	0.02382211	0.024336366	0.02415083	0.02486531	0.026741375	0.028422974	0.02991727	0.038341761	0.043561082	0.047771826	0.048348614	0.047485474	0.047247011	0.047059751	0.047320781	0.04796098	0.051978449	0.05068668	0.05064038	0.070369695
20171208	0.02382211	0.024170428	0.024206349	0.02492208	0.026799509	0.028377623	0.029994201	0.03845883	0.043728226	0.048056255	0.048672781	0.047713526	0.04749804	0.047410866	0.047665298	0.048430522	0.052392278	0.051198725	0.051247637	0.071374019
20171207	0.02382211	0.02411239	0.024218164	0.02480854	0.026857642	0.028455931	0.030037425	0.038183332	0.043439959	0.047857408	0.048537117	0.047641572	0.047333513	0.04725635	0.047506295	0.048267361	0.052234597	0.051272178	0.05184377	0.068459106
20171206	0.02382211	0.024072335	0.02415083	0.02492208	0.027148309	0.028479625	0.030401459	0.038139916	0.043389881	0.047718263	0.048513563	0.04788129	0.047625816	0.047461138	0.047696296	0.048439729	0.052617131	0.051429929	0.052034815	0.068827208
20171205	0.02354185	0.023992501	0.023873234	0.02492208	0.02749711	0.028904312	0.029845922	0.038125838	0.043339912	0.047854114	0.048863134	0.048034344	0.047721315	0.047747341	0.048089099	0.048932464	0.053183958	0.052157884	0.052369628	0.071247666
20171204	0.023710006	0.023888745	0.024317387	0.02497885	0.027264576	0.028815768	0.029846896	0.037730135	0.042794315	0.04741968	0.048300894	0.047643928	0.047484477	0.04733806	0.047735421	0.048522221	0.052971715	0.052155962	0.052386556	0.069298695
20171201	0.02354185	0.023719863	0.023762196	0.02497885	0.026973909	0.028790648	0.02972326	0.037223796	0.042495459	0.047167921	0.047985144	0.047404559	0.04714983	0.047011073	0.047390763	0.048171937	0.052881502	0.052150738	0.052637366	0.073156266
20171130	0.02354185	0.023551637	0.023540119	0.02452469	0.026276308	0.028414639	0.029294308	0.036946752	0.0423041	0.04703117	0.047941954	0.047337264	0.046936986	0.046525177	0.046984163	0.04776972	0.052835944	0.051906345	0.05233481	0.07080315
20171129	0.02354185	0.023551637	0.023540119	0.02452469	0.026276308	0.028117286	0.028987938	0.037043125	0.042144906	0.046925914	0.047770899	0.047159409	0.046719264	0.04663022	0.04686774	0.047406928	0.052566483	0.051498038	0.051063077	0.069068194
20171128	0.02354185	0.023650492	0.0234846	0.024127299	0.026101908	0.02783409	0.028987919	0.037540629	0.04268854	0.047469511	0.048234717	0.047553321	0.047282724	0.046891227	0.047156659	0.047878912	0.052416642	0.051209929	0.050541475	0.068521846
20171127	0.023597902	0.023609837	0.0234846	0.024127299	0.026101908	0.027794759	0.028988741	0.03770086	0.042919141	0.04762983	0.048538459	0.048073375	0.047698395	0.047312202	0.047495758	0.048227372	0.052481777	0.051506914	0.05063061	0.068762555
20171124	0.02354185	0.023607712	0.0234846	0.024297609	0.026101908	0.027784373	0.028996983	0.037950939	0.043200896	0.047788073	0.048772616	0.048297532	0.047705701	0.047162258	0.047604234	0.04827017	0.05259715	0.051478038	0.050873756	0.06414536
20171123	0.02354185	0.023695829	0.023762196	0.024127299	0.026101908	0.02777362	0.029110391	0.038110685	0.043435902	0.048070171	0.048909984	0.048483661	0.048095479	0.047742161	0.048005332	0.048694379	0.052940291	0.051332697	0.050473359	0.068782306
20171122	0.02354185	0.023661987	0.023762196	0.024240839	0.026160041	0.027820504	0.029049106	0.038133303	0.043547873	0.048362259	0.049398331	0.049133878	0.048707854	0.048153088	0.048618441	0.049461107	0.05352558	0.051937251	0.051183637	0.069935423
20171121	0.02354185	0.023551637	0.023318043	0.024297609	0.025985641	0.027993321	0.028865251	0.038098352	0.043604121	0.048708678	0.04946818	0.04927556	0.048901821	0.048552485	0.049028126	0.049786436	0.053562473	0.051715884	0.050734097	0.071194898
20171120	0.02354185	0.023551637	0.023318043	0.024297609	0.026101908	0.028102618	0.028865251	0.03791649	0.043348393	0.048623927	0.04950419	0.049295899	0.049005669	0.048556098	0.049110339	0.049919975	0.053532124	0.051696113	0.050712568	0.071174662
20171117	0.02354185	0.023551637	0.023207004	0.024354379	0.026101908	0.027962794	0.028876662	0.037433368	0.043058063	0.048436958	0.049379015	0.049336785	0.049063024	0.048821922	0.049269069	0.050213113	0.054222799	0.052599186	0.051989074	0.06945805
20171116	0.02354185	0.023551637	0.023207004	0.024240839	0.026160041	0.02795491	0.029058158	0.036604342	0.04229091	0.047430714	0.048432262	0.048348814	0.048164836	0.04802191	0.048433726	0.049089504	0.053080573	0.051097894	0.049459548	0.067399977
20171115	0.023597902	0.023570927	0.023207004	0.024240839	0.026160041	0.027945979	0.028996383	0.036331638	0.041930147	0.047083626	0.048004839	0.048012614	0.047635579	0.04756811	0.04790235	0.048594632	0.052035292	0.050334063	0.04909007	0.065051592
20171114	0.023597902	0.023760899	0.023762196	0.024240839	0.026392575	0.027974359	0.028874499	0.036166482	0.041497579	0.046847026	0.047540951	0.047218021	0.047254271	0.047276004	0.047604159	0.048270014	0.051685481	0.050210085	0.0487195	0.066009846
20171113	0.023597902	0.023609181	0.023595638	0.024184069	0.026392575	0.027935533	0.02889267	0.036011693	0.04114093	0.046409029	0.047165153	0.047063058	0.046917876	0.047150244	0.047458711	0.04805836	0.051117383	0.049299266	0.04770866	0.064587423
20171110	0.02354185	0.023607712	0.023595638	0.024184069	0.026392575	0.027929086	0.028874278	0.036039727	0.041338765	0.046288907	0.047244452	0.047238747	0.046977061	0.047026583	0.047498728	0.048321506	0.05120062	0.048815881	0.047691247	0.066225525
20171109	0.02354185	0.023451581	0.022984928	0.024184069	0.026450708	0.02793848	0.028875357	0.035964172	0.041242154	0.046050976	0.047074763	0.047106638	0.04713833	0.047396015	0.047765634	0.048560626	0.051660745	0.049320052	0.048251404	0.063877628
20171108	0.02354185	0.023472621	0.022984928	0.024184069	0.026450708	0.027878876	0.028811786	0.035294886	0.040693064	0.045541837	0.046421046	0.046537647	0.046360643	0.046597639	0.047054149	0.047832449	0.051009693	0.048755424	0.04709275	0.06519423
20171107	0.02354185	0.022512034	0.022100735	0.024240839	0.026334441	0.02791161	0.028811014	0.035101511	0.040423139	0.045502478	0.046253697	0.04637189	0.046394582	0.046522722	0.046988337	0.047682123	0.050611248	0.048536155	0.04735879	0.063893831
20171106	0.022858974	0.022677972	0.021874545	0.024240839	0.026334441	0.027907262	0.028885108	0.035255161	0.040556181	0.04567233	0.046715257	0.046788361	0.04672355	0.046962085	0.047342398	0.048111272	0.051116822	0.049268282	0.048190417	0.065140895
20171103	0.02354185	0.022710507	0.021874545	0.024354379	0.026334441	0.028005078	0.028933155	0.035289425	0.040665582	0.045585797	0.046776717	0.046869014	0.046790247	0.046828422	0.047215954	0.048061504	0.051205419	0.048937071	0.047836454	0.064705732
20171102	0.02354185	0.022783584	0.021874545	0.024240839	0.026508842	0.028111807	0.029057153	0.035797864	0.041033833	0.045798429	0.046891805	0.0470958	0.046905084	0.046861478	0.04740806	0.048276846	0.051576601	0.049237667	0.047675222	0.066138236
20171101	0.02354185	0.022670289	0.021874545	0.024240839	0.026566975	0.028147813	0.029119106	0.036190901	0.041151507	0.045830111	0.047419512	0.047238235	0.047054797	0.04709277	0.047497647	0.048359725	0.051426099	0.049299327	0.047500127	0.065909667
20171031	0.02354185	0.022706094	0.023040447	0.024184069	0.026741375	0.028137631	0.02912046	0.036442514	0.041771301	0.046130626	0.047625936	0.047438338	0.047264455	0.047093014	0.047522246	0.048390667	0.050805306	0.048392165	0.046321267	0.065868
20171030	0.023237437	0.022827626	0.02220766	0.024297609	0.026799509	0.028154747	0.029203777	0.036746281	0.042085341	0.046379947	0.047869268	0.047943884	0.047669482	0.047505361	0.047939851	0.048567167	0.051317097	0.049404971	0.04743023	0.065966959
20171027	0.02354185	0.022878733	0.02220766	0.024695	0.026915775	0.028284696	0.029366495	0.03713333	0.042567309	0.046604757	0.04787869	0.048086182	0.047918216	0.047865263	0.048054831	0.048523239	0.05120702	0.049340584	0.046879938	0.070074764
20171026	0.02354185	0.022939547	0.02220766	0.024695	0.027032042	0.028367941	0.029488397	0.036910884	0.042137804	0.046191584	0.047282138	0.04778231	0.047501358	0.047562742	0.047721721	0.048308275	0.051034483	0.048664272	0.046372419	0.067549636
20171025	0.02354185	0.022919275	0.022429736	0.024695	0.027090176	0.028358276	0.029550001	0.037119138	0.042256656	0.046383492	0.047812489	0.048206969	0.047725718	0.047891187	0.048243169	0.048841471	0.052199603	0.049445848	0.047011129	0.07037669
20171024	0.023330836	0.02316045	0.022485255	0.024695	0.026799509	0.02819504	0.029401636	0.037078127	0.041999092	0.04581517	0.047181246	0.047193225	0.047031761	0.047188554	0.047611087	0.048305438	0.051503545	0.048676219	0.047150607	0.068726051
20171023	0.02354185	0.023215185	0.022485255	0.024695	0.026625108	0.028159305	0.029183351	0.036641317	0.041458154	0.045167867	0.046214401	0.046248769	0.045777577	0.045723989	0.046446856	0.047260302	0.050418342	0.048134189	0.047716677	0.064290281
20171020	0.02354185	0.023263247	0.022429736	0.024695	0.026566975	0.028178905	0.028999429	0.036462924	0.040980603	0.04448163	0.045446641	0.045235849	0.045252332	0.045195036	0.045887244	0.04653432	0.049940811	0.048487992	0.048303673	0.066353449
20171019	0.023878162	0.023272079	0.022429736	0.024240839	0.026450708	0.027924004	0.028876828	0.036189253	0.040650215	0.04399084	0.044851975	0.044380681	0.044490984	0.044515161	0.045370076	0.046833011	0.049125669	0.046949287	0.046556632	0.068737145
20171018	0.023878162	0.023294963	0.022485255	0.024411149	0.026450708	0.027916162	0.028816474	0.036183582	0.04067976	0.044096977	0.044932588	0.044529481	0.044466549	0.044377938	0.045328824	0.045974916	0.049636257	0.04784202	0.047583397	0.065190581
20171017	0.023737488	0.023498864	0.022485255	0.024013759	0.026450708	0.027892696	0.028839983	0.03599955	0.040576396	0.043781309	0.044506724	0.044366052	0.04389472	0.043813267	0.044837702	0.046148473	0.048964521	0.047675483	0.047378585	0.060251385
20171016	0.023878162	0.023551637	0.022485255	0.024354379	0.026392575	0.027838877	0.028817755	0.036024434	0.040688842	0.044036675	0.044948874	0.044606866	0.04433207	0.04404716	0.045141854	0.046404897	0.049492475	0.048028402	0.04704369	0.06140701
20171013	0.023878162	0.023599699	0.022485255	0.024411149	0.026276308	0.02788575	0.028742957	0.035846836	0.040612878	0.043857414	0.044961541	0.044812375	0.043931324	0.043657368	0.044659204	0.045739428	0.049231486	0.047365234	0.046765384	0.059438018
20171012	0.024214474	0.023608531	0.022485255	0.024411149	0.026276308	0.027878088	0.028681703	0.035669117	0.040334491	0.044159186	0.045079465	0.045113198	0.044118096	0.043715158	0.044500055	0.045515506	0.04901251	0.046875506	0.045017336	0.06009887
20171011	0.024214474	0.0236664	0.023207004	0.02458146	0.026043774	0.027891078	0.028804266	0.036289984	0.041079555	0.045329624	0.04595651	0.046466135	0.045777805	0.045379902	0.046126554	0.047087136	0.049980467	0.047699773	0.047029204	0.060297118
20171010	0.0240738	0.023835316	0.022651813	0.02492208	0.026101908	0.027915699	0.028806938	0.037134584	0.042004307	0.046069193	0.046723172	0.046955607	0.04648118	0.046198764	0.046797533	0.047738412	0.050674279	0.048495242	0.046967584	0.066559111
20171009	0.024214474	0.023888089	0.022651813	0.02497885	0.025869374	0.027907159	0.028804291	0.037277542	0.041914317	0.04596303	0.046636354	0.046859949	0.046080707	0.046027723	0.046452182	0.047313639	0.049981862	0.047954562	0.046849702	0.066270468
20171006	0.024214474	0.023936151	0.022651813	0.02497885	0.025985641	0.027837007	0.028742957	0.036771992	0.041137829	0.045424353	0.04614482	0.04582638	0.045245325	0.045082213	0.045479682	0.046289987	0.04886315	0.04679757	0.045504165	0.065558752
20171005	0.024270526	0.02397768	0.022929409	0.02475177	0.025985641	0.027826386	0.028926793	0.036600504	0.04083765	0.0451734	0.045719003	0.045318974	0.044940752	0.044529457	0.044936934	0.045753028	0.048496947	0.047005319	0.046423996	0.059150903
20171004	0.024270526	0.024001546	0.023928753	0.025546552	0.026276308	0.027981118	0.028926744	0.036252633	0.040627733	0.044507874	0.04523103	0.044720606	0.044148256	0.043845316	0.044566842	0.04549021	0.047907617	0.046550042	0.046160275	0.060048952
20171003	0.024200186	0.024086001	0.023318043	0.025376241	0.026450708	0.028088996	0.02898931	0.035857916	0.040172892	0.044051522	0.044737395	0.044218812	0.043645809	0.043337343	0.044037558	0.044986548	0.047686992	0.046512408	0.046330738	0.057273085
20171002	0.024270526	0.02411239	0.023318043	0.025433011	0.026508842	0.028145209	0.029058611	0.035342923	0.039734849	0.043490259	0.044248167	0.043656612	0.043477457	0.042961255	0.043559497	0.044479889	0.047209256	0.04642777	0.046698929	0.063347505
20170929	0.024270526	0.024118766	0.023873234	0.025489781	0.026508842	0.028141366	0.029110391	0.035134777	0.039441879	0.043515046	0.044364848	0.0437713	0.043585607	0.042858188	0.043602161	0.044569583	0.047911684	0.047606618	0.048308248	0.06081632
20170928	0.024326578	0.024161546	0.023318043	0.025489781	0.026566975	0.02820011	0.029171676	0.034812261	0.039011109	0.043462846	0.044575148	0.043881947	0.043687094	0.042937857	0.043854387	0.044909866	0.048467435	0.047756121	0.047982912	0.063599984
20170927	0.024326578	0.023871574	0.023095966	0.025660092	0.026741375	0.028190897	0.029049106	0.034524257	0.038687607	0.04332924	0.044239516	0.043526014	0.043454674	0.042704665	0.043621964	0.04472188	0.048058581	0.047130178	0.045786685	0.065242408
20170926	0.024326578	0.024012335	0.023095966	0.025660092	0.026683242	0.028192334	0.029049106	0.034541663	0.038736228	0.043274889	0.044341033	0.043327208	0.043248913	0.042827649	0.043501707	0.044465094	0.047412697	0.04585386	0.044620862	0.063513166
20170925	0.024326578	0.024056315	0.023095966	0.025773632	0.026625108	0.0281776	0.029057043	0.034670544	0.039119751	0.043760023	0.044715126	0.043911684	0.043530881	0.043231529	0.04367761	0.044498618	0.047247737	0.045689852	0.044457685	0.063330562
20170922	0.024326578	0.024096369	0.023095966	0.025716862	0.026683242	0.028177726	0.029057864	0.034589585	0.039374549	0.043916153	0.045254589	0.043777758	0.043693412	0.043189112	0.043705545	0.044532696	0.046823116	0.044951614	0.044118068	0.062878311
20170921	0.02438263	0.024134242	0.023095966	0.025773632	0.026915775	0.028241877	0.029178246	0.034134116	0.039237311	0.043421236	0.044104097	0.043142655	0.042549824	0.042245869	0.042394569	0.042991823	0.045424672	0.043651326	0.042374178	0.062825959
20170920	0.02438263	0.024335222	0.023706677	0.025943942	0.027206443	0.028362859	0.029239102	0.033993417	0.039195069	0.043328233	0.044099819	0.043116862	0.042935676	0.042636291	0.042866849	0.043408675	0.044922768	0.043230342	0.042177986	0.059687356
20170919	0.024429523	0.024523164	0.024706022	0.026000713	0.02732271	0.028474369	0.029313398	0.03393024	0.039259064	0.043198978	0.043932913	0.042946965	0.04264968	0.042792735	0.042852729	0.043331791	0.044712193	0.04309769	0.04135937	0.06268327
20170918	0.02438263	0.024504917	0.024706022	0.026000713	0.02732271	0.028451547	0.029301484	0.034203879	0.039386954	0.043163094	0.044076651	0.043200706	0.04290272	0.043056904	0.043111967	0.043644104	0.045152875	0.043543537	0.042304191	0.058551918
20170915	0.02438263	0.024488896	0.024706022	0.026000713	0.02732271	0.028544817	0.029233065	0.03404426	0.039108263	0.043270094	0.043974393	0.043402516	0.043002728	0.04304949	0.043246917	0.043930713	0.045217372	0.043317387	0.041629067	0.059039387
20170914	0.02438263	0.024466337	0.024706022	0.026000713	0.027380843	0.028682896	0.029294338	0.034178767	0.039267179	0.04335554	0.044322949	0.043759808	0.043338348	0.043678019	0.044143519	0.044900293	0.046387445	0.045399787	0.042975851	0.062521412
20170913	0.02438263	0.023511907	0.024317387	0.026000713	0.027380843	0.028747757	0.029416866	0.034186448	0.039304629	0.043001644	0.043981328	0.04321156	0.043018494	0.043141163	0.043450412	0.044059862	0.045420306	0.044288478	0.040899957	0.060537277
20170912	0.02438263	0.023291044	0.024317387	0.026000713	0.027380843	0.028726684	0.029723401	0.034130475	0.039275179	0.043059695	0.044159861	0.0433911	0.043083763	0.043216118	0.043445867	0.04401535	0.045379114	0.043195626	0.039593822	0.059905075
20170911	0.02438263	0.02327126	0.024317387	0.026000713	0.027380843	0.028719353	0.029723254	0.034281637	0.039262261	0.043050005	0.044128561	0.043394231	0.043078894	0.043220169	0.043442324	0.04405676	0.04564803	0.043069415	0.039480585	0.059759036
20170908	0.02438263	0.023313765	0.024317387	0.026681954	0.027962177	0.029403624	0.029197079	0.034263575	0.039271394	0.042972649	0.043418252	0.042784163	0.042557621	0.042922508	0.043136178	0.043689088	0.045257595	0.042183134	0.03896743	0.060215051
20170907	0.02438263	0.023493599	0.024317387	0.026171023	0.027962177	0.029397875	0.02919456	0.034278639	0.039293401	0.042809686	0.04352246	0.042793916	0.042749141	0.043216058	0.043375987	0.043852193	0.045085655	0.041952891	0.039359218	0.058231738
20170906	0.02438263	0.024392767	0.02415083	0.025830402	0.02784591	0.029277566	0.029300093	0.034021935	0.038892897	0.042503463	0.043312008	0.042740431	0.042726049	0.042976096	0.043130455	0.043644966	0.04479823	0.041570817	0.038565882	0.055698251
20170905	0.02410237	0.02411239	0.023873234	0.02497885	0.02732271	0.029068047	0.028090388	0.034233486	0.039133644	0.042462391	0.043148396	0.042542144	0.042935909	0.042889828	0.042948705	0.043399771	0.044859747	0.041810693	0.038381144	0.056566517
20170904	0.02410237	0.02411239	0.023873234	0.02497885	0.02732271	0.029023417	0.029593501	0.034715716	0.039494305	0.04353562	0.044277622	0.044196602	0.043779422	0.044354276	0.044607023	0.04516507	0.04678731	0.043800974	0.041401182	0.063124799
20170901	0.02410237	0.023968198	0.023207004	0.025092391	0.02732271	0.028848737	0.029647444	0.035160819	0.04040217	0.045186384	0.045668983	0.045483127	0.045037537	0.046091497	0.046311574	0.04689905	0.048312818	0.046311525	0.043933848	0.063124226
20170831	0.02410237	0.024002039	0.023207004	0.02503562	0.027032042	0.028666039	0.029675396	0.034976723	0.039889891	0.043973698	0.044671276	0.044049728	0.044001466	0.04448235	0.04474902	0.04527296	0.046349993	0.044441925	0.042974443	0.064144878
20170830	0.02410237	0.02375076	0.023207004	0.02480854	0.026973909	0.028510916	0.029099844	0.034520948	0.039556895	0.04302323	0.043855721	0.042921477	0.042894062	0.042918598	0.043455636	0.044131374	0.045660839	0.044121431	0.043033942	0.060946631
20170829	0.024008589	0.023854214	0.023207004	0.02475177	0.026973909	0.02834433	0.02845124	0.034823601	0.039769002	0.043393105	0.044091431	0.043642823	0.042837137	0.042927762	0.043325579	0.043953508	0.046040068	0.044574894	0.04330079	0.064300959
20170828	0.02410237	0.023888089	0.023040447	0.025660092	0.026973909	0.028331713	0.029014511	0.034585258	0.03946507	0.043169714	0.04385052	0.043312394	0.042497708	0.042702435	0.043019578	0.043662341	0.045429605	0.044083641	0.042285251	0.068789676
20170825	0.024046318	0.023916042	0.023095966	0.025716862	0.027032042	0.028331797	0.028962467	0.034791832	0.039442734	0.043089952	0.044170094	0.043406918	0.042460703	0.042882353	0.043134726	0.043705857	0.045783124	0.044527347	0.042994049	0.065251792
20170824	0.02410237	0.023937244	0.023095966	0.025716862	0.026799509	0.02812914	0.028721709	0.034012287	0.038607776	0.041980659	0.04310252	0.042169727	0.041692329	0.042216638	0.042545502	0.043057638	0.044971844	0.043438821	0.043139325	0.062231107
20170823	0.02410237	0.023806017	0.023373562	0.025716862	0.026741375	0.027940127	0.028540802	0.033605439	0.037807767	0.04094729	0.04160903	0.041270972	0.040760536	0.041073743	0.041093984	0.041408577	0.04293345	0.041751962	0.041411708	0.056501883
20170822	0.024303132	0.024271818	0.023873234	0.025603322	0.026741375	0.027964791	0.028518445	0.033890394	0.03814163	0.041148206	0.041993537	0.041997512	0.041501523	0.041925082	0.041888132	0.042189032	0.043475173	0.043041912	0.041970189	0.057441888
20170821	0.024326578	0.024280616	0.023873234	0.025603322	0.026799509	0.027964791	0.028610361	0.034222291	0.038431511	0.041422946	0.042696771	0.042862804	0.041874461	0.042479089	0.042462865	0.042802517	0.044371136	0.043654862	0.041772697	0.064424574
20170818	0.02410237	0.02401626	0.023318043	0.025603322	0.026799509	0.027875382	0.028549547	0.034303033	0.038379915	0.041174075	0.042122039	0.041989538	0.04157585	0.041921032	0.041864071	0.042164451	0.043054584	0.04346019	0.042411011	0.057971781
20170817	0.024326578	0.024336691	0.023928753	0.025660092	0.026857642	0.027869951	0.028550326	0.033814966	0.037375022	0.040791453	0.041606141	0.040988831	0.041009725	0.041473809	0.041432738	0.041672602	0.042576778	0.043142768	0.042009602	0.065913709
20170816	0.02410237	0.024328516	0.024428426	0.025489781	0.026450708	0.027572778	0.028247486	0.034172854	0.0378039	0.041277818	0.042267486	0.04210698	0.041363756	0.042376211	0.042482443	0.042855296	0.04391631	0.044535529	0.043908329	0.06016474
20170815	0.024146701	0.024248182	0.024428426	0.025489781	0.026450708	0.027566488	0.028149044	0.033564887	0.036849236	0.040591162	0.041797294	0.041484957	0.040710765	0.042002992	0.042202066	0.042623285	0.043421955	0.043532313	0.043003938	0.057450901
20170814	0.02410237	0.024168465	0.02415083	0.025092391	0.026160041	0.027262887	0.02787912	0.033037356	0.036258182	0.039751395	0.040584553	0.039984256	0.039901622	0.040335227	0.040555658	0.041023866	0.042191642	0.041549694	0.039596789	0.054923305
20170811	0.02410237	0.024012335	0.023595638	0.025092391	0.026160041	0.027259994	0.027757365	0.032847609	0.036233897	0.039679022	0.040307773	0.03956172	0.039657641	0.040021266	0.040152256	0.040580604	0.042138861	0.040886199	0.038661815	0.053553356
20170810	0.02410237	0.023715938	0.023151485	0.02503562	0.026101908	0.027258232	0.027940944	0.032491719	0.035868761	0.03912441	0.039690207	0.03892797	0.039006195	0.039544336	0.039706778	0.040132486	0.041539743	0.040318972	0.038234458	0.051630406
20170809	0.02410237	0.02310369	0.022762851	0.024297609	0.025171773	0.026969136	0.027819097	0.03242811	0.035690946	0.038902507	0.039610014	0.039011825	0.039118251	0.039557494	0.039716745	0.040136699	0.041712995	0.040480721	0.038431628	0.051899637
20170808	0.02410237	0.023453875	0.022762851	0.024240839	0.025171773	0.02694745	0.027654228	0.032377858	0.035296467	0.038619284	0.039518649	0.039117677	0.039231497	0.039669691	0.039824741	0.04028575	0.042061905	0.040876849	0.038642824	0.057146039
20170807	0.02410237	0.023551637	0.022762851	0.024240839	0.025171773	0.026701865	0.027434589	0.03218008	0.035318113	0.038511827	0.039090205	0.038952329	0.038996701	0.039519738	0.039808935	0.040373153	0.042490131	0.04188583	0.040592911	0.054814338
20170804	0.02410237	0.023371803	0.021985583	0.023900218	0.025113639	0.026213269	0.027455695	0.031663152	0.034630507	0.037971425	0.038732041	0.038345141	0.038522296	0.039274641	0.039435984	0.039895069	0.041749048	0.041372248	0.040437819	0.053205381
20170803	0.02410237	0.023404226	0.021874545	0.023900218	0.025113639	0.026213016	0.027333125	0.031379641	0.034454705	0.037725486	0.038488621	0.038372145	0.038572183	0.039210053	0.039311362	0.039703943	0.041551917	0.041290839	0.041247189	0.051717896
20170802	0.023750683	0.023463683	0.02220766	0.023843448	0.025113639	0.026151752	0.026597705	0.030605201	0.034097778	0.036835545	0.037123931	0.037143529	0.037394403	0.037736785	0.037799085	0.038207335	0.039797294	0.03837771	0.038359163	0.047885105
20170801	0.02410237	0.023551637	0.021874545	0.023673138	0.024881106	0.026040332	0.026596265	0.03043025	0.033806061	0.036594294	0.036788001	0.036424042	0.036793175	0.037273106	0.037150751	0.037434014	0.039089351	0.037180632	0.03699412	0.047159702
20170731	0.02410237	0.023631746	0.021819026	0.023673138	0.024764839	0.026041607	0.026596332	0.030397526	0.033853467	0.036709577	0.036803307	0.036753337	0.037083938	0.0370903	0.036962083	0.037312361	0.038904532	0.037223121	0.037033179	0.048270529
20170728	0.02410237	0.023027831	0.021763507	0.023446057	0.024590439	0.025920053	0.026351731	0.030171095	0.033812163	0.036217067	0.036378505	0.036367852	0.03642814	0.03665366	0.036644998	0.03703529	0.038608102	0.037448877	0.036636815	0.047603904
20170727	0.02410237	0.022478523	0.021819026	0.023559598	0.024706705	0.025980193	0.026412961	0.029905099	0.033178874	0.035953986	0.0360227	0.035814558	0.035872959	0.036003492	0.036048824	0.036458662	0.0381751	0.036908764	0.036030914	0.047711363
20170726	0.023597902	0.022718189	0.021819026	0.023559598	0.024706705	0.026376727	0.026528158	0.030160321	0.033142234	0.035841672	0.03610403	0.035967072	0.035957702	0.035895481	0.035912219	0.036343571	0.037796604	0.036412683	0.035491612	0.047005656
20170725	0.02410237	0.022822657	0.021652468	0.023559598	0.02528804	0.026967344	0.027331219	0.030015804	0.033141189	0.035626203	0.0361689	0.036068643	0.03597053	0.035911748	0.035742321	0.036035286	0.037594306	0.036041503	0.034700293	0.046950099
20170724	0.02410237	0.022944128	0.021652468	0.023559598	0.025578707	0.027064781	0.027821071	0.030560085	0.033735952	0.036390302	0.036791614	0.03651003	0.036385411	0.036242621	0.036121546	0.036459499	0.037611917	0.035726266	0.033653379	0.0476558
20170721	0.023588558	0.022894754	0.021652468	0.024184069	0.025869374	0.027216513	0.028005177	0.031137606	0.034398311	0.036679426	0.036809033	0.036294507	0.036225282	0.0360854	0.036058435	0.036412123	0.037124236	0.034734051	0.033193679	0.045041941
20170720	0.023704176	0.023128896	0.021319354	0.024297609	0.025985641	0.02720152	0.02805168	0.030959455	0.034468351	0.036567975	0.036754414	0.036293274	0.036075614	0.035739691	0.035555947	0.035806621	0.036904227	0.034522496	0.032760076	0.044340564
20170719	0.02410237	0.023215185	0.021319354	0.024297609	0.025927508	0.027485576	0.028189142	0.030946675	0.034389114	0.036564599	0.036805449	0.036232922	0.035902723	0.035556076	0.035428056	0.035746394	0.0365895	0.03422657	0.032271502	0.042732528
20170718	0.02410237	0.023308046	0.021430392	0.02475177	0.025927508	0.027476086	0.02831167	0.03144987	0.034888665	0.037308162	0.037426366	0.037076108	0.036605226	0.036323089	0.036094591	0.036302233	0.037185727	0.034481407	0.032237062	0.045656944
20170717	0.02410237	0.023286462	0.021319354	0.02463823	0.025927508	0.027471444	0.028373371	0.031789881	0.034982852	0.037643116	0.037606066	0.037305752	0.036745531	0.036429802	0.036278251	0.036528198	0.037174561	0.034594566	0.03201376	0.043474585
20170714	0.02410237	0.023405482	0.022984928	0.02486531	0.026450708	0.027613613	0.028434656	0.031756323	0.035067044	0.037513373	0.037428076	0.037117752	0.036659293	0.036281392	0.036001893	0.036147337	0.03667572	0.034461244	0.031700041	0.042961479
20170713	0.024029088	0.023792744	0.022984928	0.024695	0.026452784	0.027607371	0.028423509	0.031893044	0.035112501	0.037520806	0.037647412	0.037515591	0.03700956	0.036440198	0.036120893	0.036266889	0.03682432	0.03450981	0.03175803	0.043072038
20170712	0.02410237	0.023888089	0.022984928	0.02497885	0.026454173	0.027605254	0.028434852	0.03176697	0.035002991	0.037305186	0.037605255	0.03729342	0.036752726	0.036276711	0.035971853	0.036136213	0.036605892	0.034148817	0.031564915	0.043699026
20170711	0.02410237	0.023547386	0.022374217	0.024127299	0.026392575	0.027666409	0.02855738	0.031603386	0.035097905	0.037401641	0.037498602	0.037277651	0.036838366	0.036216795	0.035867719	0.036031069	0.036273404	0.033706329	0.031626031	0.042908181
20170710	0.02410237	0.023687328	0.022374217	0.023843448	0.026276308	0.02770458	0.028557428	0.031604251	0.035005017	0.037381992	0.037453118	0.037114877	0.036811737	0.036305519	0.035928487	0.036041722	0.036592965	0.033967982	0.031383797	0.043448485
