fecha	tfondeo
20040102	6.1
20040105	5.8
20040106	5.65
20040107	5.32
20040108	4.9
20040109	5.15
20040112	5.05
20040113	4.85
20040114	4.8
20040115	4.8
20040116	4.8
20040119	4.7
20040120	4.72
20040121	4.76
20040122	4.9
20040123	5.2
20040126	4.85
20040127	4.8
20040128	4.8
20040129	5
20040130	5.2
20040202	4.9
20040203	5.05
20040204	5.18
20040206	5.35
20040209	5.15
20040210	5.5
20040211	5.5
20040212	5.47
20040213	5.35
20040216	5.35
20040217	5.45
20040218	5.4
20040219	5.4
20040220	6
20040223	6
20040224	6.25
20040225	6.75
20040226	6.7
20040227	6.7
20040301	6.63
20040302	6.6
20040303	6.35
20040304	6.6
20040305	6.34
20040308	6.1
20040309	6.2
20040310	6.15
20040311	6.35
20040312	6.6
20040315	6.55
20040316	6.65
20040317	6.67
20040318	6.6
20040319	6.4
20040322	6.55
20040323	6.4
20040324	6.35
20040325	6.25
20040326	6.05
20040329	6.1
20040330	6.25
20040331	6.12
20040401	6.05
20040402	6.1
20040405	6.12
20040406	6.08
20040407	5.89
20040412	5.85
20040413	5.85
20040414	6
20040415	5.98
20040416	6.1
20040419	5.97
20040420	5.92
20040421	6
20040422	6
20040423	5.65
20040426	5.47
20040427	5.55
20040428	6
20040429	6.1
20040430	6.25
20040503	6.2
20040504	6.25
20040505	6.1
20040506	6.1
20040507	6.3
20040510	6.5
20040511	6.5
20040512	6.5
20040513	6.5
20040514	6.5
20040517	6.55
20040518	6.5
20040519	6.5
20040520	6.5
20040521	6.5
20040524	6.5
20040525	6.3
20040526	6.35
20040527	6.35
20040528	6.36
20040531	6.35
20040601	6.35
20040602	6.35
20040603	6.35
20040604	6.35
20040607	6.35
20040608	6.35
20040609	6.32
20040610	6.35
20040611	6.36
20040614	6.35
20040615	6.35
20040616	6.33
20040617	6.35
20040618	6.35
20040621	6.35
20040622	6.35
20040623	6.35
20040624	6.35
20040625	6.3
20040628	6.37
20040629	6.34
20040630	6.48
20040701	6.65
20040702	6.6
20040705	6.6
20040706	6.6
20040707	6.6
20040708	6.6
20040709	6.65
20040712	6.65
20040713	6.65
20040714	6.65
20040715	6.6
20040716	6.65
20040719	6.65
20040720	6.65
20040721	6.65
20040722	6.7
20040723	6.85
20040726	6.8
20040727	6.75
20040728	6.8
20040729	6.82
20040730	6.78
20040802	6.95
20040803	6.6
20040804	6.82
20040805	6.85
20040806	6.95
20040809	6.85
20040810	6.8
20040811	7
20040812	7
20040813	7
20040816	7
20040817	7
20040818	6.9
20040819	7
20040820	7.03
20040823	7
20040824	7
20040825	7.05
20040826	7.1
20040827	7.15
20040830	7.15
20040831	7.15
20040901	7.16
20040902	7.13
20040903	7.15
20040906	7.15
20040907	7.13
20040908	7.15
20040909	7.15
20040910	7.16
20040913	7.15
20040914	7.15
20040915	7.15
20040917	7.15
20040920	7.15
20040921	7.17
20040922	7.4
20040923	7.4
20040924	7.6
20040927	7.58
20040928	7.61
20040929	7.6
20040930	7.6
20041001	7.6
20041004	7.6
20041005	7.6
20041006	7.62
20041007	7.6
20041008	7.6
20041011	7.6
20041012	7.65
20041013	7.62
20041014	7.6
20041015	7.7
20041018	7.64
20041019	7.63
20041020	7.6
20041021	7.65
20041022	7.75
20041025	7.8
20041026	7.75
20041027	7.85
20041028	7.5
20041029	7.8
20041101	7.98
20041102	7.8
20041103	7.8
20041104	7.85
20041105	7.87
20041108	8
20041109	7.8
20041110	7.7
20041111	8.25
20041112	8.08
20041115	8.05
20041116	8
20041117	8.05
20041118	8.08
20041119	8.05
20041122	8.06
20041123	8.05
20041124	8
20041125	8.06
20041126	8.35
20041129	8.26
20041130	8.25
20041201	8.3
20041202	8.28
20041203	8.25
20041206	8.28
20041207	8.27
20041208	8.28
20041209	8.27
20041210	8.41
20041213	8.43
20041214	8.45
20041215	8.86
20041216	8.77
20041217	8.76
20041220	8.75
20041221	8.75
20041222	8.75
20041223	8.65
20041224	8.75
20041227	8.72
20041228	8.79
20041229	8.76
20041230	8.75
20041231	8.75
20050103	8.75
20050104	8.8
20050105	8.75
20050106	8.65
20050107	8.7
20050110	8.75
20050111	8.75
20050112	8.74
20050113	8.65
20050114	9.2
20050117	8.78
20050118	8.73
20050119	8.7
20050120	8.79
20050121	8.75
20050124	8.72
20050125	8.75
20050126	8.73
20050127	8.71
20050128	8.7
20050131	9.05
20050201	8.88
20050202	8.9
20050203	9.02
20050204	9.15
20050207	9.05
20050208	9.2
20050209	8.8
20050210	9.15
20050211	9.1
20050214	9.15
20050215	9.13
20050216	9.15
20050217	9.2
20050218	9.15
20050221	9.15
20050222	9.14
20050223	9.15
20050224	9.25
20050225	9.4
20050228	9.2
20050301	9.19
20050302	9.2
20050303	9.19
20050304	9.2
20050307	9.19
20050308	9.1
20050309	9.18
20050310	9.21
20050311	9.2
20050314	9.2
20050315	9.2
20050316	9.19
20050317	9.2
20050318	9.2
20050322	9.18
20050323	9.5
20050328	9.5
20050329	9.48
20050330	9.51
20050331	9.69
20050401	9.4
20050404	9.45
20050405	9.5
20050406	9.45
20050407	9.5
20050408	9.5
20050411	9.56
20050412	9.54
20050413	9.5
20050414	9.6
20050415	9.55
20050418	9.57
20050419	9.52
20050420	9.5
20050421	9.55
20050422	9.51
20050425	9.5
20050426	9.53
20050427	9.62
20050428	9.52
20050429	9.62
20050502	9.51
20050503	9.5
20050504	9.8
20050505	9.75
20050506	9.85
20050509	9.76
20050510	10.2
20050511	9.95
20050512	9.55
20050513	9.75
20050516	9.75
20050517	9.75
20050518	9.75
20050519	9.7
20050520	9.77
20050523	9.75
20050524	9.74
20050525	9.8
20050526	9.73
20050527	9.74
20050530	9.75
20050531	9.75
20050601	9.75
20050602	9.74
20050603	9.75
20050606	9.75
20050607	9.75
20050608	9.74
20050609	9.7
20050610	9.6
20050613	9.73
20050614	9.75
20050615	9.75
20050616	9.74
20050617	9.78
20050620	9.78
20050621	9.73
20050622	9.74
20050623	9.75
20050624	9.65
20050627	9.73
20050628	9.75
20050629	9.73
20050630	9.72
20050701	9.72
20050704	9.73
20050705	9.72
20050706	9.68
20050707	9.76
20050708	9.75
20050711	9.73
20050712	9.73
20050713	9.7
20050714	9.72
20050715	9.75
20050718	9.78
20050719	9.75
20050720	9.75
20050721	9.73
20050722	9.75
20050725	9.6
20050726	9.73
20050727	9.75
20050728	9.73
20050729	9.75
20050801	9.72
20050802	9.73
20050803	9.7
20050804	9.73
20050805	9.6
20050808	9.65
20050809	9.73
20050810	9.7
20050811	9.75
20050812	9.68
20050815	9.74
20050816	9.73
20050817	9.74
20050818	9.75
20050819	9.7
20050822	9.6
20050823	9.75
20050824	9.74
20050825	9.75
20050826	9.6
20050829	9.5
20050830	9.49
20050831	9.6
20050901	9.5
20050902	9.5
20050905	9.5
20050906	9.48
20050907	9.49
20050908	9.45
20050909	9.5
20050912	9.55
20050913	9.5
20050914	9.45
20050915	9.55
20050919	9.65
20050920	9.25
20050921	9.42
20050922	9.65
20050923	9.2
20050926	9.24
20050927	9.25
20050928	9.25
20050929	9.25
20050930	9.25
20051003	9.25
20051004	9.25
20051005	9.26
20051006	9.25
20051007	9.25
20051010	9.25
20051011	9.2
20051012	9.25
20051013	9.2
20051014	9.2
20051017	9.25
20051018	9.25
20051019	9.25
20051020	9.28
20051021	9.2
20051024	9.23
20051025	9.27
20051026	9.15
20051027	9
20051028	9.2
20051031	9.03
20051101	9
20051102	9
20051103	8.95
20051104	8.92
20051107	9
20051108	9
20051109	9
20051110	8.8
20051111	9
20051114	9
20051115	9
20051116	9
20051117	9
20051118	9
20051121	9
20051122	9
20051123	9
20051124	9
20051125	8.75
20051128	8.75
20051129	8.75
20051130	8.75
20051201	8.73
20051202	8.79
20051205	8.75
20051206	8.75
20051207	8.75
20051208	8.7
20051209	8.26
20051213	8.24
20051214	8.25
20051215	8.95
20051216	8.15
20051219	8.27
20051220	8.28
20051221	8.35
20051222	8.25
20051223	8.25
20051226	8.24
20051227	8.28
20051228	8.25
20051229	8.2
20051230	8.25
20060102	8.25
20060103	8.28
20060104	8.25
20060105	8.25
20060106	8.22
20060109	8.2
20060110	8.25
20060111	8.27
20060112	8.25
20060113	8.27
20060116	8.25
20060117	8.25
20060118	8.24
20060119	8.25
20060120	8.25
20060123	8.24
20060124	8.25
20060125	8.25
20060126	8.25
20060127	7.7
20060130	7.75
20060131	7.77
20060201	7.75
20060202	7.75
20060203	7.55
20060207	7.75
20060208	7.7
20060209	7.74
20060210	7.7
20060213	7.72
20060214	7.7
20060215	7.75
20060216	7.8
20060217	7.75
20060220	7.78
20060221	7.75
20060222	7.78
20060223	7.8
20060224	7.52
20060227	7.58
20060228	7.5
20060301	7.54
20060302	7.48
20060303	7.48
20060306	7.45
20060307	7.5
20060308	7.4
20060309	7.5
20060310	7.5
20060313	7.5
20060314	7.52
20060315	7.5
20060316	7.52
20060317	7.45
20060320	7.4
20060322	7.48
20060323	7.45
20060324	7.25
20060327	7.28
20060328	7.27
20060329	7.25
20060330	7.25
20060331	7.23
20060403	7.22
20060404	7.25
20060405	7.25
20060406	7.2
20060407	7
20060410	7.26
20060411	7.23
20060412	7.28
20060417	7.25
20060418	7.22
20060419	7.25
20060420	7.2
20060421	7
20060424	7.35
20060425	6.5
20060426	7.55
20060427	6.9
20060428	6.9
20060502	6.95
20060503	6.95
20060504	6.95
20060505	7
20060508	6.9
20060509	6.95
20060510	7
20060511	7
20060512	7.02
20060515	7
20060516	7.05
20060517	7.02
20060518	6.9
20060519	6.9
20060522	7
20060523	7.05
20060524	7.05
20060525	7.01
20060526	6.95
20060529	7.03
20060530	7.05
20060531	7
20060601	7.01
20060602	6.9
20060605	7.1
20060606	7.02
20060607	6.95
20060608	7
20060609	6.95
20060612	7.01
20060613	7
20060614	6.9
20060615	7.02
20060616	6.9
20060619	7.15
20060620	7
20060621	6.9
20060622	6.95
20060623	6.95
20060626	6.95
20060627	7.03
20060628	6.95
20060629	7.01
20060630	7
20060703	6.95
20060704	7.01
20060705	7
20060706	7
20060707	7
20060710	7.01
20060711	7
20060712	7
20060713	7
20060714	7
20060717	7
20060718	7
20060719	7
20060720	7.05
20060721	7
20060724	7.03
20060725	7
20060726	7
20060727	7
20060728	7.1
20060731	7.23
20060801	7
20060802	7.03
20060803	6.8
20060804	7
20060807	7.02
20060808	7.03
20060809	7
20060810	6.9
20060811	6.9
20060814	7
20060815	7.03
20060816	7.03
20060817	7.02
20060818	6.95
20060821	6.8
20060822	6.98
20060823	7
20060824	6.95
20060825	7.25
20060828	7
20060829	6.9
20060830	7
20060831	7
20060901	7.05
20060904	7.03
20060905	7
20060906	7.02
20060907	7
20060908	7.05
20060911	7
20060912	7.12
20060913	6.8
20060914	7.05
20060915	7.02
20060918	7
20060919	7.03
20060920	6.95
20060921	6.9
20060922	7
20060925	7.02
20060926	7.05
20060927	7.07
20060928	6.95
20060929	7
20061002	7.01
20061003	7.03
20061004	7.03
20061005	7
20061006	7.02
20061009	7
20061010	7.02
20061011	7
20061012	7.1
20061013	7
20061016	7.02
20061017	7
20061018	7.05
20061019	7.01
20061020	7
20061023	7
20061024	7
20061025	7
20061026	6.98
20061027	6.9
20061030	7.02
20061031	7
20061101	6.92
20061103	7.01
20061106	7.01
20061107	7.02
20061108	7
20061109	6.99
20061110	7
20061113	7.15
20061114	7
20061115	7.05
20061116	6.98
20061117	6.75
20061121	7.1
20061122	7.1
20061123	7
20061124	7
20061127	7.01
20061128	7.02
20061129	7.09
20061130	7
20061204	7
20061205	7.05
20061206	6.95
20061207	7.02
20061208	7
20061211	7
20061213	7.15
20061214	7.15
20061215	6.75
20061218	7.04
20061219	7.03
20061220	7
20061221	7.04
20061222	7.05
20061226	7.05
20061227	7
20061228	7.04
20061229	7.03
20070102	7
20070103	6.95
20070104	7
20070105	7.02
20070108	7.02
20070109	7
20070110	7.02
20070111	7.02
20070112	7.01
20070115	7
20070116	7
20070117	7.5
20070118	6.98
20070119	7.02
20070122	7
20070123	7.02
20070124	7
20070125	7.02
20070126	7.02
20070129	7
20070130	6.99
20070131	7.05
20070201	6.95
20070202	6.99
20070206	7
20070207	7.01
20070208	7.02
20070209	7
20070212	7
20070213	7
20070214	7.01
20070215	7
20070216	6.8
20070219	7.05
20070220	7.02
20070221	7
20070222	7.02
20070223	7.02
20070226	7.02
20070227	7
20070228	7.25
20070301	7
20070302	6.8
20070305	7.02
20070306	6.95
20070307	6.9
20070308	7.01
20070309	6.9
20070312	7.02
20070313	7
20070314	7
20070315	7.02
20070316	7.01
20070320	7
20070321	7
20070322	7
20070323	7.01
20070326	6.9
20070327	7
20070328	7
20070329	7
20070330	7.1
20070402	7.05
20070403	7
20070404	7.15
20070409	7
20070410	7
20070411	6.85
20070412	7.01
20070413	7.03
20070416	7
20070417	7.02
20070418	7.02
20070419	6.9
20070420	7
20070423	7
20070424	7.02
20070425	7.03
20070426	7.05
20070427	7.25
20070430	7.4
20070502	7.2
20070503	7.25
20070504	7.29
20070507	7.27
20070508	7.25
20070509	7.29
20070510	7.2
20070511	7.2
20070514	7.27
20070515	7.25
20070516	7.35
20070517	7.27
20070518	7.15
20070521	7.25
20070522	7.25
20070523	7.3
20070524	7.25
20070525	7.26
20070528	7.2
20070529	7.27
20070530	7.35
20070531	7.35
20070601	7.25
20070604	7.26
20070605	7.25
20070606	7.26
20070607	7.28
20070608	7.1
20070611	7.2
20070612	7.22
20070613	7.15
20070614	7.27
20070615	7.25
20070618	7.4
20070619	7.25
20070620	7.05
20070621	7.28
20070622	7
20070625	7.3
20070626	7.32
20070627	7.28
20070628	7.25
20070629	7.2
20070702	7.27
20070703	7.25
20070704	7.27
20070705	7.27
20070706	7.2
20070709	7.25
20070710	7.4
20070711	7.3
20070712	7
20070713	7.2
20070716	7.28
20070717	7.28
20070718	7.24
20070719	7
20070720	7.28
20070723	7.1
20070724	7.27
20070725	7.15
20070726	7.2
20070727	7.3
20070730	7.2
20070731	7.25
20070801	7.26
20070802	7.25
20070803	7.25
20070806	7.4
20070807	7.25
20070808	7.3
20070809	6.15
20070810	7
20070813	7.21
20070814	7.25
20070815	6
20070816	7.25
20070817	7.25
20070820	7.25
20070821	7.15
20070822	7
20070823	7.25
20070824	6.9
20070827	7.25
20070828	7.25
20070829	7.3
20070830	7.24
20070831	7.25
20070903	7.2
20070904	7.2
20070905	7.25
20070906	7.25
20070907	7.15
20070910	7.25
20070911	7.2
20070912	7.25
20070913	7.17
20070914	6.9
20070917	7.32
20070918	7.2
20070919	7.25
20070920	7
20070921	7.25
20070924	7.2
20070925	7.2
20070926	7.3
20070927	7.3
20070928	7.35
20071001	7.15
20071002	7.2
20071003	7.25
20071004	7.24
20071005	7
20071008	7.15
20071009	7.21
20071010	7.25
20071011	7.25
20071012	7.1
20071015	7.25
20071016	7.25
20071017	7.3
20071018	7.25
20071019	7.19
20071022	7.19
20071023	7.2
20071024	7.05
20071025	7.05
20071026	7.25
20071029	7.45
20071030	7.45
20071031	7.45
20071101	7.45
20071105	7.47
20071106	7.6
20071107	7.4
20071108	7.55
20071109	7.45
20071112	7.52
20071113	7.4
20071114	7.52
20071115	7.5
20071116	7.5
20071120	7.55
20071121	7.4
20071122	7.35
20071123	7.4
20071126	7.45
20071127	7.48
20071128	7.5
20071129	7.48
20071130	7.5
20071203	7.53
20071204	7.35
20071205	7.47
20071206	7.48
20071207	7.52
20071210	7.55
20071211	7.5
20071213	7.51
20071214	7.5
20071217	7.5
20071218	7.5
20071219	7.5
20071220	7.51
20071221	7.5
20071224	7.5
20071226	7.5
20071227	7.56
20071228	7.5
20071231	7.65
20080102	7.51
20080103	7.5
20080104	7.45
20080107	7.35
20080108	7.45
20080109	7.51
20080110	7.52
20080111	7.5
20080114	7.5
20080115	7.5
20080116	7.48
20080117	7.54
20080118	7.5
20080121	7.5
20080122	7.5
20080123	7.5
20080124	7.5
20080125	7.5
20080128	7.55
20080129	7.55
20080130	7.5
20080131	7.5
20080201	7.4
20080205	7.53
20080206	7.45
20080207	7.4
20080208	7.48
20080211	7.5
20080212	7.5
20080213	7.4
20080214	7.5
20080215	7.51
20080218	7.55
20080219	7.5
20080220	7.45
20080221	7.48
20080222	7.49
20080225	7.45
20080226	7.45
20080227	7.5
20080228	7.5
20080229	7.45
20080303	7.45
20080304	7.4
20080305	7.45
20080306	7.51
20080307	7.5
20080310	7.48
20080311	7.5
20080312	7.5
20080313	7.51
20080314	7.53
20080318	7.54
20080319	7.5
20080324	6.95
20080325	7.47
20080326	7.47
20080327	7.47
20080328	7.45
20080331	7.53
20080401	7.45
20080402	7.48
20080403	7.46
20080404	7.45
20080407	7.47
20080408	7.45
20080409	7.45
20080410	7.47
20080411	7.5
20080414	7.48
20080415	7.53
20080416	7.5
20080417	7.45
20080418	7.5
20080421	7.48
20080422	7.3
20080423	7.48
20080424	7.49
20080425	7.45
20080428	7.5
20080429	7.5
20080430	7.6
20080502	7.5
20080505	7.4
20080506	7.4
20080507	7.51
20080508	7.5
20080509	7.5
20080512	7.49
20080513	7.46
20080514	7.51
20080515	7.51
20080516	7.48
20080519	7.51
20080520	7.5
20080521	7.4
20080522	7.45
20080523	7.47
20080526	7.6
20080527	7.4
20080528	7.49
20080529	7.15
20080530	7.55
20080602	7.5
20080603	7.5
20080604	7.49
20080605	7.5
20080606	7.5
20080609	7.5
20080610	7.5
20080611	7.5
20080612	7.5
20080613	7.56
20080616	7.47
20080617	7.53
20080618	7.57
20080619	7.4
20080620	7.75
20080623	7.75
20080624	7.65
20080625	7.75
20080626	7.74
20080627	7.72
20080630	7.78
20080701	7.7
20080702	7.7
20080703	7.68
20080704	7.8
20080707	7.6
20080708	7.8
20080709	7.75
20080710	7.78
20080711	7.72
20080714	7.74
20080715	7.76
20080716	7.75
20080717	7.76
20080718	8.03
20080721	7.75
20080722	7.8
20080723	8
20080724	7.95
20080725	8
20080728	7.95
20080729	8.02
20080730	7.9
20080731	8
20080801	7.95
20080804	8.02
20080805	7.99
20080806	7.9
20080807	7.9
20080808	7.96
20080811	7.95
20080812	7.96
20080813	7.98
20080814	7.98
20080815	8.26
20080818	8.3
20080819	8.28
20080820	8.15
20080821	8.16
20080822	8.2
20080825	8.24
20080826	8.22
20080827	8.25
20080828	8.23
20080829	8.16
20080901	8.24
20080902	8.22
20080903	8.2
20080904	8.2
20080905	8.25
20080908	8.24
20080909	8.35
20080910	8.2
20080911	8.25
20080912	8.24
20080915	8.25
20080917	8.3
20080918	8.15
20080919	8.05
20080922	8.25
20080923	8.2
20080924	8.22
20080925	8.23
20080926	8.25
20080929	8.24
20080930	8.25
20081001	8.2
20081002	8
20081003	8.2
20081006	8.1
20081007	8.1
20081008	8.05
20081009	8
20081010	8
20081013	8.06
20081014	7.95
20081015	7.9
20081016	7.5
20081017	7.7
20081020	8.25
20081021	6.25
20081022	7
20081023	6.15
20081024	8
20081027	7.5
20081028	7
20081029	8
20081030	7.7
20081031	8.5
20081103	7.6
20081104	7.55
20081105	7.7
20081106	7.6
20081107	8
20081110	7.9
20081111	7.85
20081112	7.97
20081113	8.05
20081114	8.05
20081118	8.24
20081119	7.5
20081120	7.5
20081121	8
20081124	8.05
20081125	8.1
20081126	7.5
20081127	8.3
20081128	8.4
20081201	8.15
20081202	8.12
20081203	8.2
20081204	7.75
20081205	8.15
20081208	8.17
20081209	8.18
20081210	8.25
20081211	8.27
20081215	8.35
20081216	8.32
20081217	8.35
20081218	8.35
20081219	8.25
20081222	8.3
20081223	8.1
20081224	8.2
20081226	7.9
20081229	8.25
20081230	8.3
20081231	7.5
20090102	8.27
20090105	7.5
20090106	8.24
20090107	8.25
20090108	8.25
20090109	8.25
20090112	8.25
20090113	8.2
20090114	8.2
20090115	8.5
20090116	7.75
20090119	7.77
20090120	7.73
20090121	7.6
20090122	7.6
20090123	7.77
20090126	7.6
20090127	7.8
20090128	7.75
20090129	7.7
20090130	7.7
20090203	7.77
20090204	7.6
20090205	7.71
20090206	7.8
20090209	7.75
20090210	7.7
20090211	7.7
20090212	7.7
20090213	7.5
20090216	7.76
20090217	7.76
20090218	7.76
20090219	7.85
20090220	7.5
20090223	7.35
20090224	7.53
20090225	7.48
20090226	7.48
20090227	7.36
20090302	7.4
20090303	7.5
20090304	7.45
20090305	7.45
20090306	7.49
20090309	7.45
20090310	7.48
20090311	7.49
20090312	7.48
20090313	7.53
20090317	7.6
20090318	7.45
20090319	7.48
20090320	6.6
20090323	6.7
20090324	6.8
20090325	6.7
20090326	6.65
20090327	6.75
20090330	6.75
20090331	6.76
20090401	6.65
20090402	6.68
20090403	6.7
20090406	7
20090407	6.6
20090408	6.73
20090413	6.76
20090414	6.7
20090415	6.75
20090416	6.6
20090417	6.02
20090420	6.04
20090421	5.75
20090422	5.5
20090423	5.8
20090424	5.93
20090427	5.95
20090428	5.93
20090429	6.02
20090430	5.85
20090504	5.94
20090505	5.8
20090506	5.94
20090507	5.98
20090508	5.95
20090511	5.95
20090512	6
20090513	5.9
20090514	6.05
20090515	5.2
20090518	5.32
20090519	5.24
20090520	5.2
20090521	5.22
20090522	5.26
20090525	5.25
20090526	5.2
20090527	5.22
20090528	5.24
20090529	5.15
20090601	5.2
20090602	5.18
20090603	5.2
20090604	5.2
20090605	5.22
20090608	5.24
20090609	5
20090610	5.2
20090611	5.21
20090612	5
20090615	5.22
20090616	5.16
20090617	5.25
20090618	5.26
20090619	4.87
20090622	4.78
20090623	4.76
20090624	4.8
20090625	5.1
20090626	4.78
20090629	4.75
20090630	4.77
20090701	4.75
20090702	4.8
20090703	4.82
20090706	4.83
20090707	4.78
20090708	4.79
20090709	4.73
20090710	4.75
20090713	4.75
20090714	4.95
20090715	4.8
20090716	4.7
20090717	4.35
20090720	4.85
20090721	4.5
20090722	4.48
20090723	3.5
20090724	4.4
20090727	4.44
20090728	4.48
20090729	4.75
20090730	4.75
20090731	4.4
20090803	4.45
20090804	4.56
20090805	4.4
20090806	4.4
20090807	4.45
20090810	4.5
20090811	4.45
20090812	4.6
20090813	4.45
20090814	4.55
20090817	4.6
20090818	4.45
20090819	4.55
20090820	4.47
20090821	4.35
20090824	4.45
20090825	4.4
20090826	4.5
20090827	4.48
20090828	4.5
20090831	4.52
20090901	4.48
20090902	4.48
20090903	4.5
20090904	4.45
20090907	4.49
20090908	4.5
20090909	4.45
20090910	4.5
20090911	4.5
20090914	4.54
20090915	4.5
20090917	4.52
20090918	4.45
20090921	4.41
20090922	4.49
20090923	4.47
20090924	5
20090925	4.45
20090928	4.52
20090929	4.62
20090930	4.6
20091001	4.46
20091002	4.2
20091005	4.45
20091006	4.45
20091007	4.5
20091008	4.47
20091009	4.4
20091012	4.45
20091013	4.6
20091014	4.46
20091015	4.6
20091016	4.6
20091019	4.51
20091020	4.58
20091021	4.47
20091022	4.48
20091023	4.4
20091026	4.49
20091027	4.53
20091028	4.7
20091029	4.52
20091030	4.62
20091103	4.6
20091104	4.7
20091105	4.5
20091106	4.45
20091109	4.45
20091110	4.65
20091111	4.25
20091112	4.5
20091113	4.55
20091117	5
20091118	4.5
20091119	4.5
20091120	4.55
20091123	4.48
20091124	4.62
20091125	4.5
20091126	4.5
20091127	4.6
20091130	4.53
20091201	4.52
20091202	4.52
20091203	4.52
20091204	4.48
20091207	4.54
20091208	4.51
20091209	4.54
20091210	4.55
20091211	4.5
20091214	4.6
20091215	4.5
20091216	4.57
20091217	4.54
20091218	4.6
20091221	4.58
20091222	4.5
20091223	4.65
20091224	4.55
20091228	4.45
20091229	4.6
20091230	4.54
20091231	4.52
20100104	4.53
20100105	4.53
20100106	4.53
20100107	4.53
20100108	4.85
20100111	4.58
20100112	4.4
20100113	4.45
20100114	4.4
20100115	4.54
20100118	4.58
20100119	4.8
20100120	4.5
20100121	4.45
20100122	4.58
20100125	4.54
20100126	4.64
20100127	4.53
20100128	4.65
20100129	5
20100202	4.4
20100203	4.55
20100204	4.55
20100205	4.65
20100208	4.65
20100209	4.5
20100210	4.78
20100211	4.6
20100212	4.5
20100215	4.6
20100216	4.55
20100217	4.55
20100218	5
20100219	4.67
20100222	4.62
20100223	4.5
20100224	4.58
20100225	4.55
20100226	4.52
20100301	4.52
20100302	4.55
20100303	4.52
20100304	4.53
20100305	4.53
20100308	4.58
20100309	4.56
20100310	4.4
20100311	4.53
20100312	4.5
20100316	4.55
20100317	4.55
20100318	4.55
20100319	4.5
20100322	4.54
20100323	4.52
20100324	4.54
20100325	4.56
20100326	4.5
20100329	4.54
20100330	4.5
20100331	4.5
20100405	4.59
20100406	4.51
20100407	4.55
20100408	4.45
20100409	4.55
20100412	4.55
20100413	4.55
20100414	4.55
20100415	4.55
20100416	4.5
20100419	4.55
20100420	4.55
20100421	4.53
20100422	4.53
20100423	4.5
20100426	4.55
20100427	4.57
20100428	4.5
20100429	4.5
20100430	4.6
20100503	4.59
20100504	4.55
20100505	4.62
20100506	4.66
20100507	4.65
20100510	4.58
20100511	4.5
20100512	4.5
20100513	4.63
20100514	4.55
20100517	5
20100518	4.45
20100519	4.55
20100520	4.55
20100521	4.5
20100524	5
20100525	4.5
20100526	4.55
20100527	4.58
20100528	4.55
20100531	4.58
20100601	4.55
20100602	4.55
20100603	4.6
20100604	4.58
20100607	4.57
20100608	4.53
20100609	4.57
20100610	4.58
20100611	4.56
20100614	4.55
20100615	4.45
20100616	4.5
20100617	4.55
20100618	4.54
20100621	4.59
20100622	4.56
20100623	4.45
20100624	4.55
20100625	4.4
20100628	4.58
20100629	4.6
20100630	4.58
20100701	4.62
20100702	4.55
20100705	4.5
20100706	4.55
20100707	4.58
20100708	4.6
20100709	4.62
20100712	4.55
20100713	4.5
20100714	4.64
20100715	4.6
20100716	4.62
20100719	4.59
20100720	4.6
20100721	4.6
20100722	4.58
20100723	4.57
20100726	4.6
20100727	4.58
20100728	4.55
20100729	4.54
20100730	4.61
20100802	4.53
20100803	4.55
20100804	4.57
20100805	4.57
20100806	4.56
20100809	4.57
20100810	4.58
20100811	4.6
20100812	4.6
20100813	4.55
20100816	4.55
20100817	4.6
20100818	4.58
20100819	4.59
20100820	4.61
20100823	4.6
20100824	4.6
20100825	4.61
20100826	4.5
20100827	4.55
20100830	4.5
20100831	4.58
20100901	4.51
20100902	4.54
20100903	4.58
20100906	4.5
20100907	4.53
20100908	4.52
20100909	4.53
20100910	4.55
20100913	4.5
20100914	4.54
20100915	4.5
20100920	4.5
20100921	4.55
20100922	4.51
20100923	4.53
20100924	4.52
20100927	4.45
20100928	4.5
20100929	4.53
20100930	4.45
20101001	4.4
20101004	4.61
20101005	4.51
20101006	4.53
20101007	4.47
20101008	4.54
20101011	4.45
20101012	4.55
20101013	4.43
20101014	4.45
20101015	4.35
20101018	4.47
20101019	4.49
20101020	4.6
20101021	4.54
20101022	4.54
20101025	4.5
20101026	4.47
20101027	4.3
20101028	4.6
20101029	4.53
20101101	4.55
20101103	4.8
20101104	4.5
20101105	4.52
20101108	4.51
20101109	4.5
20101110	4.52
20101111	4.55
20101112	4.53
20101116	4.51
20101117	4.6
20101118	4.53
20101119	4.56
20101122	4.6
20101123	4.52
20101124	4.51
20101125	4.53
20101126	4.53
20101129	4.5
20101130	4.5
20101201	4.72
20101202	4.58
20101203	4.55
20101206	4.58
20101207	4.4
20101208	4.56
20101209	4.65
20101210	4.62
20101213	4.6
20101214	4.6
20101215	4.6
20101216	4.53
20101217	4.53
20101220	4.5
20101221	4.53
20101222	4.54
20101223	4.57
20101224	4.5
20101227	4.53
20101228	4.52
20101229	4.55
20101230	4.58
20101231	4.5
20110103	4.53
20110104	4.54
20110105	4.5
20110106	4.54
20110107	4.51
20110110	4.54
20110111	4.5
20110112	4.55
20110113	4.5
20110114	4.55
20110117	4.55
20110118	4.5
20110119	4.52
20110120	4.52
20110121	4.54
20110124	4.5
20110125	4.55
20110126	4.51
20110127	4.5
20110128	4.54
20110131	4.55
20110201	4.53
20110202	4.52
20110203	4.53
20110204	4.52
20110208	4.52
20110209	4.53
20110210	4.51
20110211	4.52
20110214	4.5
20110215	4.53
20110216	4.45
20110217	4.25
20110218	4.35
20110221	4.52
20110222	4.5
20110223	4.48
20110224	4.4
20110225	4.45
20110228	4.5
20110301	4.51
20110302	4.5
20110303	4.45
20110304	4.46
20110307	4.5
20110308	4.51
20110309	4.48
20110310	4.45
20110311	4.47
20110314	4.5
20110315	4.47
20110316	4.45
20110317	4.5
20110318	4.53
20110322	4.48
20110323	4.48
20110324	4.51
20110325	4.5
20110328	4.5
20110329	4.5
20110330	4.5
20110331	4.5
20110401	4.5
20110404	4.5
20110405	4.49
20110406	4.49
20110407	4.49
20110408	4.49
20110411	4.49
20110412	4.49
20110413	4.5
20110414	4.49
20110415	4.49
20110418	4.46
20110419	4.47
20110420	4.53
20110425	4.4
20110426	4.45
20110427	4.53
20110428	4.5
20110429	4.5
20110502	4.5
20110503	4.47
20110504	4.51
20110505	4.47
20110506	4.44
20110509	4.4
20110510	4.5
20110511	4.5
20110512	4.5
20110513	4.48
20110516	4.07
20110517	4.49
20110518	4.9
20110519	4.46
20110520	4.46
20110523	4.46
20110524	4.43
20110525	4.4
20110526	4.5
20110527	4.8
20110530	4.55
20110531	4.48
20110601	4.42
20110602	4.46
20110603	4.43
20110606	4.47
20110607	4.48
20110608	4.48
20110609	4.48
20110610	4.47
20110613	4.48
20110614	4.45
20110615	4.55
20110616	4.56
20110617	4.54
20110620	4.47
20110621	4.48
20110622	4.4
20110623	4.48
20110624	4.45
20110627	4.47
20110628	4.45
20110629	4.45
20110630	4.48
20110701	4.47
20110704	4.3
20110705	4.47
20110706	4.47
20110707	4.45
20110708	4.5
20110711	4.47
20110712	4.45
20110713	4.48
20110714	4.49
20110715	4.5
20110718	4.48
20110719	4.49
20110720	4.5
20110721	4.45
20110722	4.46
20110725	4.46
20110726	4.45
20110727	4.38
20110728	4.35
20110729	4.45
20110801	4.45
20110802	4.43
20110803	4.44
20110804	4.43
20110805	4.45
20110808	4.45
20110809	4.43
20110810	4.45
20110811	4.43
20110812	4.3
20110815	4.5
20110816	4.44
20110817	4.44
20110818	4.44
20110819	4.48
20110822	4.44
20110823	4.42
20110824	4.4
20110825	4.36
20110826	4.42
20110829	4.4
20110830	4.37
20110831	4.35
20110901	4.33
20110902	4.35
20110905	4.39
20110906	4.34
20110907	4.28
20110908	4.33
20110909	4.33
20110912	4.34
20110913	4.32
20110914	4.27
20110915	4.28
20110919	4.33
20110920	4.48
20110921	4.43
20110922	4.44
20110923	4.5
20110926	4.35
20110927	4.3
20110928	4.36
20110929	4.4
20110930	4.38
20111003	4.35
20111004	4.38
20111005	4.39
20111006	4.38
20111007	4.5
20111010	4.34
20111011	4.36
20111012	4.32
20111013	4.35
20111014	4.34
20111017	4.32
20111018	4.33
20111019	4.15
20111020	4.5
20111021	4.3
20111024	4.36
20111025	4.35
20111026	4.45
20111027	4.4
20111028	4.45
20111031	4.4
20111101	4.44
20111103	4.34
20111104	4.36
20111107	4.4
20111108	4.36
20111109	4.36
20111110	4.3
20111111	4.35
20111114	4.31
20111115	4.37
20111116	4.36
20111117	4.35
20111118	4.45
20111122	4.39
20111123	4.36
20111124	4.36
20111125	4.45
20111128	4.5
20111129	4.5
20111130	4.6
20111201	4.35
20111202	4.15
20111205	4.37
20111206	4.41
20111207	4.4
20111208	4.4
20111209	4.47
20111213	4.41
20111214	4.49
20111215	4.49
20111216	4.45
20111219	4.53
20111220	4.5
20111221	4.49
20111222	4.5
20111223	4.49
20111226	4.47
20111227	4.51
20111228	4.48
20111229	4.48
20111230	4.48
20120102	4.52
20120103	4.46
20120104	4.4
20120105	4.44
20120106	4.4
20120109	4.44
20120110	4.52
20120111	4.47
20120112	4.43
20120113	4.46
20120116	4.46
20120117	4.3
20120118	4.34
20120119	4.42
20120120	4.4
20120123	4.45
20120124	4.5
20120125	4.5
20120126	4.51
20120127	4.48
20120130	4.48
20120131	4.5
20120201	4.48
20120202	4.48
20120203	4.48
20120207	4.51
20120208	4.5
20120209	4.57
20120210	4.43
20120213	4.4
20120214	4.44
20120215	4.42
20120216	4.45
20120217	4.49
20120220	4.55
20120221	4.42
20120222	4.5
20120223	4.4
20120224	4.55
20120227	4.47
20120228	4.48
20120229	4.5
20120301	4.45
20120302	4.46
20120305	4.42
20120306	4.47
20120307	4.45
20120308	4.48
20120309	4.5
20120312	4.4
20120313	4.48
20120314	4.42
20120315	4.46
20120316	4.52
20120320	4.42
20120321	4.4
20120322	4.5
20120323	4.5
20120326	4.52
20120327	4.5
20120328	4.57
20120329	4.5
20120330	4.52
20120402	4.52
20120403	4.45
20120404	4.5
20120409	4.47
20120410	4.52
20120411	4.49
20120412	4.5
20120413	4.52
20120416	4.52
20120417	4.3
20120418	4.52
20120419	4.52
20120420	4.45
20120423	4.52
20120424	4.55
20120425	4.55
20120426	4.4
20120427	4.47
20120430	4.55
20120502	4.52
20120503	4.52
20120504	4.52
20120507	4.4
20120508	4.51
20120509	4.5
20120510	4.52
20120511	4.52
20120514	4.56
20120515	4.55
20120516	4.5
20120517	4.52
20120518	4.5
20120521	4.45
20120522	4.52
20120523	4.5
20120524	4.52
20120525	4.49
20120528	4.48
20120529	4.52
20120530	4.51
20120531	4.45
20120601	4.46
20120604	4.45
20120605	4.5
20120606	4.52
20120607	4.52
20120608	4.42
20120611	4.52
20120612	4.5
20120613	4.5
20120614	4.47
20120615	4.5
20120618	4.45
20120619	4.52
20120620	4.5
20120621	4.46
20120622	4.45
20120625	4.46
20120626	4.48
20120627	4.48
20120628	4.46
20120629	4.52
20120702	4.45
20120703	4.52
20120704	4.47
20120705	4.48
20120706	4.52
20120709	4.49
20120710	4.52
20120711	4.46
20120712	4.52
20120713	4.44
20120716	4.46
20120717	4.45
20120718	4.48
20120719	4.52
20120720	4.52
20120723	4.7
20120724	4.49
20120725	4.49
20120726	4.52
20120727	4.52
20120730	4.48
20120731	4.52
20120801	4.52
20120802	4.49
20120803	4.48
20120806	4.52
20120807	4.48
20120808	4.52
20120809	4.45
20120810	4.49
20120813	4.49
20120814	4.52
20120815	4.5
20120816	4.52
20120817	4.52
20120820	4.49
20120821	4.52
20120822	4.48
20120823	4.45
20120824	4.48
20120827	4.5
20120828	4.52
20120829	4.51
20120830	4.5
20120831	4.52
20120903	4.52
20120904	4.5
20120905	4.46
20120906	4.52
20120907	4.5
20120910	4.52
20120911	4.46
20120912	4.46
20120913	4.5
20120914	4.52
20120917	4.52
20120918	4.52
20120919	4.52
20120920	4.52
20120921	4.49
20120924	4.55
20120925	4.52
20120926	4.52
20120927	4.5
20120928	4.48
20121001	4.5
20121002	4.52
20121003	4.52
20121004	4.5
20121005	4.48
20121008	4.52
20121009	4.5
20121010	4.47
20121011	4.52
20121012	4.5
20121015	4.52
20121016	4.5
20121017	4.48
20121018	4.5
20121019	4.52
20121022	4.42
20121023	4.51
20121024	4.52
20121025	4.52
20121026	4.52
20121029	4.5
20121030	4.52
20121031	4.47
20121101	4.46
20121105	4.58
20121106	4.5
20121107	4.52
20121108	4.5
20121109	4.5
20121112	4.5
20121113	4.48
20121114	4.49
20121115	4.51
20121116	4.5
20121120	4.5
20121121	4.45
20121122	4.51
20121123	4.49
20121126	4.48
20121127	4.49
20121128	4.51
20121129	4.46
20121130	4.48
20121203	4.4
20121204	4.44
20121205	4.46
20121206	4.49
20121207	4.47
20121210	4.51
20121211	4.53
20121213	4.48
20121214	4.48
20121217	4.57
20121218	4.55
20121219	4.5
20121220	4.48
20121221	4.5
20121224	4.5
20121226	4.45
20121227	4.45
20121228	4.48
20121231	4.35
20130102	4.49
20130103	4.53
20130104	4.4
20130107	4.47
20130108	4.48
20130109	4.3
20130110	4.46
20130111	4.47
20130114	4.48
20130115	4.4
20130116	4.48
20130117	4.48
20130118	4.54
20130121	4.51
20130122	4.51
20130123	4.47
20130124	4.5
20130125	4.47
20130128	4.5
20130129	4.48
20130130	4.5
20130131	4.45
20130201	4.48
20130205	4.45
20130206	4.51
20130207	4.46
20130208	4.45
20130211	4.46
20130212	4.46
20130213	4.5
20130214	4.48
20130215	4.54
20130218	4.52
20130219	4.5
20130220	4.47
20130221	4.53
20130222	4.52
20130225	4.56
20130226	4.48
20130227	4.53
20130228	4.45
20130301	4.51
20130304	4.45
20130305	4.9
20130306	4.53
20130307	4.4
20130308	3.9
20130311	3.95
20130312	3.99
20130313	3.98
20130314	4
20130315	4.02
20130319	3.98
20130320	3.96
20130321	4
20130322	4.02
20130325	3.98
20130326	4.25
20130327	4.07
20130401	3.98
20130402	3.98
20130403	3.98
20130404	4.03
20130405	3.96
20130408	4.02
20130409	3.95
20130410	3.95
20130411	3.98
20130412	4.01
20130415	4.07
20130416	3.97
20130417	3.98
20130418	4.01
20130419	4.04
20130422	3.99
20130423	4.05
20130424	3.96
20130425	4.08
20130426	3.09
20130429	4.02
20130430	4.05
20130502	3.9
20130503	3.96
20130506	3.97
20130507	3.98
20130508	4.01
20130509	4.02
20130510	3.96
20130513	4.02
20130514	3.99
20130515	4
20130516	4
20130517	4.02
20130520	4.02
20130521	3.7
20130522	3.6
20130523	3.8
20130524	3.85
20130527	4.4
20130528	3.97
20130529	4
20130530	4.02
20130531	4.03
20130603	4.04
20130604	3.98
20130605	3.98
20130606	3.98
20130607	4
20130610	3.95
20130611	4.03
20130612	3.95
20130613	3.95
20130614	4.03
20130617	3.92
20130618	4.02
20130619	4.02
20130620	4
20130621	3.95
20130624	4
20130625	3.99
20130626	3.99
20130627	4.05
20130628	3.99
20130701	3.97
20130702	3.94
20130703	3.94
20130704	4
20130705	3.98
20130708	4
20130709	4.01
20130710	4
20130711	3.99
20130712	3.9
20130715	4.01
20130716	3.97
20130717	3.95
20130718	4
20130719	4
20130722	3.9
20130723	3.97
20130724	4.09
20130725	4.02
20130726	3.98
20130729	4
20130730	4
20130731	3.95
20130801	3.95
20130802	4
20130805	4
20130806	4.01
20130807	4
20130808	3.9
20130809	3.92
20130812	3.97
20130813	4
20130814	3.95
20130815	4.01
20130816	3.99
20130819	4
20130820	4
20130821	4
20130822	3.95
20130823	3.99
20130826	4.02
20130827	3.96
20130828	3.95
20130829	4
20130830	3.98
20130902	4.03
20130903	3.96
20130904	3.95
20130905	4.01
20130906	3.73
20130909	3.73
20130910	3.8
20130911	3.75
20130912	3.76
20130913	3.76
20130917	3.75
20130918	3.68
20130919	3.73
20130920	3.7
20130923	3.76
20130924	3.9
20130925	3.75
20130926	3.75
20130927	3.6
20130930	3.82
20131001	3.75
20131002	3.7
20131003	3.77
20131004	3.75
20131007	3.65
20131008	3.8
20131009	3.76
20131010	3.75
20131011	3.76
20131014	3.78
20131015	3.75
20131016	3.8
20131017	3.74
20131018	3.78
20131021	3.78
20131022	3.75
20131023	3.76
20131024	3.74
20131025	3.53
20131028	3.5
20131029	3.54
20131030	3.52
20131031	3.5
20131101	3.52
20131104	3.52
20131105	3.54
20131106	3.51
20131107	3.54
20131108	3.5
20131111	3.57
20131112	3.55
20131113	3.5
20131114	3.55
20131115	3.59
20131119	3.59
20131120	3.5
20131121	3.47
20131122	3.45
20131125	3.47
20131126	3.53
20131127	3.5
20131128	3.58
20131129	3.55
20131202	3.51
20131203	3.52
20131204	3.53
20131205	3.56
20131206	3.5
20131209	3.62
20131210	3.52
20131211	3.9
20131213	3.75
20131216	3.5
20131217	3.5
20131218	3.65
20131219	3.48
20131220	3.5
20131223	3.58
20131224	3.52
20131226	3.5
20131227	3.5
20131230	3.64
20131231	3.5
20140102	3.54
20140103	3.46
20140106	3.45
20140107	3.42
20140108	3.45
20140109	3.44
20140110	3.47
20140113	3.45
20140114	3.45
20140115	3.55
20140116	3.5
20140117	3.5
20140120	3.49
20140121	3.43
20140122	3.52
20140123	3.48
20140124	3.5
20140127	3.48
20140128	3.4
20140129	3.46
20140130	3.48
20140131	3.52
20140204	3.47
20140205	3.46
20140206	3.45
20140207	3.47
20140210	3.48
20140211	3.47
20140212	3.45
20140213	3.47
20140214	3.47
20140217	3.5
20140218	3.47
20140219	3.53
20140220	3.5
20140221	3.5
20140224	3.47
20140225	3.52
20140226	3.5
20140227	3.49
20140228	3.5
20140303	3.47
20140304	3.47
20140305	3.53
20140306	3.45
20140307	3.4
20140310	3.47
20140311	3.5
20140312	3.48
20140313	3.52
20140314	3.45
20140318	3.48
20140319	3.48
20140320	3.45
20140321	3.5
20140324	3.46
20140325	3.47
20140326	3.6
20140327	3.48
20140328	3.53
20140331	3.5
20140401	3.48
20140402	3.5
20140403	3.51
20140404	3.55
20140407	3.52
20140408	3.51
20140409	3.49
20140410	3.52
20140411	3.47
20140414	3.52
20140415	3.5
20140416	3.45
20140421	3.45
20140422	3.48
20140423	3.5
20140424	3.5
20140425	3.52
20140428	3.7
20140429	3.52
20140430	3.56
20140502	3.48
20140505	3.48
20140506	3.5
20140507	3.51
20140508	3.47
20140509	3.49
20140512	3.51
20140513	3.49
20140514	3.55
20140515	3.52
20140516	3.46
20140519	3.4
20140520	3.53
20140521	3.45
20140522	3.47
20140523	3.48
20140526	3.5
20140527	3.48
20140528	3.5
20140529	3.52
20140530	3.54
20140602	3.47
20140603	3.48
20140604	3.53
20140605	3.48
20140606	3.05
20140609	3.02
20140610	3.01
20140611	3.03
20140612	3.05
20140613	3
20140616	3
20140617	3.01
20140618	3.04
20140619	3
20140620	2.96
20140623	2.98
20140624	2.96
20140625	3.08
20140626	2.98
20140627	2.97
20140630	3
20140701	3.01
20140702	2.99
20140703	2.97
20140704	3
20140707	2.98
20140708	2.97
20140709	3
20140710	3.02
20140711	3.02
20140714	2.99
20140715	2.98
20140716	2.95
20140717	2.9
20140718	3
20140721	2.98
20140722	2.95
20140723	3
20140724	3
20140725	2.97
20140728	3.02
20140729	3.01
20140730	3.04
20140731	2.9
20140801	3.04
20140804	3
20140805	3
20140806	3
20140807	2.99
20140808	3.07
20140811	3.02
20140812	3.06
20140813	3.06
20140814	2.99
20140815	3
20140818	2.92
20140819	3.04
20140820	2.99
20140821	3.15
20140822	3
20140825	3
20140826	3
20140827	3.01
20140828	3
20140829	3
20140901	2.95
20140902	3
20140903	2.99
20140904	2.99
20140905	3
20140908	3
20140909	3
20140910	2.99
20140911	2.99
20140912	3
20140915	3.07
20140917	2.95
20140918	2.98
20140919	2.9
20140922	2.8
20140923	2.95
20140924	2.95
20140925	2.98
20140926	2.9
20140929	3.1
20140930	2.99
20141001	3.04
20141002	3
20141003	2.99
20141006	2.99
20141007	3
20141008	3.01
20141009	3
20141010	2.99
20141013	2.99
20141014	3.05
20141015	2.99
20141016	2.98
20141017	3
20141020	3
20141021	3.01
20141022	2.9
20141023	2.95
20141024	3
20141027	3.1
20141028	2.96
20141029	3
20141030	3.04
20141031	3.05
20141103	3.1
20141104	2.98
20141105	3
20141106	3
20141107	3
20141110	3
20141111	2.95
20141112	3
20141113	3.02
20141114	3
20141118	3.11
20141119	3.03
20141120	2.92
20141121	3.04
20141124	3
20141125	3.02
20141126	3
20141127	3.02
20141128	2.95
20141201	3.02
20141202	2.97
20141203	2.97
20141204	3
20141205	2.97
20141208	3
20141209	3.03
20141210	3
20141211	3
20141215	3
20141216	3.01
20141217	3.01
20141218	3.05
20141219	2.9
20141222	2.99
20141223	3.1
20141224	2.98
20141226	2.9
20141229	2.98
20141230	3.06
20141231	3
20150102	3.04
20150105	2.98
20150106	2.99
20150107	3
20150108	3.03
20150109	3.03
20150112	2.95
20150113	3.02
20150114	3
20150115	3
20150116	2.98
20150119	2.98
20150120	2.95
20150121	2.8
20150122	2.8
20150123	3.03
20150126	2.95
20150127	2.95
20150128	3.03
20150129	2.9
20150130	3
20150203	3.04
20150204	2.95
20150205	3
20150206	3
20150209	3
20150210	3
20150211	3.09
20150212	2.9
20150213	3.01
20150216	3
20150217	3.06
20150218	3.02
20150219	3.03
20150220	2.9
20150223	3.02
20150224	3.03
20150225	3.02
20150226	3.03
20150227	3
20150302	3.05
20150303	2.98
20150304	2.95
20150305	3
20150306	2.95
20150309	3
20150310	3.09
20150311	3.1
20150312	3.01
20150313	2.9
20150317	3.11
20150318	3.03
20150319	2.98
20150320	3
20150323	3.07
20150324	2.95
20150325	3.04
20150326	3
20150327	3.02
20150330	3
20150331	3.05
20150401	3.12
20150406	3
20150407	3
20150408	2.95
20150409	3
20150410	2.98
20150413	3.02
20150414	3
20150415	2.95
20150416	2.95
20150417	3.02
20150420	3
20150421	3
20150422	2.85
20150423	2.99
20150424	2.95
20150427	2.98
20150428	3
20150429	3
20150430	3.1
20150504	3
20150505	2.65
20150506	2.96
20150507	2.95
20150508	2.98
20150511	2.97
20150512	3
20150513	3
20150514	3.01
20150515	2.9
20150518	2.97
20150519	2.96
20150520	3
20150521	2.85
20150522	3.01
20150525	2.99
20150526	2.99
20150527	3
20150528	3.03
20150529	3.1
20150601	3.02
20150602	3
20150603	3.03
20150604	3.07
20150605	3.13
20150608	3.05
20150609	3
20150610	3
20150611	3
20150612	3.08
20150615	3
20150616	3.07
20150617	3.02
20150618	3.05
20150619	3.05
20150622	3
20150623	3
20150624	2.98
20150625	3.1
20150626	3.15
20150629	3.24
20150630	3.15
20150701	3
20150702	2.97
20150703	3.25
20150706	3.11
20150707	3.02
20150708	2.98
20150709	2.96
20150710	2.95
20150713	3
20150714	2.95
20150715	2.95
20150716	3.2
20150717	2.98
20150720	3.02
20150721	3.06
20150722	2.9
20150723	2.95
20150724	2.97
20150727	3.05
20150728	2.95
20150729	3.04
20150730	3.1
20150731	3.05
20150803	3.07
20150804	2.98
20150805	3
20150806	3.12
20150807	3.03
20150810	3.1
20150811	3.25
20150812	3.1
20150813	2.98
20150814	3
20150817	3
20150818	3
20150819	3
20150820	3.05
20150821	3.03
20150824	2.95
20150825	3
20150826	3.01
20150827	2.98
20150828	3.08
20150831	3.1
20150901	3
20150902	3
20150903	3.01
20150904	3
20150907	2.95
20150908	3
20150909	3
20150910	3
20150911	3.03
20150914	3.04
20150915	2.98
20150917	2.92
20150918	2.95
20150921	2.85
20150922	2.95
20150923	2.93
20150924	2.96
20150925	3.05
20150928	2.95
20150929	2.95
20150930	2.9
20151001	3.35
20151002	3
20151005	2.99
20151006	3
20151007	2.96
20151008	3
20151009	2.95
20151012	3
20151013	3
20151014	3
20151015	2.99
20151016	3.02
20151019	3
20151020	3.1
20151021	2.95
20151022	3.01
20151023	2.95
20151026	3.1
20151027	3.02
20151028	3.1
20151029	3.11
20151030	3.26
20151103	3.05
20151104	3.01
20151105	3.1
20151106	3.02
20151109	3
20151110	3.2
20151111	3.12
20151112	3
20151113	2.9
20151117	3.18
20151118	2.9
20151119	3.05
20151120	3.03
20151123	3.03
20151124	2.9
20151125	2.93
20151126	3
20151127	2.95
20151130	3.05
20151201	3.25
20151202	3.03
20151203	3.1
20151204	3
20151207	3.7
20151208	3.15
20151209	2.9
20151210	3.15
20151211	3.05
20151214	3
20151215	3.1
20151216	3.45
20151217	3.1
20151218	3.25
20151221	3.2
20151222	3.35
20151223	3.43
20151224	3.15
20151228	3.32
20151229	3.1
20151230	3.25
20151231	3
20160104	3.3
20160105	3.37
20160106	3.33
20160107	3.25
20160108	3.2
20160111	3.26
20160112	3.24
20160113	3.25
20160114	3.18
20160115	3.24
20160118	3.21
20160119	3.23
20160120	3.37
20160121	3.28
20160122	3.26
20160125	3.23
20160126	3.24
20160127	3.3
20160128	3.25
20160129	3.28
20160202	3.29
20160203	3.27
20160204	3.26
20160205	3.25
20160208	3.27
20160209	3.21
20160210	3.23
20160211	3.26
20160212	3.28
20160215	3.24
20160216	3.25
20160217	3.22
20160218	3.82
20160219	3.84
20160222	3.85
20160223	3.78
20160224	3.75
20160225	3.71
20160226	3.81
20160229	3.92
20160301	3.83
20160302	3.74
20160303	3.8
20160304	3.8
20160307	3.78
20160308	3.76
20160309	3.76
20160310	3.75
20160311	3.75
20160314	3.8
20160315	3.75
20160316	3.85
20160317	3.79
20160318	3.84
20160322	3.79
20160323	3.81
20160328	3.8
20160329	3.7
20160330	3.7
20160331	3.81
20160401	3.76
20160404	3.78
20160405	3.73
20160406	3.68
20160407	3.66
20160408	3.67
20160411	3.74
20160412	3.76
20160413	3.72
20160414	3.76
20160415	3.75
20160418	3.76
20160419	3.74
20160420	3.75
20160421	3.76
20160422	3.75
20160425	3.75
20160426	3.86
20160427	3.9
20160428	3.9
20160429	3.99
20160502	4
20160503	3.86
20160504	3.84
20160505	3.85
20160506	3.71
20160509	3.7
20160510	3.8
20160511	3.84
20160512	3.83
20160513	3.85
20160516	3.83
20160517	3.81
20160518	3.75
20160519	3.78
20160520	3.78
20160523	3.74
20160524	3.69
20160525	3.72
20160526	3.75
20160527	3.78
20160530	3.5
20160531	3.95
20160601	3.84
20160602	4
20160603	4.1
20160606	3.75
20160607	3.76
20160608	3.78
20160609	3.75
20160610	3.8
20160613	3.82
20160614	3.8
20160615	3.76
20160616	3.7
20160617	3.74
20160620	3.75
20160621	3.77
20160622	3.75
20160623	3.79
20160624	3.86
20160627	3.83
20160628	3.81
20160629	3.79
20160630	3.92
20160701	4.27
20160704	4.22
20160705	4.26
20160706	4.15
20160707	4.26
20160708	4.25
20160711	4.25
20160712	4.25
20160713	4.23
20160714	4.26
20160715	4.25
20160718	4.25
20160719	4.26
20160720	4.26
20160721	4.26
20160722	4.25
20160725	4.23
20160726	4.23
20160727	4.25
20160728	4.25
20160729	4.36
20160801	4.41
20160802	4.3
20160803	4.26
20160804	4.27
20160805	4.27
20160808	4.29
20160809	4.3
20160810	4.28
20160811	4.27
20160812	4.28
20160815	4.3
20160816	4.28
20160817	4.26
20160818	4.32
20160819	4.26
20160822	4.25
20160823	4.27
20160824	4.27
20160825	4.27
20160826	4.31
20160829	4.26
20160830	4.29
20160831	4.33
20160901	4.32
20160902	4.33
20160905	4.25
20160906	4.3
20160907	4.32
20160908	4.39
20160909	4.25
20160912	4.32
20160913	4.3
20160914	4.31
20160915	4.39
20160919	4.31
20160920	4.28
20160921	4.26
20160922	4.25
20160923	4.25
20160926	4.2
20160927	4.25
20160928	4.25
20160929	4.39
20160930	4.82
20161003	4.75
20161004	4.77
20161005	4.75
20161006	4.76
20161007	4.74
20161010	4.75
20161011	4.75
20161012	4.73
20161013	4.76
20161014	4.76
20161017	4.75
20161018	4.75
20161019	4.78
20161020	4.75
20161021	4.74
20161024	4.76
20161025	4.75
20161026	4.75
20161027	4.75
20161028	4.76
20161031	4.82
20161101	4.79
20161103	4.79
20161104	4.81
20161107	4.78
20161108	4.91
20161109	4.91
20161110	4.8
20161111	4.76
20161114	4.78
20161115	4.75
20161116	4.77
20161117	5.15
20161118	5.3
20161122	5.25
20161123	5.2
20161124	5.22
20161125	5.25
20161128	5.25
20161129	5.26
20161130	5.28
20161201	5.25
20161202	5.26
20161205	5.26
20161206	5.23
20161207	5.26
20161208	5.24
20161209	5.27
20161213	5.28
20161214	5.49
20161215	5.85
20161216	5.85
20161219	5.79
20161220	5.79
20161221	5.75
20161222	5.77
20161223	5.75
20161226	5.78
20161227	5.8
20161228	5.77
20161229	5.77
20161230	5.8
20170102	5.74
20170103	5.77
20170104	5.75
20170105	5.74
20170106	5.76
20170109	5.76
20170110	5.75
20170111	5.74
20170112	5.87
20170113	5.82
20170116	5.89
20170117	5.74
20170118	5.75
20170119	5.81
20170120	5.79
20170123	5.75
20170124	5.76
20170125	5.77
20170126	5.75
20170127	5.76
20170130	5.75
20170131	5.78
20170201	5.78
20170202	5.83
20170203	5.82
20170207	5.78
20170208	5.8
20170209	6.15
20170210	6.28
20170213	6.26
20170214	6.3
20170215	6.27
20170216	6.24
20170217	6.22
20170220	6.23
20170221	6.26
20170222	6.25
20170223	6.26
20170224	6.27
20170227	6.26
20170228	6.29
20170301	6.4
20170302	6.3
20170303	6.31
20170306	6.27
20170307	6.28
20170308	6.29
20170309	6.31
20170310	6.29
20170313	6.34
20170314	6.37
20170315	6.4
20170316	6.23
20170317	6.33
20170321	6.22
20170322	6.29
20170323	6.37
20170324	6.05
20170327	6.24
20170328	6.25
20170329	6.27
20170330	6.46
20170331	6.58
20170403	6.67
20170404	6.77
20170405	6.55
20170406	6.45
20170407	6.46
20170410	6.54
20170411	6.64
20170412	6.6
20170417	6.47
20170418	6.4
20170419	6.53
20170420	6.48
20170421	6.8
20170424	6.68
20170425	6.77
20170426	6.55
20170427	6.48
20170428	6.7
20170502	6.73
20170503	6.52
20170504	6.46
20170505	6.48
20170508	6.45
20170509	6.6
20170510	6.54
20170511	6.53
20170512	6.55
20170515	6.59
20170516	6.5
20170517	6.48
20170518	6.55
20170519	6.76
20170522	6.72
20170523	6.6
20170524	6.74
20170525	6.82
20170526	6.75
20170529	6.8
20170530	6.79
20170531	6.83
20170601	6.82
20170602	6.81
20170605	6.85
20170606	6.83
20170607	6.77
20170608	6.68
20170609	6.74
20170612	6.76
20170613	6.77
20170614	6.79
20170615	6.93
20170616	6.89
20170619	6.76
20170620	6.71
20170621	6.73
20170622	6.91
20170623	6.97
20170626	6.93
20170627	6.9
20170628	6.99
20170629	7
20170630	7.11
20170703	7.15
20170704	6.98
20170705	7
20170706	6.98
20170707	6.95
20170710	6.9
20170711	7.06
20170712	7.03
20170713	7.09
20170714	7.06
20170717	7.01
20170718	7.03
20170719	7.09
20170720	7
20170721	7.04
20170724	6.99
20170725	7.04
20170726	7.07
20170727	7.11
20170728	7.02
20170731	7.12
20170801	7.07
20170802	7.05
20170803	7.03
20170804	7.03
20170807	7.04
20170808	7.04
20170809	6.99
20170810	6.98
20170811	7
20170814	7.02
20170815	7.03
20170816	7
20170817	7
20170818	7.07
20170821	7.08
20170822	7.04
20170823	7.05
20170824	7.01
20170825	6.95
20170828	7.03
20170829	7
20170830	6.9
20170831	7.16
20170901	7.09
20170904	7.04
20170905	7.02
20170906	7.03
20170907	7.04
20170908	7.03
20170911	7.06
20170912	7.11
20170913	7
20170914	7.12
20170915	7.03
20170918	7.02
20170919	7.13
20170920	7.02
20170921	7.2
20170922	6.99
20170925	6.35
20170926	6.9
20170927	6.87
20170928	6.98
20170929	7.07
20171002	7.14
20171003	7
20171004	7.03
20171005	7.03
20171006	7
20171009	7.04
20171010	7.01
20171011	7.08
20171012	7.1
20171013	7.04
20171016	7.02
20171017	6.95
20171018	7.03
20171019	7.06
20171020	6.99
20171023	6.85
20171024	7.06
20171025	7.05
20171026	7
20171027	6.97
20171030	6.92
20171031	6.95
20171101	7.03
20171103	7.14
20171106	7.04
20171107	7
20171108	7.03
20171109	6.95
20171110	7.01
20171113	7
20171114	7.02
20171115	7.01
20171116	7.01
20171117	7
20171121	6.95
20171122	7.02
20171123	6.8
20171124	7
20171127	7.02
20171128	7.01
20171129	6.95
20171130	7.05
20171201	7.12
20171204	6.97
20171205	7.08
20171206	7.02
20171207	7.1
20171208	7.07
20171211	7.11
20171213	7.15
20171214	7.32
20171215	7.3
20171218	7.28
20171219	7.27
20171220	7.28
20171221	7.29
20171222	7.31
20171226	7.27
20171227	7.32
20171228	7.35
20171229	7.35
20180102	7.33
20180103	7.25
20180104	7.39
20180105	7.25
20180108	7.25
20180109	7.28
20180110	7.27
20180111	7.25
20180112	7.27
20180115	7.25
20180116	7.26
20180117	7.22
20180118	7.35
20180119	7.34
20180122	7.24
20180123	7.25
20180124	7.24
20180125	7.26
20180126	7.27
20180129	7.27
20180130	7.25
20180131	7.38
20180201	7.4
20180202	7.41
20180206	7.27
20180207	7.22
20180208	7.35
20180209	7.49
20180212	7.51
20180213	7.51
20180214	7.53
20180215	7.55
20180216	7.51
20180219	7.53
20180220	7.45
20180221	7.5
20180222	7.55
20180223	7.53
20180226	7.52
20180227	7.6
20180228	7.61
20180301	7.63
20180302	7.59
20180305	7.54
20180306	7.6
20180307	7.64
20180308	7.54
20180309	7.47
20180312	7.53
20180313	7.49
20180314	7.58
20180315	7.56
20180316	7.57
20180320	7.5
20180321	7.5
20180322	7.6
20180323	7.45
20180326	7.53
20180327	7.52
20180328	7.58
20180402	7.54
20180403	7.56
20180404	7.5
20180405	7.55
20180406	7.55
20180409	7.49
20180410	7.5
20180411	7.55
20180412	7.68
20180413	7.55
20180416	7.53
20180417	7.5
20180418	7.54
20180419	7.47
20180420	7.5
20180423	7.5
20180424	7.5
20180425	7.5
20180426	7.55
20180427	7.55
20180430	7.6
20180502	7.62
20180503	7.55
20180504	7.51
20180507	7.51
20180508	7.51
20180509	7.51
20180510	7.5
20180511	7.5
20180514	7.63
20180515	7.59
20180516	7.55
20180517	7.69
20180518	7.5
20180521	7.43
20180522	7.55
20180523	7.53
20180524	7.62
20180525	7.58
20180528	7.68
20180529	7.59
20180530	7.57
20180531	7.73
20180601	7.55
20180604	7.58
20180605	7.55
20180606	7.63
20180607	7.55
20180608	7.48
20180611	7.56
20180612	7.52
20180613	7.57
20180614	7.61
20180615	7.51
20180618	7.53
20180619	7.56
20180620	7.55
20180621	7.72
20180622	7.75
20180625	7.74
20180626	7.76
20180627	7.79
20180628	7.81
20180629	7.95
20180702	7.78
20180703	7.7
20180704	7.88
20180705	7.91
20180706	7.82
20180709	7.78
20180710	7.75
20180711	7.76
20180712	7.77
20180713	7.77
20180716	7.79
20180717	7.74
20180718	7.75
20180719	7.77
20180720	7.73
20180723	7.76
20180724	7.75
20180725	7.82
20180726	7.8
20180727	7.9
20180730	7.85
20180731	7.88
20180801	7.83
20180802	7.88
20180803	7.76
20180806	7.84
20180807	7.78
20180808	7.79
20180809	7.88
20180810	7.79
20180813	7.83
20180814	7.82
20180815	7.77
20180816	7.78
20180817	7.76
20180820	7.76
20180821	7.75
20180822	7.75
20180823	7.77
20180824	7.77
20180827	7.78
