DATE 	1	7	30	90	180	270	360	720	1080	1440	1800	2160	2520	2880	3240	3600
20211015	4.79646042	4.79646042	4.80947334	4.949451185	5.054712777	5.118664544	5.197817477	5.297533304	5.333095531	5.45857954	5.655407013	5.901934736	6.168308205	6.458228484	6.779539398	7.136513763
20211014	4.775640272	4.788325308	4.808550243	4.949777713	5.059442929	5.118577036	5.197850979	5.286065321	5.321558276	5.42826222	5.603753017	5.840222667	6.096312717	6.381770611	6.698651243	7.050602463
20211013	4.795785553	4.803414109	4.808250536	4.954770826	5.059333964	5.118559325	5.197837369	5.286147448	5.309715465	5.42825259	5.604172499	5.84060919	6.096663773	6.379366958	6.692923377	7.041125577
20211012	4.766877074	4.782074032	4.810028797	4.949099067	5.049483458	5.117910305	5.192407033	5.286260373	5.303861577	5.434512519	5.60449729	5.851092585	6.119215715	6.398442874	6.706626747	7.048782503
20211011	4.784504195	4.795401768	4.80594379	4.944074223	5.049413927	5.112438947	5.18693168	5.274833454	5.298143712	5.434845739	5.618054215	5.862263752	6.126831903	6.400631351	6.702618127	7.037800122
20211008	4.773803023	4.780204285	4.80594379	4.944074223	5.049413927	5.112438947	5.18693168	5.274833454	5.298143712	5.434810105	5.624520669	5.879866775	6.156808631	6.441247816	6.754882033	7.103193132
20211007	4.774431555	4.787955988	4.80594379	4.944074223	5.049413927	5.112438947	5.18693168	5.274922767	5.286357084	5.429312925	5.611884142	5.866319	6.142677496	6.426339962	6.739083777	7.086387023
20211006	4.784504195	4.795401768	4.80594379	4.944074223	5.050778594	5.122579503	5.192470895	5.286286037	5.297843084	5.4466876	5.637315331	5.893192085	6.170741102	6.455966481	6.77050002	7.119826572
20211005	4.784504195	4.795401768	4.80594379	4.944074223	5.050778594	5.122579503	5.192440534	5.291876821	5.321288204	5.471147551	5.662630049	5.926659234	6.213571738	6.496202806	6.806695708	7.151480515
20211004	4.764358915	4.780509201	4.80594379	4.944215479	5.056871337	5.133474297	5.203300159	5.331803794	5.367879785	5.506813741	5.69936925	5.958086249	6.23885321	6.522542576	6.834934553	7.181864172
20211001	4.791425107	4.791426794	4.804477224	4.944583975	5.056874451	5.132633591	5.19783004	5.326061076	5.368009894	5.507079547	5.69306945	5.94057036	6.20886197	6.495670251	6.813046989	7.165595423
20210930	4.789540515	4.797222206	4.801958686	4.943944225	5.044706605	5.117180026	5.186952618	5.286094066	5.333379403	5.459126561	5.642771432	5.895132113	6.169040255	6.448501803	6.756425446	7.098304042
20210929	4.804649476	4.810295343	4.80594379	4.943931942	5.043669874	5.103567264	5.159898303	5.240612239	5.275375747	5.411645478	5.580695734	5.850673621	6.145701842	6.414268796	6.706954427	7.031677757
20210928	4.794576836	4.802848555	4.80594379	4.943931942	5.043669874	5.104509021	5.16509413	5.240581442	5.275295907	5.411439382	5.606616476	5.87195371	6.159989909	6.439717398	6.746564637	7.087229178
20210927	4.789540515	4.800433381	4.81091493	4.944061939	5.047445279	5.09417678	5.159554915	5.223451843	5.263807937	5.39979495	5.581397396	5.851990765	6.146913749	6.426436791	6.732354192	7.071964676
20210924	4.773803023	4.780204285	4.80594379	4.944074223	5.047451506	5.092645384	5.148531972	5.229186347	5.275476285	5.43669579	5.607292571	5.895908868	6.212432391	6.505227483	6.825084394	7.180431806
20210923	4.776949715	4.787100613	4.799736859	4.944417128	5.048741453	5.105268469	5.170538075	5.246035689	5.310115646	5.485046521	5.684026451	5.988067275	6.320758086	6.637312764	6.984423015	7.370630287
20210922	4.773122112	4.785840698	4.805987747	4.943792733	5.038343004	5.099106419	5.159424052	5.26895112	5.345402593	5.521574655	5.721935085	6.027774412	6.362541918	6.687299084	7.044192663	7.441514038
20210921	4.771913395	4.78544018	4.803408269	4.933592575	5.034086074	5.098241753	5.154465873	5.280505337	5.351248594	5.533611055	5.747814163	6.062655107	6.407014435	6.73775428	7.100994464	7.505534585
20210920	4.768387971	4.781919059	4.799927671	4.934026582	5.050323012	5.11544236	5.175828125	5.308710763	5.403648724	5.581859703	5.811022365	6.136842507	6.493077569	6.829645382	7.198839773	7.610163566
20210917	4.763733404	4.770140053	4.79595056	4.934036818	5.050327164	5.117131064	5.186771503	5.320108936	5.415135709	5.60001735	5.82354053	6.14965709	6.506657162	6.849870677	7.227100805	7.647576046
20210915	4.761337122	4.774046597	4.794340135	4.934276339	5.044920386	5.112574377	5.186875147	5.297413193	5.368348965	5.532673991	5.746358761	6.061300883	6.40575625	6.7365269	7.0997965	7.504367364
20210914	4.769395235	4.78207202	4.802385269	4.944647438	5.054831083	5.116160137	5.18127207	5.308737453	5.391754657	5.569503564	5.77840791	6.098103997	6.448496178	6.770759007	7.123102254	7.515267815
20210913	4.768387971	4.781052615	4.801411221	4.943947296	5.04419291	5.110847128	5.175933863	5.280057746	5.380605756	5.520970812	5.726670588	6.04040361	6.383871961	6.696356028	7.037481733	7.416918002
20210910	4.764358915	4.776978015	4.797516029	4.943957533	5.043682327	5.103575597	5.159903537	5.274679466	5.345417377	5.509038423	5.70855618	6.013845678	6.34796991	6.646503322	6.971625453	7.332942961
20210909	4.776320175	4.780852356	4.799839758	4.943951391	5.043679214	5.10451423	5.165007236	5.257523176	5.321955501	5.484793236	5.683399595	5.980374818	6.304886198	6.605995338	6.935172234	7.301069667
20210908	4.774431555	4.785340555	4.79595056	4.933042904	5.011254112	5.066653309	5.126651498	5.206523455	5.276069658	5.449694292	5.686499782	5.981729966	6.301762069	6.604843273	6.936856849	7.305961395
20210907	4.766877074	4.777038394	4.789744626	4.933062352	5.011263452	5.06581677	5.121221163	5.195127333	5.264596472	5.425686018	5.621802088	5.908668764	6.22153898	6.51436514	6.834625504	7.190432844
20210906	4.758013151	4.77068548	4.791127274	4.93305928	5.010746643	5.063696776	5.137600111	5.206627139	5.258376902	5.425183298	5.621586193	5.908469477	6.221354841	6.514186718	6.834454109	7.190265464
20210903	4.771913395	4.77964477	4.784407843	4.923297223	5.020779796	5.065730304	5.121101815	5.212346245	5.270451345	5.412909021	5.60806525	5.880333008	6.176366166	6.462923722	6.777245585	7.126337418
20210902	4.785081358	4.784715629	4.787151161	4.923286988	5.020942727	5.065727179	5.121099721	5.212345219	5.270450359	5.412908058	5.608064303	5.880333008	6.176366166	6.462923722	6.777245585	7.126336543
20210901	4.776949715	4.784612984	4.789531835	4.933345888	5.019873824	5.060250612	5.115527005	5.212343165	5.276318046	5.431381591	5.634142232	5.907803956	6.205029385	6.493147356	6.809249714	7.160360145
20210831	4.764358915	4.774491392	4.787310007	4.933352029	5.019876937	5.060252695	5.115588773	5.20082488	5.276498424	5.419483873	5.608262208	5.880179141	6.176225563	6.468321852	6.78933982	7.145986248
20210830	4.774431555	4.782066988	4.787097215	4.932926212	5.005423924	5.054930311	5.110190892	5.189766506	5.229859529	5.364691191	5.544811595	5.810153583	6.099055852	6.389271156	6.708670122	7.063465601
20210827	4.764358915	4.777893769	4.79595056	4.933185183	5.015136407	5.060282907	5.115581445	5.206772914	5.252955723	5.400925589	5.582766629	5.860294058	6.163215629	6.455091458	6.775156912	7.13072526
20210826	4.778838336	4.779162741	4.790954443	4.92816648	5.015251599	5.060304784	5.115597149	5.206782154	5.252961637	5.400824467	5.602221863	5.888614986	6.200518267	6.497700938	6.823318069	7.185167612
20210825	4.759322594	4.772863162	4.790954443	4.928025224	5.010771549	5.060344371	5.115687183	5.195279268	5.252882783	5.425974939	5.583330041	5.866512726	6.177615269	6.47087972	6.791822785	7.148387625
20210824	4.764358915	4.775278336	4.785957329	4.923005498	5.011319491	5.065037529	5.116007538	5.206600448	5.276243136	5.450044848	5.647496518	5.931940794	6.242017252	6.541332494	6.869736894	7.234748177
20210823	4.754387	4.76701844	4.787621701	4.934156578	5.037389294	5.088103282	5.148457642	5.251875931	5.333728331	5.546832989	5.775696903	6.074361104	6.399172372	6.719426084	7.071855154	7.464111287
20210820	4.774431555	4.782725123	4.785957329	4.923432338	5.027552279	5.083742447	5.148523597	5.246094204	5.345770247	5.534594345	5.775334238	6.063976883	6.376358276	6.69728665	7.051764996	7.446342332
20210819	4.723452915	4.727241529	4.785957329	4.923432338	5.027552279	5.083742447	5.148584318	5.234565653	5.345821502	5.541145121	5.775686489	6.063963911	6.376345575	6.69727589	7.051752559	7.446329124
20210818	4.739177313	4.754371985	4.782614597	4.923711781	5.027557468	5.082904866	5.143059761	5.240404869	5.339882847	5.547125761	5.802212306	6.085450699	6.390746121	6.703396651	7.0485263	7.432497875
20210817	4.741695474	4.757870969	4.783422806	4.913092972	5.015672933	5.060364165	5.11570184	5.194932282	5.299526605	5.517988197	5.765468372	6.046514757	6.349745147	6.657027923	6.995825479	7.372619397
20210816	4.738572955	4.754751368	4.78033982	4.912269999	4.996636093	5.023950258	5.088180602	5.155384118	5.253674275	5.439512758	5.662955786	5.931410595	6.221426501	6.515212375	6.838894325	7.198564572
20210813	4.760934217	4.771857846	4.782478729	4.901346156	4.983351608	5.027110977	5.077608878	5.14994219	5.224814876	5.378431255	5.585455856	5.850049808	6.136464626	6.4310343	6.755969882	7.117029675
20210812	4.753662779	4.758632754	4.775915145	4.9018078	4.98808695	5.027968351	5.082851817	5.150078725	5.201086869	5.384513017	5.586314705	5.850506776	6.136884617	6.425918582	6.744166921	7.097675069
20210811	4.776043177	4.784334233	4.787449869	4.902594947	4.999223253	5.04029245	5.104684132	5.183909837	5.264804448	5.463103061	5.688029991	5.957623721	6.248934955	6.544344904	6.869878978	7.231648243
20210810	4.761840754	4.772763536	4.783373854	4.902605183	4.999228441	5.038761053	5.093818225	5.161217174	5.230101019	5.408633007	5.60466868	5.851812798	6.118999819	6.403111218	6.717289455	7.066200845
20210809	4.754286275	4.765217124	4.775915145	4.902624631	4.999238819	5.038767304	5.093822414	5.161219227	5.230413475	5.365614771	5.571703868	5.814798348	6.076515703	6.355280219	6.663510548	7.005705727
20210806	4.746731794	4.760286142	4.778450667	4.912317084	4.996638169	5.02318456	5.082717812	5.150106444	5.195579937	5.329396746	5.521168174	5.747579483	5.991040391	6.258678633	6.555227201	6.884245089
20210805	4.748628473	4.750341663	4.780937236	4.911665051	4.988544606	5.032476076	5.08306748	5.132962472	5.178011375	5.329909097	5.509242778	5.741390479	5.992250492	6.260443048	6.556934022	6.885887105
20210804	4.764056735	4.774976439	4.78553674	4.895980454	4.976002126	5.004426512	5.050216408	5.065868976	5.080027018	5.21012968	5.384437066	5.618406625	5.871406522	6.136088729	6.428056974	6.75187343
20210803	4.759322594	4.770247728	4.780863309	4.895805418	4.971281314	5.003677481	5.044613333	5.070742175	5.103381455	5.234422059	5.40953589	5.644505739	5.898643743	6.16212188	6.452550948	6.774653019
20210802	4.76476182	4.773065432	4.77628878	4.895921086	4.97128754	5.003680607	5.044616474	5.070832516	5.091638197	5.234401834	5.409931699	5.648329257	5.906394188	6.178586146	6.479127366	6.812593176
20210730	4.743004917	4.756562749	4.774698335	4.896256825	4.976015617	5.001068898	5.028064784	5.059464112	5.085891747	5.259180561	5.449434932	5.693342974	5.956915398	6.229253826	6.529468657	6.862593941
20210729	4.751145625	4.752169145	4.773405599	4.89628958	4.976016655	5.002753435	5.039081447	5.087714707	5.138068129	5.307051687	5.524849764	5.780205923	6.05524099	6.327988307	6.627634558	6.960160626
20210728	4.755494991	4.766423703	4.777108979	4.901187498	4.975903539	5.001050146	5.028050128	5.070802744	5.10351255	5.246705004	5.435415914	5.713705418	6.016726436	6.26775531	6.538494717	6.838567851
20210727	4.746731794	4.760286142	4.778401715	4.901154745	4.9759025	5.001049105	5.028050128	5.059589355	5.068637613	5.210361779	5.4107129	5.688548049	5.990232148	6.239761406	6.508818145	6.807002002
20210726	4.749249954	4.762800943	4.780887285	4.901091281	4.976581202	5.005690174	5.028050128	5.053912339	5.056929838	5.210338665	5.436976423	5.710173876	6.004910273	6.259955321	6.536329677	6.842712557
20210723	4.731622833	4.750424181	4.783324903	4.892260697	4.986567656	4.999220805	5.017418731	5.031853079	5.010911915	5.138284951	5.335605814	5.610203438	5.908161261	6.158710497	6.42931978	6.729214516
20210722	4.728488228	4.731585822	4.780838333	4.890518534	4.963935983	4.975951908	4.984076658	5.002776082	5.047195372	5.085298018	5.251860058	5.511597418	5.794073531	6.032908244	6.290917615	6.57667782
20210721	4.724672712	4.743481562	4.776512561	4.899435098	4.943455605	4.966985424	4.984605348	4.992435291	5.04685236	5.1521271	5.33591356	5.609828038	5.907813834	6.174516699	6.464534174	6.786181562
20210720	4.751768114	4.762701317	4.773430574	4.90128167	4.976590542	5.007379919	5.03906993	5.07072267	5.103383426	5.240372844	5.448151868	5.707062226	5.986597311	6.261568214	6.563411394	6.898380257
20210719	4.73534971	4.751531136	4.777108979	4.900893726	4.969132094	4.988047858	5.033580967	5.059568824	5.080270477	5.222469446	5.436254878	5.687965947	5.958845753	6.22629879	6.519913341	6.845620464
20210716	4.737867871	4.754046942	4.779595548	4.900535467	4.963038312	4.976322776	5.017284726	5.026319785	5.069215215	5.199338525	5.398798866	5.637893135	5.895154047	6.155751888	6.442410397	6.760277354
20210715	4.741076006	4.743480556	4.783373854	4.900439249	4.966442196	5.003745197	5.044626942	5.076578312	5.091604684	5.23424967	5.409834166	5.637865328	5.884073566	6.135531067	6.412275598	6.719025844
20210714	4.729104673	4.747908374	4.780887285	4.900206892	4.963492855	5.014212866	5.050169298	5.070861259	5.07971456	5.24634289	5.448994618	5.693600657	5.957151249	6.213262047	6.493949671	6.805148562
20210713	4.754286275	4.765217124	4.775915145	4.901218206	4.977951057	5.023375203	5.082829831	5.1560206	5.183891875	5.317001122	5.514813455	5.758726549	6.021824457	6.300519772	6.608493708	6.950378058
20210712	4.756804434	4.767731922	4.778401715	4.901154745	4.977947944	5.021715669	5.072127243	5.138999819	5.160796668	5.293204723	5.477121663	5.718812713	5.980196663	6.24846961	6.544019232	6.871910504
20210709	4.76788434	4.778800465	4.789339023	4.900582552	4.9725256	5.017197527	5.072085367	5.104819668	5.125862592	5.282013895	5.446789262	5.696531558	5.968390482	6.247581122	6.555251182	6.896770822
20210708	4.737047957	4.742027426	4.75941028	4.880489317	4.956091484	4.995661089	5.050133703	5.093628864	5.126383025	5.282324965	5.511909279	5.746488505	5.996889509	6.281235859	6.597261758	6.948203083
20210707	4.739177313	4.750124297	4.760901823	4.880156647	4.949999779	4.984826717	5.039199748	5.070783239	5.126655069	5.29539955	5.51267817	5.767469201	6.041866396	6.313836246	6.612601789	6.944130612
20210706	4.732630098	4.743584207	4.754438142	4.881204812	4.96691438	5.002997209	5.039188232	5.104737541	5.172681864	5.392568102	5.589092942	5.845703508	6.123813005	6.414188102	6.734859362	7.091098162
20210705	4.726586513	4.74016271	4.758415253	4.881104499	4.966909192	5.004677578	5.050202799	5.104681079	5.172523171	5.39236971	5.601981347	5.859783329	6.138432167	6.437866914	6.769460126	7.138040386
20210702	4.7292054	4.742778142	4.761050677	4.891611736	4.977504817	5.017986145	5.077472779	5.12716432	5.207170417	5.403522979	5.639057647	5.892850983	6.16520494	6.460132762	6.786909249	7.150056956
20210701	4.743593159	4.744619713	4.765922914	4.891487881	4.977499628	5.018748719	5.082842394	5.149956562	5.230076376	5.464579441	5.664394145	5.917255698	6.191011635	6.504292381	6.853191787	7.241384998
20210630	4.7292054	4.742778142	4.761050677	4.891611736	4.977504817	5.018752884	5.082724093	5.172529115	5.288741416	5.50059715	5.766786472	6.048755109	6.351803407	6.681647218	7.047883366	7.455814824
20210629	4.727694504	4.741268658	4.759559135	4.891060017	4.967372037	5.013392996	5.077298991	5.161639101	5.218129083	5.488886266	5.717169283	5.987601041	6.279906791	6.610538167	6.978752873	7.388910167
20210628	4.736659154	4.750223923	4.768408485	4.891424418	4.976813662	5.014076395	5.082851817	5.13856968	5.218644589	5.427678602	5.677704873	5.947909663	6.238291698	6.571975715	6.944065079	7.35861196
20210625	4.757308066	4.765619652	4.76895495	4.901395289	4.97659573	5.012506453	5.071838295	5.138613824	5.218527294	5.464754719	5.717403169	6.017658074	6.342714054	6.696168652	7.088985477	7.527194529
20210624	4.743089527	4.748066368	4.765376448	4.880632621	4.960810221	4.997151857	5.060903293	5.127413779	5.207255185	5.440641471	5.691835626	5.990923098	6.314636842	6.654959582	7.031874639	7.451944083
20210623	4.744213633	4.752539471	4.755929683	4.881167962	4.965548676	4.995588165	5.050018543	5.104646175	5.184168848	5.416782472	5.666954592	5.957727531	6.271852465	6.625945395	7.020572529	7.460816662
20210622	4.741292569	4.749621136	4.753046502	4.880062476	4.947140724	4.994208866	5.039298157	5.1162548	5.184195462	5.428854506	5.693063769	5.999870598	6.331687995	6.679118943	7.063901855	7.492943649
20210621	4.741695474	4.752640103	4.763388392	4.88038798	4.957778898	5.003462878	5.039238483	5.11590268	5.219345399	5.453384762	5.731247008	6.062012755	6.420743714	6.786778586	7.191656399	7.643671837
20210618	4.70845576	4.727281781	4.760405308	4.881053319	4.966907117	5.002991999	5.039184044	5.115873936	5.219058569	5.490210482	5.803912012	6.164972491	6.556840015	6.944931985	7.373595703	7.852900733
20210617	4.723452915	4.725175548	4.755929683	4.880578369	4.957788237	5.006538173	5.061038345	5.127110937	5.241983256	5.532924389	5.849181933	6.21978462	6.622782283	7.024634485	7.469118781	7.966620757
20210616	4.729104673	4.74267751	4.760901823	4.880746241	4.962180077	5.006494418	5.06097553	5.132710959	5.259434525	5.563689535	5.888392571	6.264959613	6.674496369	7.083040305	7.535132232	8.041399046
20210615	4.769999593	4.773066439	4.76149824	4.881025682	4.968948408	5.023659606	5.082917771	5.160857869	5.311816911	5.599671609	5.938836416	6.318875408	6.731595106	7.144113363	7.600811791	8.112393795
20210614	4.769395235	4.772462645	4.760901823	4.881334808	4.972995709	5.018059068	5.077405776	5.149660905	5.276832565	5.55053983	5.873708821	6.242421709	6.642767981	7.054658188	7.511777629	8.023831826
20210611	4.779467875	4.777294	4.750958543	4.882280613	4.988722065	5.028827809	5.08847583	5.138139541	5.259043214	5.538340672	5.854515882	6.225516648	6.628963412	7.034267031	7.482958023	7.985300583
20210610	4.773803023	4.77154186	4.745936453	4.871664875	4.969869947	5.026719273	5.07228428	5.149801548	5.259334971	5.525833333	5.847682973	6.222357729	6.629664615	7.035281028	7.483962398	7.986295135
20210609	4.778460611	4.77890311	4.759833866	4.863734036	4.926941583	4.986012247	5.044629036	5.115913974	5.24241695	5.539732303	5.863061754	6.230978023	6.630422972	7.059083562	7.5369616	8.07297194
20210608	4.782489667	4.7829284	4.763737051	4.849248072	4.935106751	4.97493931	5.033588296	5.104697505	5.219336528	5.502947993	5.850742442	6.226629867	6.633681345	7.057016114	7.527555474	8.055088474
20210607	4.780676592	4.781117019	4.761922825	4.843713475	4.923040607	4.95406231	5.017047077	5.093432786	5.219673627	5.515997539	5.851294491	6.262949142	6.712717915	7.150256532	7.634041421	8.176902363
20210604	4.776949715	4.777393626	4.758243421	4.843218053	4.913593793	4.954141485	5.017104657	5.093285984	5.243056651	5.553101586	5.903822485	6.318959756	6.771975609	7.225709374	7.729238588	8.29498645
20210603	4.76876771	4.769397386	4.760778942	4.854904476	4.944454977	4.975615417	5.038889861	5.127180745	5.277447622	5.601357938	5.954997345	6.350925306	6.781411488	7.240322257	7.752575435	8.328451552
20210602	4.764358915	4.764816607	4.745986404	4.881724799	4.966924758	5.008003938	5.071549347	5.20670516	5.358566201	5.672930119	6.056775125	6.467265971	6.91306199	7.357848449	7.851123189	8.40498638
20210601	4.734140993	4.745092685	4.755929683	4.880578369	4.956095635	4.997198735	5.060694957	5.172651279	5.311986446	5.624563978	5.965703116	6.354395673	6.777243266	7.199379459	7.666931809	8.191036649
20210531	4.729104673	4.74267751	4.760901823	4.880451443	4.956089409	4.997193527	5.060752538	5.161316753	5.288746346	5.575141353	5.926477331	6.321160254	6.750163886	7.164924102	7.622739316	8.135610322
20210528	4.759322594	4.762401432	4.750933567	4.875713207	4.956210828	4.998754094	5.07157552	5.195363448	5.347035846	5.648405641	6.030596825	6.432264771	6.867710461	7.284503395	7.74422429	8.259290866
20210527	4.761215244	4.761849968	4.753420137	4.875649744	4.956207714	4.99875201	5.071573426	5.195363448	5.34694615	5.660866754	6.044076101	6.453833132	6.898773917	7.324285154	7.793809868	8.320190325
20210526	4.806462551	4.80425942	4.777582515	4.873856399	4.933183765	4.967038553	5.04406161	5.167160075	5.318359781	5.624911645	5.992526265	6.406089658	6.85638052	7.279459398	7.745418704	8.267685994
20210525	4.783194752	4.78363182	4.76455625	4.873894272	4.92847333	4.967086475	5.044007171	5.184317392	5.336019025	5.624328026	6.004754672	6.419780169	6.87091351	7.310157301	7.796008658	8.341273278
20210524	4.781986035	4.782425239	4.763388392	4.879209818	4.933773217	4.971700459	5.044168395	5.155665401	5.3126843	5.60036598	5.966165213	6.363588802	6.794946639	7.212704893	7.674002404	8.190890416
20210521	4.771913395	4.77236302	4.753395161	4.868890924	4.923869785	4.966385366	5.038775748	5.144529006	5.277646729	5.563730946	5.901003529	6.308241853	6.752821741	7.168842033	7.62662894	8.139465217
20210520	4.76876771	4.769397386	4.760852871	4.868701558	4.926913563	4.98515279	5.038943254	5.150081805	5.289361403	5.563567225	5.887039435	6.30760136	6.76865554	7.189953116	7.652573967	8.170991417
20210519	4.769395235	4.769847213	4.750958543	4.880115704	4.945967007	4.991843014	5.055272997	5.161139153	5.324235353	5.600124249	5.938630933	6.370147652	6.843236329	7.273269609	7.745480871	8.274969409
20210518	4.794576836	4.79000486	4.755543061	4.879988777	4.947137611	4.995742346	5.049829051	5.161049841	5.335798235	5.649716374	6.032122297	6.463355318	6.933558386	7.363034096	7.834892449	8.363963903
20210517	4.764358915	4.764816607	4.745986404	4.881441263	4.956789903	5.00417753	5.076927337	5.229160682	5.440945449	5.75958873	6.147610404	6.593126043	7.080135575	7.50842509	7.977135395	8.502532806
20210514	4.754286275	4.756968297	4.746701704	4.892070308	4.979053169	5.031474937	5.104266414	5.2746692	5.475362049	5.807906718	6.185512411	6.602655641	7.057080191	7.494060552	7.976846777	8.518533753
20210513	4.793036729	4.790763627	4.765003812	4.885339126	4.957750878	5.011564696	5.093373288	5.240649197	5.428744839	5.746583486	6.120667	6.519240814	6.951879513	7.374174646	7.841003955	8.364264291
20210512	4.784504195	4.784940038	4.765824011	4.870342386	4.956301114	4.99722478	5.060412291	5.229376266	5.429578715	5.722502983	6.067387157	6.476601851	6.923477553	7.338963491	7.795928735	8.307809939
20210511	4.784504195	4.784940038	4.765799035	4.865350297	4.95641008	4.99724249	5.060424854	5.22956105	5.406138524	5.672308941	6.06799981	6.44298639	6.846279722	7.283674082	7.772107906	8.320361225
20210510	4.761840754	4.764916233	4.753370186	4.865665565	4.956425646	4.99955417	5.076911634	5.229474817	5.405894077	5.672326277	6.027573338	6.420609764	6.847634962	7.250810104	7.694599637	8.191308858
20210507	4.774431555	4.77487782	4.755830779	4.860022468	4.945715867	4.98954071	5.071689634	5.172526036	5.335883002	5.587194125	5.92443011	6.318526894	6.74767837	7.138633639	7.56714436	8.046294294
20210506	4.748628473	4.747587358	4.740891385	4.856301688	4.956908209	5.000366747	5.082712577	5.178150695	5.335532104	5.599269047	5.937610162	6.310398778	6.714629219	7.113652139	7.554586568	8.048015608
20210505	4.756804434	4.759885625	4.748349094	4.856283263	4.955869402	4.987955141	5.060725317	5.161053947	5.336037752	5.60021189	5.911715938	6.28907698	6.700370176	7.093130986	7.525644402	8.009392739
20210504	4.736659154	4.744993058	4.748471974	4.881356304	4.966920607	5.006467332	5.060895965	5.143621505	5.336236858	5.575714378	5.898464865	6.305137621	6.749881768	7.136143918	7.55731552	8.028038204
20210503	4.759010344	4.758563319	4.750958543	4.881588661	4.9730092	5.019602967	5.087945046	5.235092291	5.393662912	5.672007503	6.014243672	6.428052879	6.88031491	7.28737953	7.733406167	8.232686336
20210430	4.73100538	4.734096597	4.745034334	4.902138421	4.977308678	5.017197527	5.071540972	5.206504976	5.370541092	5.647998264	6.015835427	6.434674753	6.891131429	7.308032485	7.765759293	8.27852126
20210429	4.719032033	4.724768993	4.720511307	4.747263896	4.783146191	4.79645658	4.820313352	4.981208556	5.177035563	5.522098563	5.911762332	6.350718607	6.82923038	7.251683351	7.713979374	8.232021257
20210428	4.719032033	4.724768993	4.720585235	4.763118411	4.79835055	4.813247772	4.868915224	5.01509613	5.19951177	5.532841565	5.922865812	6.347881326	6.80998308	7.248270175	7.731784607	8.274343074
20210427	4.729104673	4.73221578	4.720536283	4.751665369	4.778498023	4.836194764	4.89659664	5.032160028	5.199063291	5.519684157	5.895398763	6.318352627	6.778873358	7.215108546	7.696229197	8.236016198
20210426	4.724068353	4.727184167	4.715490216	4.736232577	4.764480872	4.80350413	4.863740334	4.987079596	5.141487415	5.459588833	5.845538219	6.27358454	6.7392376	7.173005615	7.650530579	8.186157254
20210423	4.698278365	4.703283	4.720511307	4.745203393	4.748733761	4.791191491	4.841806469	4.98161611	5.130117724	5.459981764	5.859683176	6.281746025	6.739532418	7.172652376	7.650178025	8.185804896
20210422	4.600678508	4.635314968	4.712905743	4.715158734	4.746764075	4.800658024	4.842586418	4.958610338	5.141973349	5.472855068	5.899782018	6.332700328	6.801532334	7.245437975	7.735206223	8.285004796
20210421	4.678741471	4.694984864	4.72043738	4.730528063	4.75628976	4.802062326	4.852937243	4.969969502	5.141522899	5.497184043	5.912922302	6.338478707	6.799521245	7.245814528	7.739331184	8.293471272
20210420	4.721550193	4.732515665	4.742810508	4.72996099	4.756262777	4.802044615	4.853044028	4.947137223	5.13007534	5.472945596	5.913740432	6.333293556	6.78557245	7.221106478	7.702207494	8.241971182
20210419	4.736659154	4.744993058	4.747979456	4.773288885	4.817718438	4.857273867	4.918413252	5.037314511	5.227565878	5.587174864	6.001033313	6.446299176	6.93093772	7.366668716	7.844776344	8.381074801
20210416	4.739262931	4.742798269	4.751161345	4.774974752	4.847416283	4.869439616	4.940343977	5.025727445	5.209643461	5.568494271	5.988161953	6.43303133	6.916769391	7.351454238	7.82835824	8.363264457
20210415	4.734140993	4.742477252	4.745591789	4.793903132	4.828096131	4.864683951	4.907958782	5.014532535	5.198507373	5.556899918	5.962381353	6.427313202	6.935583087	7.373241331	7.851314109	8.387571557
20210414	4.734140993	4.742477252	4.745443934	4.763077468	4.813214519	4.852406733	4.886112857	4.969088692	5.175828119	5.53376033	5.937909387	6.386431665	6.875352954	7.30756269	7.78085956	8.311598755
20210413	4.743710002	4.75203631	4.755136459	4.81539358	4.860079144	4.900277988	4.962369972	5.036499403	5.256177874	5.592578627	6.012557222	6.488806514	7.00957787	7.447001486	7.923526989	8.457980489
20210412	4.731622833	4.742577884	4.753050498	4.794302336	4.841079663	4.885037986	4.918910536	4.979949963	5.198418663	5.570039029	5.989976233	6.44219388	6.934613379	7.383193043	7.876400394	8.430181447
20210409	4.732905081	4.734036217	4.75588073	4.870005622	4.948220005	5.008432104	5.071802699	5.183158378	5.435357692	5.779621468	6.216845701	6.683618786	7.192692081	7.642047063	8.13457273	8.687495115
20210408	4.744213633	4.752539471	4.75588073	4.870595215	4.958871669	5.017446509	5.072331391	5.183342136	5.399716891	5.760862867	6.191011121	6.655840101	7.163064596	7.61026433	8.100306764	8.650360126
20210407	4.744213633	4.752539471	4.755978635	4.892329278	4.990723922	5.051557071	5.115635884	5.228591954	5.440019906	5.771362214	6.174064256	6.629322949	7.126956635	7.559027329	8.031323698	8.560849412
20210406	4.753662779	4.75685257	4.767069793	4.908524652	5.019811558	5.100027341	5.192217542	5.342453588	5.544137094	5.879564613	6.288441635	6.728170895	7.207387445	7.637683545	8.109680922	8.638822769
20210405	4.744213633	4.754366954	4.767325544	4.914990723	5.0467562	5.132926327	5.257865244	5.433726243	5.631302752	5.951188799	6.363666142	6.785444909	7.243395622	7.65632912	8.109044194	8.615896941
20210331	4.74824269	4.755830146	4.761271461	4.915142215	5.046763465	5.131244917	5.246917679	5.4223486	5.613609995	5.951784941	6.358053796	6.771475383	7.220034531	7.64005045	8.102477135	8.620553465
20210330	4.73817005	4.748255556	4.761484254	4.915142215	5.044716983	5.115612168	5.235791092	5.416847131	5.596200125	5.914428568	6.297505471	6.729206253	7.20067203	7.617994392	8.074749815	8.58628849
20210329	4.730716295	4.743203817	4.76448432	4.92447129	5.036402375	5.124205701	5.23044451	5.410916548	5.61401609	5.952274174	6.379073334	6.794629689	7.244364436	7.675246353	8.150987297	8.684444512
20210326	4.731811192	4.737650928	4.766258586	4.9244283	5.036399262	5.123360827	5.224937749	5.41085906	5.626183187	5.939741797	6.351226575	6.772213206	7.229246346	7.653530981	8.120366735	8.643531264
20210325	4.742501285	4.752511295	4.765925911	4.9244283	5.036399262	5.123360827	5.224968109	5.405071172	5.626058992	5.965283274	6.365203929	6.78618087	7.244091383	7.666320285	8.130523261	8.650639373
20210324	4.763150198	4.76817068	4.765985852	4.924416017	5.036399262	5.126733026	5.246867428	5.427735092	5.673132568	6.014788721	6.417385348	6.826230964	7.269791028	7.702175153	8.180409894	8.716738868
20210323	4.754286275	4.761693988	4.767622252	4.935548672	5.056458306	5.138170579	5.263124933	5.467697997	5.720090819	6.06375678	6.482888866	6.896250955	7.344165907	7.788181297	8.280380276	8.832843547
20210322	4.788591673	4.786126493	4.761926821	4.935675598	5.056464532	5.135644296	5.246791002	5.433483969	5.661146833	5.989216429	6.390124725	6.797527227	7.239405192	7.675897238	8.159391722	8.701825855
20210319	4.779467875	4.779326772	4.762113638	4.935675598	5.056464532	5.136487086	5.252296716	5.433449064	5.661149791	5.976556925	6.362664313	6.767924371	7.208183903	7.636361142	8.109728883	8.640456871
20210318	4.789540515	4.786901363	4.761899847	4.935675598	5.056464532	5.139017537	5.268725915	5.450545813	5.684555484	6.001046732	6.388430703	6.810365907	7.270244597	7.703966462	8.182186857	8.718495425
20210317	4.759322594	4.764300362	4.76228547	4.924807031	5.042496157	5.134259788	5.236109353	5.393714061	5.578750829	5.864796958	6.230671539	6.642934682	7.092396224	7.513519295	7.977214424	8.496816539
20210316	4.763049472	4.765457634	4.755937675	4.924966713	5.040457977	5.116945629	5.214193284	5.34829691	5.496669253	5.766377384	6.113361579	6.525790385	6.976367257	7.383852008	7.830589892	8.330670583
20210312	4.767761452	4.768064009	4.76114958	4.924832621	5.040450713	5.116941462	5.214129424	5.359677632	5.520250396	5.791035727	6.139206572	6.553102832	7.005398759	7.414908535	7.863973143	8.36672557
20210311	4.75327901	4.758187959	4.756443182	4.924958523	5.039775126	5.108925069	5.192286638	5.319744499	5.473711054	5.729977337	6.088170906	6.492390896	6.932468028	7.330249913	7.76610031	8.25365741
20210310	4.778259159	4.780715497	4.770895053	4.935452454	5.056453117	5.128891566	5.203301206	5.330697135	5.520586508	5.791813885	6.166937798	6.591111851	7.053758304	7.460810162	7.905798124	8.403834142
20210309	4.764358915	4.771879985	4.777359733	4.935295843	5.056445852	5.130571935	5.214179674	5.353386718	5.567381138	5.878826905	6.259630922	6.681456291	7.141312739	7.578511178	8.061027789	8.602374006
20210308	4.759322594	4.766786986	4.772491493	4.935421745	5.05508845	5.124651575	5.235859141	5.399224771	5.613988492	5.952664215	6.351912134	6.787297804	7.262212948	7.708624046	8.201021333	8.753758471
20210305	4.747419756	4.751913538	4.771383576	4.925468275	5.055308456	5.124688038	5.235948129	5.387666449	5.614205339	5.940501659	6.318147176	6.73169595	7.182205758	7.634056098	8.135695215	8.699195439
20210304	4.759322594	4.769522171	4.782187014	4.924889943	5.049882999	5.11843223	5.225003704	5.370688785	5.579000203	5.890860415	6.25872567	6.672363272	7.123450609	7.565133736	8.054100183	8.602922818
20210303	4.769395235	4.777097767	4.781973224	4.924889943	5.049882999	5.116746651	5.214087546	5.353499644	5.567643326	5.853754442	6.225599889	6.656537135	7.127575295	7.552360572	8.018379596	8.540650901
20210302	4.754286275	4.764429173	4.777317775	4.925016869	5.049889225	5.116749777	5.214060327	5.35937171	5.555715747	5.840997669	6.219122069	6.631279663	7.079761838	7.512103638	7.989765129	8.525513243
20210301	4.757610245	4.76779029	4.780531632	4.924932934	5.050567926	5.123081635	5.225083269	5.365057965	5.55546933	5.840665411	6.218759404	6.653449595	7.128472437	7.572104431	8.061032239	8.609808056
20210226	4.758698091	4.763256807	4.782288915	4.925184739	5.054612114	5.119186469	5.23050837	5.364857781	5.578870095	5.903422649	6.299593404	6.731909137	7.203232836	7.651560361	8.146695389	8.702639812
20210225	4.759322594	4.769522171	4.782187014	4.924595146	5.04447207	5.112185798	5.214189097	5.330516456	5.555753202	5.87966092	6.260780472	6.697612402	7.1751792	7.622004658	8.114637088	8.667688617
20210224	4.744213633	4.756729798	4.777786317	4.934706251	5.044259327	5.108783389	5.192155774	5.330992792	5.50859979	5.83589053	6.235556656	6.656852292	7.114798495	7.562209188	8.057566205	8.613801246
20210223	4.756804434	4.766851391	4.780007146	4.934643811	5.044256214	5.111309673	5.208570317	5.348095699	5.52595939	5.854084775	6.23432094	6.654608234	7.112676739	7.553922364	8.041629408	8.588999068
20210222	4.74431436	4.756831436	4.77788422	4.934704204	5.044259327	5.110468967	5.203128465	5.336705737	5.508601761	5.804287516	6.180967232	6.590870858	7.036735269	7.472057389	7.953662676	8.493987037
20210219	4.746110312	4.747264328	4.78033982	4.934643811	5.044256214	5.110466884	5.203127418	5.336615398	5.520360791	5.829373462	6.207701372	6.61903699	7.066575017	7.510152746	8.001814065	8.553779184
20210218	4.729104673	4.746672611	4.783083138	4.933648873	5.034130698	5.1106419	5.20312323	5.348023838	5.54426129	5.816427927	6.192839601	6.603538063	7.050316686	7.480565662	7.955804636	8.488763211
20210217	4.744213633	4.756729798	4.777786317	4.93366218	5.034135887	5.110645026	5.20303529	5.3655497	5.520112402	5.828585674	6.193451314	6.595929954	7.033929546	7.47475242	7.963971061	8.513112598
20210216	4.769395235	4.777097767	4.781973224	4.923303364	5.023527809	5.102400485	5.208553566	5.360013326	5.496507603	5.797383295	6.167301418	6.572422489	7.013102943	7.437369834	7.905832761	8.430965455
20210215	4.769395235	4.777097767	4.781973224	4.923303364	5.024558314	5.110854421	5.203209077	5.34891902	5.431635806	5.728923744	6.115821654	6.519087866	6.956311711	7.382522419	7.853720706	8.382029715
20210212	4.804012886	4.802262876	4.785957329	4.923290058	5.025582593	5.121833598	5.214219458	5.365647225	5.496334125	5.790477149	6.220938241	6.658385404	7.133158629	7.582945518	8.079526592	8.637174578
20210211	4.799613156	4.79982355	4.781332849	4.923303364	5.025074086	5.11718836	5.214416277	5.319847157	5.443515088	5.742043593	6.142965808	6.559506879	7.011453797	7.451425066	7.938153031	8.484416775
20210210	4.799613156	4.79982355	4.781332849	4.923303364	5.025074086	5.11718836	5.214294836	5.342733845	5.472722427	5.79124086	6.222585869	6.644917346	7.101893785	7.54203948	8.028493505	8.574416391
20210209	4.797094996	4.797276547	4.77889823	4.923309506	5.025077198	5.112976498	5.186845833	5.331519429	5.449691288	5.754539375	6.156393004	6.543825349	6.961592068	7.389742351	7.865326522	8.398701923
20210208	4.76845445	4.770432893	4.780937236	4.912956833	5.014955835	5.096713482	5.170705581	5.251474536	5.380284428	5.632698997	5.999487957	6.384587112	6.801438903	7.21300525	7.668145766	8.177934795
20210205	4.781381677	4.78705231	4.78282639	4.912951715	5.013589093	5.084046643	5.1487602	5.223367662	5.310092976	5.584278924	5.936178431	6.309749013	6.714019642	7.130892818	7.593805144	8.112549717
20210204	4.799613156	4.800032865	4.780937236	4.912956833	5.010863911	5.061940358	5.12672583	5.194978479	5.287496517	5.523512344	5.871120914	6.248659827	6.657576735	7.059248531	7.502935402	7.999522958
20210203	4.806462551	4.806874852	4.787698627	4.912939431	5.012902089	5.077709577	5.137742491	5.217959613	5.275266338	5.522747669	5.85759429	6.233805112	6.6420187	7.042729571	7.485298897	7.980597376
20210202	4.797094996	4.800133497	4.788393947	4.912938408	5.012901051	5.077708535	5.137984328	5.171990158	5.2639824	5.499424135	5.819285112	6.200045982	6.614427698	7.01971331	7.467261889	7.968288338
20210129	4.793943267	4.792885962	4.785908376	4.912944549	5.01358598	5.084043518	5.148970629	5.183147085	5.298844523	5.548121571	5.923987902	6.30555195	6.71746216	7.111151658	7.544753271	8.02975158
20210128	4.784504195	4.787555471	4.775964098	4.912969116	5.011900643	5.073072674	5.137822057	5.194509329	5.33422905	5.585193837	5.949434242	6.331687212	6.74524819	7.14089833	7.576759181	8.064353948
20210127	4.789540515	4.789761331	4.771340618	4.912982422	5.011907907	5.073076842	5.137643034	5.228624805	5.392578676	5.683651934	6.054002569	6.434339215	6.845622055	7.244528867	7.684662455	8.177166633
20210126	4.812203957	4.812432772	4.793759702	4.933617142	5.034114094	5.107260326	5.181322322	5.30806812	5.497290224	5.805552022	6.169049418	6.55508549	6.973821875	7.372667535	7.81200406	8.303564805
20210125	4.772316301	4.780611846	4.783845393	4.918265214	5.025663539	5.107497849	5.181335932	5.325360946	5.508924074	5.83022385	6.181852598	6.56045325	6.971338182	7.363522717	7.79546074	8.278508927
20210122	4.695760204	4.699398595	4.771270687	4.923335096	5.024059148	5.103688109	5.186814426	5.319756818	5.485587379	5.755220263	6.088115039	6.457614017	6.858745387	7.258291828	7.700247586	8.194848376
20210121	4.739177313	4.754371985	4.782614597	4.924595146	5.045836736	5.124855762	5.236060148	5.376662483	5.543423471	5.815384927	6.137941489	6.483727036	6.857966164	7.270861476	7.731997733	8.248696097
20210120	4.729104673	4.744184981	4.772877115	4.924848999	5.04584919	5.121491898	5.214172347	5.353759369	5.532035052	5.81646356	6.125716873	6.50706302	6.923766012	7.331792878	7.782635636	8.287455499
20210119	4.724068353	4.741579612	4.778213898	4.935001047	5.050352071	5.126421537	5.246834973	5.410925788	5.590384679	5.864391507	6.17561909	6.574797247	7.012377251	7.43997969	7.912878482	8.44313883
20210118	4.754286275	4.767832555	4.785957329	4.923999412	5.050558587	5.126449665	5.246795191	5.422472817	5.596084801	5.889059481	6.229245501	6.640157646	7.089774646	7.523217289	8.002125776	8.539314556
20210115	4.763733404	4.768696986	4.785957329	4.923999412	5.050558587	5.126449665	5.246734469	5.433922321	5.613757845	5.913864213	6.255470198	6.667851983	7.119189868	7.554741811	8.036088919	8.57609013
20210114	4.737867871	4.753047664	4.781348833	4.924922698	5.051930517	5.13490985	5.241391027	5.422496428	5.590053494	5.901716095	6.243147094	6.654749125	7.105185724	7.53351596	8.00602338	8.535802336
20210113	4.703923072	4.726428419	4.778640481	4.935885436	5.065904081	5.137141314	5.257521857	5.473767168	5.684461846	6.000623942	6.35375766	6.779664669	7.246454432	7.682382898	8.162624187	8.701286732
20210112	4.721550193	4.741644017	4.78573055	4.935695047	5.067259408	5.150650943	5.284938404	5.513867635	5.719630511	5.998871165	6.34398175	6.776884854	7.252343473	7.680154961	8.149465196	8.675474144
20210111	4.698886752	4.72643345	4.793928536	4.946669044	5.088678966	5.173071842	5.312283762	5.559721085	5.748373601	6.034779082	6.395861123	6.825008364	7.295106978	7.731695001	8.212412242	8.751598467
20210108	4.693243051	4.697418152	4.779313823	4.946164411	5.072461746	5.157713078	5.301218943	5.559938722	5.748605233	6.041495509	6.375632254	6.8022137	7.271070079	7.702957845	8.177986423	8.710598888
20210107	4.715506609	4.735407836	4.780143012	4.945537968	5.061635736	5.147745456	5.29591633	5.513917938	5.707402303	6.005194654	6.337625144	6.761851235	7.227961867	7.656653672	8.128011891	8.656404091
20210106	4.744213633	4.760385768	4.785957329	4.924141692	5.057334182	5.145368145	5.279588681	5.490857757	5.707804456	6.025032852	6.386360758	6.799384755	7.250515623	7.685673233	8.166568865	8.70598642
20210105	4.754286275	4.770447987	4.795901608	4.923974846	5.0519108	5.139956168	5.274115422	5.479379509	5.702122074	6.012833698	6.373281073	6.785551493	7.235803929	7.679234212	8.170467376	8.721869331
20210104	4.739177313	4.760586026	4.800922699	4.935018448	5.090251188	5.18155703	5.307012557	5.536249244	5.778268939	6.111719393	6.478047309	6.873560115	7.303981344	7.769690831	8.290630944	8.876512298
20201231	4.737047957	4.74780271	4.799431157	4.935022543	5.090253263	5.181558072	5.307013604	5.536249244	5.778268939	6.111720357	6.478047309	6.873560115	7.303981344	7.769690831	8.290630944	8.876512298
20201230	4.724068353	4.744128627	4.788292047	4.941508062	5.084746859	5.178677587	5.318012468	5.536218446	5.778121088	6.11159901	6.477894857	6.888637289	7.336994212	7.818910586	8.358183382	8.965410765
20201229	4.781986035	4.789582206	4.794655825	4.946900379	5.095453525	5.18946508	5.328990393	5.547750077	5.76577657	6.09826247	6.477791645	6.896886826	7.354197757	7.831584235	8.364290439	8.963850674
20201228	4.760531312	4.770558683	4.783737499	4.94160428	5.084752048	5.181213247	5.334487731	5.547814751	5.765761786	6.098323144	6.464079424	6.874100498	7.321613963	7.789773576	8.312002557	8.899374692
20201224	4.78802962	4.792772248	4.79118322	4.971964207	5.099004771	5.216447874	5.32409503	5.472681041	5.695208592	5.973893081	6.358950522	6.756869074	7.188452193	7.633567483	8.128796022	8.68485501
20201223	4.775616097	4.779982894	4.7997958	4.971755393	5.098994394	5.21643954	5.324089795	5.472677961	5.695206621	5.973892117	6.358948631	6.756868144	7.188452193	7.633565696	8.128795128	8.684853253
20201222	4.774431555	4.784553611	4.797302238	4.946836915	5.096132226	5.194114484	5.329341109	5.490038542	5.718846904	6.011242713	6.405508236	6.817704291	7.265608301	7.717111693	8.218597452	8.781882585
20201221	4.784504195	4.790170904	4.785957329	4.923858155	5.046512324	5.130343788	5.241549111	5.387540179	5.625881572	5.971864868	6.379103625	6.820148561	7.30129807	7.766461451	8.281495655	8.860505181
20201218	4.802937128	4.805672297	4.794752731	4.933947765	5.042236714	5.13672565	5.252486208	5.410411469	5.649134487	6.015144092	6.446062546	6.895874634	7.386011405	7.860816286	8.386920409	8.978764569
20201217	4.787022356	4.795302142	4.798437128	4.933888395	5.04832427	5.147618361	5.263441101	5.433071281	5.696184405	6.090172718	6.553806813	7.019090219	7.525680863	8.024307747	8.578407029	9.20282721
20201216	4.770782237	4.770787119	4.784006236	4.924250193	5.041787361	5.126219434	5.214060327	5.387545312	5.649739687	6.054302357	6.529996738	6.994261905	7.498792887	7.995073903	8.546458849	9.167728006
20201215	4.794576836	4.800233123	4.795901608	4.92244866	5.010791267	5.067097102	5.158889078	5.342534688	5.579887305	5.987196878	6.44525957	6.907338703	7.41027055	7.90953576	8.4648132	9.090691055
20201214	4.842421878	4.837769961	4.8030696	4.932832042	5.023445826	5.097289579	5.175532895	5.353780928	5.579316603	5.992904005	6.437761921	6.910251995	7.426420938	7.924674024	8.477313269	9.100096588
20201211	4.789540515	4.797817949	4.800873747	4.923252184	5.022804485	5.085504075	5.159115212	5.325051944	5.580089367	5.968863953	6.383870376	6.83646595	7.330876579	7.808167221	8.33692189	8.931887524
20201210	4.80369459	4.802510432	4.80582091	4.917202718	5.010805796	5.062051827	5.126272516	5.274141535	5.486552348	5.832482239	6.225355584	6.660433883	7.135101681	7.597298396	8.10928575	8.684820661
20201209	4.779467875	4.790371162	4.800799819	4.907733411	5.008949226	5.084137277	5.148304792	5.314122919	5.515357535	5.868606847	6.2637462	6.693607203	7.162095794	7.632065758	8.154355633	8.741866994
20201208	4.731622833	4.753039613	4.793317134	4.902580616	5.000247531	5.052998875	5.12618667	5.29174747	5.462982047	5.781769105	6.18497551	6.60357235	7.057949197	7.507234477	8.005265886	8.564620614
20201207	4.754286275	4.767832555	4.785859424	4.901848743	4.994165165	5.043402123	5.126242156	5.269091763	5.415970571	5.732496719	6.133121721	6.563697454	7.032200562	7.486806553	7.989973817	8.555292599
20201204	4.769395235	4.782925381	4.800774843	4.901175216	4.989583413	5.043877168	5.126170966	5.286236761	5.439357536	5.76950157	6.172499012	6.597813441	7.060109971	7.522397835	8.035744358	8.612881568
20201203	4.758698091	4.76510844	4.790732661	4.88028255	4.968396315	5.023200186	5.109778408	5.263450678	5.439867127	5.78306154	6.186993387	6.62048112	7.092415271	7.56374588	8.087348456	8.676404392
20201202	4.764358915	4.777893769	4.79540809	4.819962922	4.918716222	4.95102556	5.027534	5.190163794	5.359542012	5.699170781	6.098425951	6.526554165	6.992234621	7.455899754	7.970580761	8.549277707
20201201	4.832349237	4.828949543	4.79052886	4.816789768	4.90055526	4.921674831	4.983850524	5.116296889	5.290396355	5.614744556	6.0224354	6.461617361	6.939475544	7.393984835	7.896033219	8.460065619
20201130	4.799613156	4.802648297	4.790880516	4.911411199	4.990573446	5.056511712	5.147937326	5.34309315	5.53297538	5.892860704	6.316795939	6.789052457	7.305871783	7.795586807	8.337496451	8.947812722
20201127	4.809685797	4.812710516	4.800824794	4.913191237	5.023023454	5.092280766	5.202632229	5.422604219	5.649831356	6.040856993	6.501497553	7.002060028	7.550629416	8.073332953	8.653176578	9.307730156
20201126	4.814082504	4.814683915	4.805869863	4.928696705	5.04028467	5.122785772	5.251890514	5.496720584	5.743495526	6.152033348	6.605684282	7.120185925	7.686203217	8.240348759	8.857819545	9.556512163
20201125	4.827312917	4.825087277	4.7983632	4.918654182	5.04051298	5.116083046	5.208310683	5.41631228	5.685255309	6.104513733	6.541706237	7.043312328	7.594925964	8.140879111	8.749569053	9.437992019
20201124	4.809685797	4.812710516	4.800824794	4.913332493	5.026305918	5.077292871	5.16983141	5.359723829	5.579435869	5.992721985	6.465147539	6.9637859	7.509217515	8.047806344	8.647890958	9.326250528
20201123	4.798706618	4.801742607	4.789936439	4.902588805	4.99973591	5.047263951	5.12082543	5.257183376	5.46294952	5.845290054	6.335721845	6.819788913	7.346205114	7.864420419	8.44093021	9.091703234
20201120	4.869140563	4.861784843	4.788918434	4.890854273	4.976104866	5.007853923	5.071527363	5.189278878	5.369917164	5.760425635	6.246245389	6.724563346	7.244233804	7.747889396	8.306876771	8.937174784
20201119	4.820362795	4.820760091	4.801272357	4.878541409	4.939135371	4.977065556	5.049688765	5.149383727	5.370785537	5.76200699	6.26131927	6.748680725	7.278198232	7.784855989	8.346580229	8.980065684
20201118	4.784504195	4.795401768	4.805623104	4.873143974	4.93314848	4.963180892	5.016986356	5.092850713	5.277802464	5.63935282	6.117159638	6.587502448	7.097791783	7.590013928	8.13565881	8.75040835
20201117	4.778057706	4.786346879	4.789291069	4.868567466	4.932596387	4.957777249	5.011530894	5.081428927	5.278270656	5.602357601	6.09033081	6.544874613	7.035625857	7.509597777	8.034517976	8.62512454
20201113	4.798505165	4.804156774	4.799558034	4.872708945	4.921661411	4.947726285	5.006069151	5.064658632	5.231576565	5.553387616	6.025164394	6.467765579	6.945329195	7.412086189	7.929358759	8.511074156
20201112	4.778838336	4.779852072	4.800626988	4.866512081	4.899460414	4.922262388	4.989476633	5.065203749	5.196707542	5.52906153	5.973067248	6.41129243	6.885451029	7.347894038	7.860128818	8.435990197
20201111	4.769395235	4.782925381	4.800603011	4.860931423	4.888756861	4.910723781	4.973164687	5.031294617	5.15036632	5.493167095	5.935638694	6.364202424	6.827021546	7.284532976	7.791779805	8.3618453
20201110	4.779467875	4.78775573	4.790633757	4.856193186	4.88887828	4.907242197	4.951481034	5.025495437	5.174299346	5.493631293	5.928475314	6.348983423	6.802765119	7.25804169	7.763428188	8.331333024
20201109	4.792058675	4.795101885	4.783078144	4.835827673	4.875783707	4.878313383	4.940409933	4.968890561	5.11673924	5.409073128	5.845194491	6.254072089	6.693810787	7.128581506	7.609955073	8.150023862
20201106	4.802131316	4.805164103	4.793021423	4.835575868	4.877134883	4.887634068	4.940506248	4.968923413	5.104849117	5.421497644	5.832444334	6.253857035	6.710005623	7.147080946	7.629639404	8.171082149
20201105	4.819117816	4.816828388	4.79055983	4.840630397	4.879754212	4.90934344	4.962578308	4.979992052	5.127645666	5.457868797	5.871129436	6.294680175	6.753338805	7.181478922	7.652776437	8.181209149
20201104	4.814722117	4.812510258	4.785661618	4.856907657	4.901058578	4.93240711	4.995472302	5.009836935	5.173700059	5.493708338	5.89509386	6.319468631	6.779932874	7.210136277	7.683811714	8.214994035
20201103	4.82447344	4.822197119	4.795629873	4.864298038	4.951646718	4.995721511	5.050057279	5.115390415	5.288889268	5.632103822	6.075280609	6.508001054	6.976069715	7.416930262	7.903095815	8.448712383
20201030	4.846753113	4.840035193	4.796286232	4.889505171	4.955826853	4.995594416	5.049932697	5.121000703	5.300563529	5.644605382	6.041226844	6.45855576	6.911562518	7.344258531	7.821842675	8.357538501
20201029	4.781355488	4.781679553	4.793219229	4.878747153	4.939826526	4.978502152	5.028279402	5.081388889	5.254444083	5.57774741	5.970242613	6.383596239	6.83195356	7.265019552	7.743496089	8.280228466
20201028	4.811599598	4.814622529	4.802467189	4.855892248	4.891588933	4.930936135	4.984202288	5.059300885	5.220166462	5.566775198	5.959400478	6.379312968	6.835394266	7.27513444	7.761074883	8.30644187
20201027	4.844940038	4.841123028	4.803846841	4.86080552	4.891475816	4.930916342	4.984125863	5.07068674	5.232157123	5.528941148	5.97161658	6.402503428	6.868017067	7.328741914	7.839722506	8.414124992
20201026	4.837385557	4.830934012	4.786465832	4.857433787	4.913231612	4.952530913	5.006010524	5.104624617	5.266491913	5.589641276	6.029759752	6.474770268	6.957327691	7.425511163	7.944045193	8.527229269
20201023	4.812203957	4.809994451	4.783225998	4.866954275	4.902206351	4.941708	4.995087038	5.082036665	5.231584449	5.565774572	5.984820306	6.42984275	6.91372781	7.37898822	7.893734082	8.472514721
20201022	4.744197518	4.752060462	4.786307986	4.86628689	4.891390719	4.930914258	4.984065141	5.082083888	5.243353336	5.603155019	6.038389899	6.494504267	6.990614506	7.468137676	7.996903204	8.591987136
20201021	4.703923072	4.730600633	4.785711569	4.865713674	4.883260834	4.930993433	4.984120628	5.082067462	5.249242708	5.60924256	6.071812074	6.527481072	7.021324184	7.503826681	8.039030115	8.641615278
20201020	4.729104673	4.75313924	4.800626988	4.865333919	4.878518229	4.901892726	4.9459994	5.025294227	5.20927482	5.568042593	6.014682088	6.455001045	6.931646182	7.403461378	7.927101358	8.516224872
20201019	4.731622833	4.753039613	4.793120327	4.854656765	4.863210093	4.893107509	4.945831893	5.014024375	5.197631114	5.568449007	6.015503061	6.455785212	6.932392744	7.404206411	7.927847309	8.516973656
20201016	4.737767144	4.756561742	4.789340022	4.875016136	4.869547751	4.908363139	4.957044328	5.030837786	5.226610764	5.592441872	6.067648501	6.504870865	6.976116893	7.444382656	7.964190412	8.548854864
20201015	4.751145625	4.7535468	4.793120327	4.854068195	4.851038098	4.869488579	4.913144141	4.957583753	5.122607913	5.483815723	5.926086254	6.339014469	6.78351056	7.236539707	7.740074472	8.305830524
20201014	4.759322594	4.772863162	4.790683708	4.864702359	4.865039681	4.90680153	4.946091527	5.031006146	5.215151379	5.56781242	6.027760826	6.454657164	6.914634023	7.377913256	7.892657783	8.47143737
20201013	4.668668831	4.70584711	4.790633757	4.855015024	4.869980501	4.90936636	4.962172106	5.05939841	5.243795901	5.629029715	6.079893009	6.523943047	7.004967886	7.469903873	7.984588731	8.563291307
