DATE 	1	7	30	90	180	270	360	720	1080	1440	1800	2160	2520	2880	3240	3600
20211015	4.939342431	4.945989988	4.971778416	5.045150624	5.148974857	5.209824921	5.258717233	5.380548029	5.478537551	5.663814615	5.895804946	6.185116664	6.49732859	6.83561912	7.199082156	7.589603492
20211014	4.91790207	4.937601265	4.970824167	5.045483466	5.153793219	5.209735854	5.258751126	5.368900338	5.466685657	5.632357406	5.841955263	6.120443576	6.421492829	6.754693384	7.113188343	7.498237784
20211013	4.93864746	4.953160459	4.970514346	5.050573122	5.153682221	5.209717829	5.258737357	5.368983752	5.454519873	5.632347413	5.842392576	6.120848642	6.421862613	6.752149268	7.107106014	7.488159216
20211012	4.908877826	4.931155106	4.972352618	5.044791698	5.143648019	5.209057249	5.253243397	5.369098446	5.448506341	5.638842707	5.842731172	6.131835045	6.445617485	6.772339902	7.121657396	7.496302266
20211011	4.927030042	4.944898334	4.968129755	5.039669697	5.143577192	5.20348845	5.247703892	5.357492462	5.442632541	5.639188457	5.85686437	6.143542218	6.453639923	6.774656263	7.117400713	7.48462263
20211008	4.916010091	4.929227069	4.968129755	5.039669697	5.143577192	5.20348845	5.247703892	5.357492462	5.442632541	5.639151483	5.863605698	6.161989852	6.485215626	6.81764617	7.172898902	7.554167373
20211007	4.916657347	4.937220431	4.968129755	5.039669697	5.143577192	5.20348845	5.247703892	5.357583175	5.430524472	5.633447616	5.850432023	6.14779204	6.470330731	6.801867169	7.156122987	7.536294262
20211006	4.927030042	4.944898334	4.968129755	5.039669697	5.144967307	5.213809603	5.253308007	5.369124513	5.442323713	5.651475555	5.87694423	6.17595453	6.499891263	6.833224941	7.189483389	7.571856858
20211005	4.927030042	4.944898334	4.968129755	5.039669697	5.144967307	5.213809603	5.25327729	5.374802906	5.466408219	5.676855167	5.903335018	6.21102747	6.545006506	6.875812491	7.227918998	7.605520476
20211004	4.906284652	4.929541491	4.968129755	5.039813684	5.151173671	5.224898426	5.264264151	5.415355554	5.514270428	5.713862356	5.941635914	6.243962391	6.571636504	6.90369145	7.257905353	7.637833163
20211001	4.93415712	4.94079944	4.966613697	5.040189305	5.151176842	5.224042748	5.258729942	5.409522845	5.514404084	5.714138156	5.935068325	6.225606071	6.540045511	6.875248818	7.234663309	7.620531523
20210930	4.932216389	4.946775524	4.964010166	5.039537186	5.138782087	5.208313965	5.247725076	5.368929533	5.478829165	5.664382204	5.882632258	6.177987641	6.49809969	6.825324053	7.174537827	7.548967881
20210929	4.947775431	4.960256215	4.968129755	5.039524666	5.137726022	5.194458767	5.220353781	5.322734986	5.419243656	5.615115897	5.817917869	6.131395976	6.473516391	6.789090619	7.122005359	7.478111563
20210928	4.937402737	4.952577275	4.968129755	5.039524666	5.137726022	5.195417296	5.225610485	5.322703706	5.419161639	5.614902052	5.84494044	6.15369711	6.488566586	6.81602633	7.164066799	7.537189887
20210927	4.932216389	4.950086807	4.973268657	5.039657176	5.141571832	5.184901045	5.22000637	5.305305679	5.407360374	5.602819806	5.818649356	6.132776323	6.474792945	6.801969652	7.148976955	7.520956252
20210924	4.916010091	4.929227069	4.968129755	5.039669697	5.141578175	5.183342374	5.208854278	5.311130045	5.419346936	5.641108066	5.845645274	6.178801665	6.543806387	6.885364538	7.247445636	7.636309851
20210923	4.919250521	4.936338391	4.961713358	5.040019232	5.142892177	5.196190269	5.231118214	5.328243423	5.454930969	5.691276719	5.925640929	6.275381945	6.657910223	7.025168301	7.416644723	7.838583832
20210922	4.915308896	4.935039197	4.968175195	5.039382764	5.132299815	5.189918478	5.219873973	5.351517951	5.491180246	5.72917826	5.96516097	6.316994278	6.701922812	7.078075595	7.480113134	7.913967921
20210921	4.914064173	4.934626194	4.965508668	5.028985383	5.1279635	5.189038412	5.214857703	5.363253226	5.497185678	5.741667212	5.992140106	6.353548592	6.748767522	7.131479179	7.540430039	7.982053056
20210920	4.91043373	4.930995301	4.96191061	5.02942778	5.14450323	5.206545352	5.236470244	5.391900643	5.551014842	5.791729942	6.05803514	6.431295596	6.839421298	7.228739999	7.644330367	8.093324825
20210917	4.905640507	4.918849085	4.957799283	5.029438215	5.144507459	5.20826413	5.247541838	5.403477432	5.562815095	5.810570292	6.071085421	6.444725038	6.853725236	7.250147174	7.674340305	8.133112589
20210915	4.903172844	4.922877415	4.956134511	5.029682368	5.138999854	5.203626292	5.247646696	5.380426036	5.514752402	5.740694916	5.990622838	6.352129391	6.74744223	7.130180078	7.539157935	7.980811739
20210914	4.911471	4.93115303	4.964451144	5.040253996	5.149095369	5.207275913	5.241977972	5.391927753	5.538796405	5.77890923	6.024034321	6.390698362	6.792461924	7.166412563	7.56390594	7.992404242
20210913	4.91043373	4.930101846	4.963444225	5.039540317	5.138258811	5.201868282	5.23657722	5.362798621	5.527343456	5.728551713	5.970097768	6.330229439	6.724390616	7.087661802	7.472986903	7.887810301
20210910	4.906284652	4.92590022	4.959417583	5.03955075	5.137738707	5.194467249	5.220359077	5.357336061	5.491195434	5.716170684	5.951213359	6.302397224	6.686573539	7.034895906	7.403055196	7.798503778
20210909	4.918602227	4.929895344	4.96181973	5.03954449	5.137735536	5.195422598	5.225522573	5.339910924	5.467093715	5.69101391	5.924987428	6.267320397	6.641191713	6.992020828	7.364346124	7.764606884
20210908	4.916657347	4.934523462	4.957799283	5.028425083	5.104705759	5.156887397	5.186717444	5.288112015	5.419956491	5.654595294	5.928219396	6.268740565	6.637900943	6.990801442	7.366134985	7.769809185
20210907	4.908877826	4.925962482	4.951383919	5.028444907	5.104715273	5.15603596	5.181223484	5.276537311	5.408170414	5.629684342	5.860771556	6.1921738	6.553398727	6.895036152	7.25757719	7.646945842
20210906	4.899749854	4.919411515	4.952813227	5.028441777	5.104188827	5.153878209	5.197794335	5.288217324	5.401781225	5.62916272	5.860546484	6.191964952	6.553204758	6.894847313	7.257395194	7.646767836
20210903	4.914064173	4.928650111	4.945867036	5.018490967	5.114409081	5.155947954	5.181102738	5.294026051	5.414184958	5.616426948	5.846450798	6.162478461	6.505816366	6.840588726	7.196646388	7.578781073
20210902	4.927624397	4.933879054	4.948702932	5.018480533	5.114575051	5.155944773	5.18110062	5.294025008	5.414183945	5.616425948	5.846449811	6.162478461	6.505816366	6.840588726	7.196646388	7.578780136
20210901	4.919250521	4.93377321	4.951163946	5.028733926	5.113486214	5.150370671	5.175462611	5.294022923	5.420211654	5.635594061	5.87363625	6.191267495	6.536008491	6.872578496	7.230631057	7.614963858
20210831	4.906284652	4.923336077	4.948867138	5.028740187	5.113489385	5.150372792	5.175525103	5.282324141	5.420396951	5.623249005	5.846656128	6.162317207	6.505668259	6.846302301	7.209489064	7.599677377
20210830	4.916657347	4.931147842	4.948647164	5.028306136	5.098766848	5.144955619	5.170063978	5.271092477	5.372486139	5.566396194	5.78050838	6.08893174	6.424382288	6.762632226	7.123827229	7.511917584
20210827	4.906284652	4.926844523	4.957799283	5.028570114	5.108660453	5.150403542	5.175517689	5.288365384	5.396212202	5.603992956	5.820076793	6.141478014	6.491964375	6.832298775	7.194428465	7.583447488
20210826	4.921195401	4.928153055	4.952634564	5.023454372	5.108777793	5.150425808	5.175533576	5.288374768	5.396218277	5.603888031	5.840359022	6.171157819	6.531256754	6.877398172	7.245570015	7.641346326
20210825	4.901098305	4.921657087	4.952634564	5.023310385	5.104214197	5.1504661	5.175624666	5.276691627	5.396137273	5.629984125	5.820664154	6.147995067	6.507132097	6.849009641	7.212125686	7.602231218
20210824	4.906284652	4.924147553	4.947468812	5.0181936	5.104772358	5.155242841	5.175948774	5.288190215	5.4201347	5.654959031	5.887558196	6.216562451	6.57496931	6.923579364	7.2948614	7.694074708
20210823	4.896015684	4.915630156	4.949189352	5.029560291	5.131328319	5.17871938	5.208779076	5.334175185	5.479187608	5.755386272	6.021208077	6.365816254	6.740507158	7.112079966	7.509487483	7.937999844
20210820	4.916657347	4.931826494	4.947468812	5.018628694	5.12130786	5.174280882	5.208845804	5.328302856	5.491557927	5.742687473	6.020829994	6.354933786	6.716476147	7.088646799	7.488154062	7.91910276
20210819	4.864160101	4.874613199	4.947468812	5.018628694	5.12130786	5.174280882	5.208907237	5.316593647	5.49161058	5.749484548	6.021197218	6.354920192	6.716462767	7.088635415	7.48814086	7.919088708
20210818	4.880352915	4.902589447	4.944013272	5.018913539	5.121313146	5.173428385	5.203317952	5.322524366	5.485509967	5.755690052	6.048850586	6.377437941	6.731631445	7.09511384	7.484714953	7.904379321
20210817	4.882946089	4.906197512	4.944848757	5.008089412	5.109206985	5.150486247	5.175639494	5.276339203	5.444053148	5.725456956	6.010544753	6.336633805	6.688443468	7.046035532	7.428752809	7.840699222
20210816	4.879730554	4.902980658	4.941661729	5.007250526	5.089815139	5.11342383	5.147795806	5.236171301	5.396950351	5.644030949	5.903674601	6.216006809	6.553280244	6.895932903	7.262110177	7.655593844
20210813	4.902757936	4.92062043	4.94387282	4.996115468	5.07628292	5.11664084	5.137100219	5.230644096	5.36730391	5.580652866	5.822880333	6.130742232	6.46378646	6.806835827	7.174054071	7.568882384
20210812	4.895269887	4.906983046	4.937087735	4.996586037	5.081106568	5.117513483	5.142404586	5.230782772	5.342928803	5.586963293	5.823775689	6.131221128	6.464228859	6.801421165	7.1615207	7.548298983
20210811	4.918316979	4.933485768	4.949011721	4.997388404	5.092450544	5.130057065	5.164492698	5.265144032	5.408384062	5.668508214	5.929814649	6.243477675	6.582256006	6.926767803	7.295012279	7.690777958
20210810	4.903691478	4.921554355	4.944798153	4.997398838	5.09245583	5.128498396	5.153499482	5.242095765	5.372734214	5.611990162	5.842909848	6.132589815	6.445390074	6.777281036	7.132979962	7.514826482
20210809	4.895911957	4.913772683	4.937087735	4.997418662	5.092466401	5.128504757	5.15350372	5.24209785	5.373055192	5.5673545	5.80854378	6.093799366	6.400639834	6.726655007	7.07587301	7.450490601
20210806	4.888132437	4.908687979	4.939708823	5.007298522	5.089817253	5.112644495	5.142269011	5.230810924	5.337271687	5.529774726	5.755859934	6.02335526	6.310605232	6.624408446	6.960888692	7.321318551
20210805	4.890085615	4.89843348	4.942279306	5.006633882	5.081572759	5.122101487	5.142622776	5.213398298	5.319224003	5.530306341	5.743427616	6.016869301	6.311879882	6.626275964	6.96270113	7.323064825
20210804	4.905973472	4.923836245	4.947034029	4.990646017	5.068796382	5.093552377	5.109386809	5.145253418	5.218567456	5.406023383	5.613316711	5.887984533	6.184590039	6.49465492	6.825848713	7.180542755
20210803	4.901098305	4.918960118	4.942202884	4.990467598	5.063987534	5.092790007	5.103718085	5.150202983	5.242558806	5.431229121	5.639482426	5.915335913	6.213280103	6.522209339	6.851858459	7.204768597
20210802	4.90669956	4.921865663	4.937473979	4.990585501	5.063993877	5.092793188	5.103721263	5.150294738	5.23049529	5.431208137	5.63989506	5.919342889	6.221443963	6.539635699	6.880079524	7.245117536
20210730	4.884294539	4.904848508	4.935829861	4.990927732	5.068810125	5.090134967	5.086975648	5.138748187	5.224592126	5.45691851	5.681077481	5.966516418	6.274659994	6.59326418	6.933536125	7.298292797
20210729	4.892677751	4.900317934	4.934493499	4.990961121	5.068811182	5.091849504	5.098121385	5.167441481	5.278191441	5.506589524	5.75969802	6.057547156	6.378230322	6.697768276	7.037776882	7.402053887
20210728	4.897156681	4.915016879	4.938321857	4.995953742	5.068695955	5.09011588	5.08696082	5.1502645	5.242693476	5.443973888	5.666462549	5.987855876	6.337661384	6.634015531	6.943120747	7.27274132
20210727	4.888132437	4.908687979	4.939658218	4.995920354	5.068694898	5.09011482	5.08696082	5.138875393	5.206867444	5.406264208	5.640709468	5.961491427	6.309753878	6.604385781	6.911607682	7.239171384
20210726	4.89072561	4.911281178	4.942227669	4.995855664	5.069386256	5.094838545	5.08696082	5.133109415	5.19484038	5.406240226	5.668089391	5.984154887	6.325214938	6.625759739	6.940821719	7.277149164
20210723	4.872573394	4.898518571	4.944747548	4.986854338	5.079558941	5.08825396	5.07620486	5.110704476	5.147567474	5.331477391	5.562409757	5.879387747	6.223305293	6.518598614	6.827189661	7.15644525
20210722	4.869345411	4.879092927	4.942177065	4.985078489	5.056505225	5.064570658	5.042472138	5.081171829	5.184840439	5.276498223	5.475104168	5.776050491	6.103132069	6.385445021	6.680222656	6.99422416
20210721	4.865416235	4.891359516	4.937705312	4.994167459	5.035642922	5.055444485	5.043007023	5.070668994	5.184488072	5.345839985	5.562730585	5.878994335	6.222939329	6.535328453	6.864583252	7.217029074
20210720	4.893318784	4.911178446	4.934519317	4.996049735	5.06939577	5.096558383	5.098109734	5.150183171	5.242560831	5.437403648	5.679739877	5.980893936	6.305925155	6.627466884	6.969579355	7.336351149
20210719	4.876411291	4.899660036	4.938321857	4.995654289	5.061798235	5.076882029	5.09255646	5.138854539	5.218817555	5.418827106	5.667337175	5.960881395	6.276693319	6.590136475	6.923389484	7.280241693
20210716	4.879004465	4.902254272	4.940892339	4.995289103	5.055590814	5.064948131	5.076069285	5.105084473	5.207460798	5.394826495	5.628288997	5.908406029	6.209604267	6.515467109	6.841090372	7.189480243
20210715	4.882308168	4.891358478	4.944798153	4.995191024	5.059058174	5.092858928	5.103731854	5.156130573	5.230460863	5.431050251	5.639793382	5.908376888	6.197932746	6.494064678	6.809090718	7.145609714
20210714	4.86998022	4.895924335	4.942227669	4.994954175	5.056053834	5.103513021	5.109339146	5.150323932	5.218246477	5.44359816	5.680618451	5.966786464	6.274908424	6.576337911	6.895819084	7.237200269
20210713	4.895911957	4.913772683	4.937087735	4.995985044	5.070781657	5.112838533	5.142382343	5.236817758	5.325264874	5.516913044	5.74923509	6.035037176	6.343031334	6.668694596	7.017451527	7.391650234
20210712	4.898505131	4.916365882	4.939658218	4.995920354	5.070778486	5.111149444	5.13155436	5.219530254	5.301539824	5.492221933	5.70994111	5.993208225	6.29918309	6.613602853	6.948987135	7.308200863
20210709	4.909915096	4.927779485	4.950964627	4.995337099	5.065255024	5.106550837	5.131511992	5.184814485	5.265653038	5.480610345	5.678319351	5.969857994	6.286747166	6.61266245	6.960914154	7.33463953
20210708	4.878160128	4.889860047	4.920025881	4.974855353	5.048514439	5.084630847	5.109303134	5.173448315	5.266187665	5.480933111	5.746207465	6.022211936	6.316766346	6.648283816	7.005524507	7.389337166
20210707	4.880352915	4.898209338	4.921567758	4.974516251	5.042309133	5.073603521	5.098241073	5.150244689	5.266467129	5.494499283	5.74700904	6.04419931	6.36414232	6.682789234	7.021813834	7.385006142
20210706	4.873610663	4.89146536	4.914885948	4.975584683	5.059539165	5.092097618	5.098229421	5.18473107	5.313749146	5.595321238	5.826672022	6.126187396	6.450459998	6.789005212	7.151637154	7.541304504
20210705	4.867387047	4.887937199	4.918997274	4.97548243	5.059533879	5.093807914	5.10937304	5.184673724	5.313586126	5.595115387	5.840108282	6.140942778	6.465858951	6.814067707	7.188379138	7.591227041
20210702	4.870083947	4.890634167	4.921721636	4.986192829	5.070327095	5.107353499	5.136962526	5.207509287	5.349178259	5.606688003	5.878760609	6.175597061	6.4940598	6.837634677	7.206908084	7.604006529
20210701	4.884900304	4.892533148	4.926758296	4.986066579	5.070321809	5.108129653	5.142395054	5.230658694	5.372708899	5.670040105	5.905174101	6.201172745	6.521243034	6.884374785	7.277292423	7.701132897
20210630	4.870083947	4.890634167	4.921721636	4.986192829	5.070327095	5.108133894	5.142275366	5.253584969	5.43297383	5.70741203	6.011918883	6.338981657	6.690611508	7.072093466	7.484032222	7.929176646
20210629	4.868528043	4.889077625	4.920179759	4.985630442	5.060005356	5.10267855	5.136786702	5.242524303	5.360435785	5.695260832	5.960192584	6.274893342	6.614879896	6.996829108	7.410623691	7.858024286
20210628	4.877759742	4.89831207	4.929327747	4.986001889	5.069623051	5.10337412	5.142404586	5.219093374	5.360965349	5.631751844	5.919050636	6.233297523	6.571045038	6.956013239	7.373789292	7.825802471
20210625	4.899023766	4.91418776	4.929892654	4.996165551	5.069401056	5.101776217	5.131262026	5.219138209	5.360844856	5.670221973	5.960436414	6.306392544	6.681037329	7.087463475	7.527677892	8.00508818
20210624	4.884381669	4.896087253	4.926193389	4.975001428	5.053321173	5.086148165	5.120198905	5.207762656	5.349265338	5.6452021	5.933782054	6.278374794	6.651462462	7.043846321	7.467032825	7.925060156
20210623	4.885539262	4.900699805	4.916427824	4.975547121	5.058147992	5.084556625	5.109186625	5.184638272	5.325549401	5.620446036	5.907843387	6.243586463	6.606395951	7.013136673	7.455031299	7.93449604
20210622	4.882531181	4.89769049	4.913447345	4.97442026	5.039396762	5.083152761	5.098340635	5.19642881	5.325576739	5.632971961	5.935062402	6.287751608	6.66942314	7.069417451	7.501042001	7.968662743
20210621	4.882946089	4.900803575	4.924138241	4.974752057	5.05023332	5.092571581	5.098280262	5.196071173	5.361685272	5.658424521	5.974868721	6.352875421	6.763229127	7.183368253	7.63670247	8.128960495
20210618	4.848716196	4.874654707	4.921054488	4.975430261	5.059531765	5.092092317	5.098225184	5.196041978	5.36139062	5.696634838	6.05062254	6.460775287	6.906584869	7.350763446	7.829900838	8.35147312
20210617	4.864160101	4.872482812	4.916427824	4.974946128	5.050242834	5.095701645	5.120335539	5.207455067	5.384940499	5.740954728	6.097816779	6.51821736	6.976044529	7.435123407	7.93133523	8.472413113
20210616	4.86998022	4.890530398	4.921567758	4.975117244	5.054716574	5.095657111	5.120271988	5.213142844	5.402867691	5.772876601	6.138694166	6.565559915	7.030517061	7.496942207	8.001433852	8.551938996
20210615	4.912093361	4.921866701	4.922184303	4.975402089	5.061611124	5.113128	5.142471314	5.241730829	5.456678629	5.810211552	6.191282264	6.622062651	7.090661475	7.561584113	8.071177895	8.627441122
20210614	4.911471	4.921244084	4.921567758	4.975717193	5.0657339	5.107427721	5.136894739	5.230358404	5.420740205	5.759232486	6.123386245	6.541940602	6.997096273	7.466901562	7.976633975	8.533256452
20210611	4.921843695	4.926226056	4.911288923	4.976681286	5.081753526	5.118388246	5.148094494	5.218656494	5.402465709	5.746574656	6.103377462	6.524224424	6.982555357	7.445318836	7.946030899	8.492278895
20210610	4.916010091	4.920294594	4.906097352	4.965860287	5.062549849	5.116242159	5.131713237	5.23050125	5.402765423	5.733597059	6.096254102	6.520913934	6.983293969	7.446392086	7.94709743	8.493336593
20210609	4.920806425	4.92788533	4.920463762	4.957776102	5.01882094	5.074810165	5.103733973	5.196082642	5.385386021	5.74801861	6.112286598	6.529947847	6.984092771	7.471585544	8.00337642	8.585516417
20210608	4.924955503	4.932036108	4.924498667	4.943010047	5.027138375	5.063540027	5.092563874	5.184690407	5.361676159	5.709851262	6.099443622	6.525391064	6.987524951	7.469397281	7.993388199	8.566497545
20210607	4.923088418	4.930168258	4.922623215	4.937368437	5.014847217	5.042291219	5.075828852	5.173249165	5.362022451	5.723391453	6.100019137	6.563452971	7.070777367	7.568086256	8.106463893	8.696045272
20210604	4.919250521	4.926328788	4.918819644	4.936863436	5.005224236	5.042371803	5.075887106	5.173100063	5.386043167	5.76189056	6.15477997	6.622151045	7.133195897	7.647948234	8.207552212	8.82162639
20210603	4.91082478	4.918083266	4.921440731	4.94877582	5.036660931	5.064228174	5.097927555	5.207525969	5.421372036	5.811961284	6.208130152	6.655650343	7.14313508	7.663415035	8.232333232	8.857216162
20210602	4.906284652	4.91335968	4.90614899	4.976114725	5.059549736	5.097193515	5.130969693	5.288296568	5.504702847	5.886224481	6.314234264	6.777573173	7.281807886	7.787808937	8.336979473	8.9386101
20210601	4.875166568	4.893020865	4.916427824	4.974946128	5.048518667	5.086195878	5.119988129	5.253709047	5.456852788	5.83603984	6.219291005	6.659287216	7.138744527	7.620079717	8.141389663	8.711076927
20210531	4.86998022	4.890530398	4.921567758	4.974816748	5.048512325	5.086190577	5.120046384	5.242196904	5.432978893	5.784758992	6.17839782	6.624457124	7.110220718	7.58361094	8.094462367	8.652131648
20210528	4.901098305	4.910869213	4.911263104	4.969986896	5.048636008	5.087778936	5.130996172	5.276777126	5.49285804	5.860777917	6.286943185	6.740892579	7.234037286	7.710177925	8.223465286	8.783664543
20210527	4.903047334	4.910300557	4.913833588	4.969922205	5.048632837	5.087776816	5.130994054	5.276777126	5.492765898	5.87370755	6.300995436	6.763495815	7.26675768	7.752284357	8.2761194	8.84843044
20210526	4.949642516	4.954032123	4.938811373	4.968094186	5.025179528	5.055498561	5.103159898	5.248131793	5.463399933	5.836400579	6.247254336	6.713461546	7.222102995	7.704839177	8.224733613	8.79259266
20210525	4.925681591	4.932761457	4.925345512	4.968132791	5.020381252	5.055547336	5.103104821	5.265557973	5.481540773	5.835795017	6.260002547	6.727808946	7.237411186	7.737330935	8.278454258	8.870851924
20210524	4.924436868	4.931517262	4.924138241	4.973551116	5.025779974	5.060243492	5.103267934	5.236456993	5.457569673	5.81093203	6.21977274	6.668921445	7.157392207	7.634183829	8.148897809	8.710921414
20210521	4.914064173	4.921141353	4.91380777	4.963032701	5.015691858	5.054833741	5.097812105	5.225146086	5.42157657	5.77291957	6.151841185	6.610918881	7.113020357	7.587757813	8.098592696	8.656231276
20210520	4.91082478	4.918083266	4.921517155	4.962839674	5.018792398	5.073935401	5.097981574	5.230785899	5.433610723	5.772749693	6.137283516	6.610247658	7.12969874	7.610102544	8.126143296	8.689759046
20210519	4.911471	4.918547116	4.911288923	4.974474516	5.038201157	5.080744775	5.114502642	5.242016522	5.469435742	5.810681211	6.191068042	6.675794993	7.208257693	7.698287684	8.224799624	8.800338489
20210518	4.937402737	4.939333178	4.916028154	4.974345135	5.039393591	5.084713552	5.108994913	5.241925809	5.481313962	5.862137932	6.288533505	6.77347488	7.303397572	7.793297615	8.319744315	8.894983154
20210517	4.906284652	4.91335968	4.90614899	4.975825706	5.049225882	5.093298961	5.136410694	5.311103978	5.589328708	5.976141338	6.40893074	6.909472155	7.457793253	7.94718463	8.470789783	9.042349646
20210514	4.895911957	4.9052667	4.906888429	4.986660268	5.071904321	5.121082519	5.164070086	5.357325635	5.624683904	6.026276015	6.448443871	6.919458999	7.433508077	7.93198068	8.470483306	9.059366481
20210513	4.935816752	4.940115599	4.925808177	4.979798935	5.050204778	5.100817688	5.153049332	5.322772522	5.576795368	5.962647114	6.380842034	6.832041825	7.322695954	7.805089167	8.326234021	8.895302613
20210512	4.927030042	4.93411046	4.926656055	4.964512228	5.048727978	5.086222387	5.11970215	5.311322939	5.577651985	5.937661216	6.325297389	6.787356997	7.292779018	7.76782043	8.278369389	8.835264032
20210511	4.927030042	4.93411046	4.926630237	4.959423615	5.048838975	5.086240412	5.119714861	5.31151062	5.553572542	5.885579948	6.325936088	6.752128624	7.211463417	7.709300154	8.253074446	8.848612186
20210510	4.903691478	4.913462412	4.913781951	4.959744979	5.048854833	5.088593262	5.136394806	5.311423036	5.55332143	5.885597935	6.283791182	6.728678343	7.212890954	7.674515747	8.170769673	8.711366414
20210507	4.916657347	4.923734551	4.916325583	4.95399277	5.037945334	5.078401468	5.131111623	5.253581841	5.481401041	5.797264932	6.176263579	6.62169741	7.107602622	7.555784177	8.035426998	8.557145036
20210506	4.890085615	4.89559331	4.900882028	4.950200048	5.049346394	5.08942031	5.142263715	5.259294642	5.481040574	5.809793855	6.190003881	6.613179306	7.072790623	7.529342872	8.022092083	8.558975627
20210505	4.898505131	4.908274976	4.908591413	4.950181267	5.048288215	5.076787662	5.120018844	5.241929979	5.481560011	5.810772146	6.163008954	6.590834459	7.057771001	7.507622542	7.991358871	8.517900636
20210504	4.877759742	4.892918133	4.90871844	4.975739105	5.059545507	5.095629544	5.120191491	5.224224363	5.481764546	5.785353562	6.14919461	6.607665705	7.109923549	7.553148969	8.024989909	8.537729884
20210503	4.900776751	4.906911446	4.911288923	4.975975954	5.065747642	5.108999116	5.14755749	5.317128538	5.540756702	5.885267175	6.269894901	6.73647859	7.247314061	7.713222125	8.211977696	8.755370912
20210430	4.871937547	4.881681975	4.905164791	4.996923052	5.070127299	5.106550837	5.13096122	5.288093246	5.517004312	5.860355223	6.271554318	6.743418192	7.258707534	7.73508195	8.246332956	8.804115841
20210429	4.859607525	4.872063584	4.879814186	4.839053971	4.872344001	4.881878624	4.876790114	5.059266331	5.318221578	5.729721866	6.163057325	6.655433728	7.193504655	7.675440015	8.191348697	8.7546636
20210428	4.859607525	4.872063584	4.879890609	4.855215039	4.887831896	4.898968857	4.925961425	5.093684938	5.341310748	5.74086879	6.174632782	6.652460307	7.173230695	7.671827399	8.210255782	8.799672388
20210427	4.86998022	4.879742524	4.879840005	4.843540548	4.867609152	4.922324521	4.953967168	5.111016235	5.340850038	5.727216681	6.145998178	6.621514789	7.140461575	7.636727945	8.172500076	8.758912186
20210426	4.864793873	4.87455405	4.874623649	4.827809357	4.853330605	4.889051687	4.920725905	5.065229373	5.281703976	5.664861856	6.09401818	6.574598676	7.098711626	7.592164702	8.123973463	8.705887755
20210423	4.838235625	4.849907765	4.879814186	4.836953627	4.837289836	4.876519768	4.898535053	5.059680271	5.270024215	5.665269561	6.108764405	6.583151752	7.099022162	7.591790818	8.123599089	8.705513014
20210422	4.737728362	4.77982083	4.871951956	4.806328043	4.835283418	4.886154894	4.899324141	5.036313988	5.282203162	5.678626884	6.150567753	6.636550906	7.16432919	7.668829691	8.213889153	8.811011014
20210421	4.818116746	4.841350935	4.879737764	4.821994545	4.844986741	4.887584204	4.90979624	5.047851156	5.281740427	5.703870595	6.1642666	6.642606543	7.162210831	7.669228247	8.218269375	8.820015021
20210420	4.862200699	4.880051757	4.902865917	4.821416506	4.844959256	4.887566179	4.909904276	5.024661084	5.269980676	5.678720816	6.165119509	6.637172595	7.147517995	7.643076362	8.178848328	8.765245247
20210419	4.877759742	4.892918133	4.9082093	4.865582162	4.907560963	4.943779031	4.976039393	5.116251491	5.370129936	5.797244946	6.256122998	6.755600368	7.300637111	7.797144621	8.330239869	8.913180406
20210416	4.880441083	4.890654921	4.911498569	4.867300625	4.937812623	4.956161445	4.998227067	5.104482851	5.351718746	5.777861989	6.242704512	6.741695917	7.285713044	7.781041086	8.312805748	8.894239296
20210415	4.875166568	4.890323896	4.905741058	4.886594993	4.918132184	4.951321085	4.965462434	5.093112511	5.34027896	5.765831705	6.215828037	6.73570342	7.305530271	7.804101311	8.337182213	8.920089631
20210414	4.875166568	4.890323896	4.905588213	4.855173303	4.902973054	4.938825216	4.943360553	5.046956543	5.316981205	5.741822099	6.190315824	6.692860347	7.242087437	7.734584699	8.262367677	8.839293395
20210413	4.885020628	4.900180958	4.915607831	4.908500966	4.950711627	4.98754903	5.020511127	5.11542361	5.399522227	5.802851884	6.268136766	6.800147262	7.383471966	7.882171686	8.413863886	8.994968757
20210412	4.872573394	4.890427666	4.913451475	4.887001915	4.931357837	4.972037613	4.976542503	5.057988015	5.340187831	5.779464828	6.244595912	6.751298092	7.304508831	7.814634562	8.363820932	8.965404773
20210409	4.873893838	4.881619713	4.91637722	4.964168953	5.040496169	5.097629306	5.131226014	5.264380796	5.583588563	5.996927278	6.481109051	7.004306853	7.576353573	8.08861488	8.637969916	9.239055025
20210408	4.885539262	4.900699805	4.91637722	4.964769945	5.051346469	5.106804253	5.1317609	5.264567435	5.546975782	5.977463379	6.454176316	6.975195317	7.54514575	8.0549749	8.601583448	9.199562367
20210407	4.885539262	4.900699805	4.916478429	4.986924246	5.083792715	5.141522303	5.175572766	5.310526338	5.588377924	5.988357487	6.436509079	6.947405842	7.507111771	8.000743838	8.528331446	9.104368713
20210406	4.895269887	4.905147365	4.927943878	5.003432762	5.113422788	5.1908558	5.253051686	5.426172234	5.695334555	6.100628148	6.555748372	7.050996631	7.591832793	8.083996382	8.611537719	9.187292525
20210405	4.885539262	4.902584259	4.92820826	5.010023857	5.140869902	5.224340698	5.319468543	5.518875173	5.784877357	6.174945307	6.634170493	7.111018712	7.629761663	8.10373152	8.610861586	9.162911158
20210331	4.88968834	4.904093067	4.921949871	5.010178278	5.140877302	5.222629342	5.308392711	5.507319237	5.766702091	6.175563863	6.628319578	7.096378917	7.605154481	8.086501589	8.603888131	9.167863315
20210330	4.879315646	4.896282339	4.922169844	5.010178278	5.138792658	5.206718184	5.297135761	5.501731557	5.748817427	6.136802938	6.565197489	7.05208167	7.584759174	8.063156669	8.574444938	9.131422894
20210329	4.871639851	4.891073112	4.925271154	5.019687734	5.130322996	5.215464762	5.291726536	5.49570804	5.767119262	6.176071489	6.650232603	7.120644195	7.630782148	8.123754186	8.655400273	9.235810735
20210326	4.872767364	4.885347113	4.927105296	5.019643912	5.130319825	5.214604842	5.286155255	5.495649651	5.779618175	6.163067914	6.621202147	7.097152141	7.614857659	8.100769868	8.622884803	9.192299951
20210325	4.883775904	4.90067075	4.926761394	5.019643912	5.130319825	5.214604842	5.286185972	5.489771065	5.779490594	6.189569715	6.635773642	7.111789989	7.63049454	8.114306519	8.63366985	9.199859346
20210324	4.905039929	4.916818317	4.926823358	5.019631392	5.130319825	5.218037097	5.308341872	5.512790138	5.827847939	6.240936498	6.690173174	7.153761737	7.65756502	8.152256591	8.686643645	9.270155431
20210323	4.895911957	4.910139714	4.928514982	5.030979301	5.150752937	5.229678348	5.324789857	5.55337928	5.876086817	6.291745686	6.758461084	7.227141373	7.735907083	8.24328856	8.792800572	9.393631473
20210322	4.931239281	4.935333902	4.922627347	5.031108681	5.150759279	5.227107073	5.308264551	5.518629102	5.815535335	6.214402723	6.661753764	7.123680757	7.625558388	8.124443116	8.664324792	9.254295601
20210319	4.921843695	4.928322199	4.922820468	5.031108681	5.150759279	5.227964871	5.313834772	5.518593651	5.815538374	6.201267235	6.63312607	7.092657525	7.592671734	8.082596695	8.611588642	9.189030365
20210318	4.932216389	4.936132928	4.922599463	5.031108681	5.150759279	5.230540388	5.330456463	5.535958314	5.839582377	6.226677828	6.659987733	7.137135459	7.658042771	8.154152581	8.688530577	9.272023506
20210317	4.901098305	4.912827342	4.922998099	5.020029966	5.136530417	5.225697908	5.297457751	5.478235983	5.73089226	6.085305249	6.495522603	6.961670675	7.47070789	7.952576511	8.470873703	9.036270462
20210316	4.904936202	4.914020691	4.916436086	5.020192736	5.134454229	5.208075393	5.275284905	5.432107124	5.646572189	5.983185234	6.373226073	6.838905654	7.348489881	7.815332037	8.315175499	8.859576071
20210312	4.909788548	4.916708321	4.921823877	5.020056051	5.134446829	5.208071152	5.275220295	5.443666188	5.670796427	6.008770698	6.400169672	6.867528586	7.379069943	7.848203377	8.350624636	8.897920157
20210311	4.894874688	4.906524386	4.916958651	5.020184388	5.133758643	5.199911991	5.253121592	5.403107284	5.622987883	5.945416597	6.346964604	6.803903621	7.302249056	7.758597666	8.246695071	8.777673423
20210310	4.920598971	4.929754218	4.93189823	5.030881223	5.150747651	5.22023408	5.26426521	5.414231553	5.671141707	6.009578113	6.429079699	6.90736133	7.430009005	7.896787286	8.395037899	8.937384709
20210309	4.906284652	4.920643259	4.938581073	5.030721584	5.150740251	5.221944376	5.275271135	5.437276693	5.7192125	6.099862703	6.525712978	7.002040601	7.522233631	8.021366232	8.559873749	9.148529666
20210308	4.901098305	4.915391486	4.933548544	5.030849921	5.149357535	5.215918578	5.297204607	5.483833047	5.767090911	6.176476197	6.621916852	7.112960515	7.649582715	8.159082337	8.708530602	9.309525371
20210305	4.888840892	4.900054359	4.932403238	5.020703997	5.149581645	5.21595569	5.297294638	5.472093601	5.767313671	6.163856341	6.586716628	7.054690817	7.565307911	8.08015696	8.639161864	9.251498184
20210304	4.901098305	4.91821194	4.94357126	5.020114481	5.144055011	5.209588469	5.286221984	5.454849889	5.731148436	6.112348657	6.524769251	6.992511286	7.503418729	8.007207078	8.552517431	9.149113322
20210303	4.911471	4.926023705	4.943350254	5.020114481	5.144055011	5.207872873	5.275177928	5.437391387	5.719481839	6.07384755	6.490235367	6.975925795	7.507763427	7.993687503	8.514586327	9.082887822
20210302	4.895911957	4.912960168	4.938537698	5.020243861	5.144061354	5.207876053	5.275150389	5.443355472	5.707228976	6.06061114	6.483482193	6.949456439	7.457399581	7.951078128	8.484201084	9.066789092
20210301	4.899334947	4.916426068	4.941860014	5.020158304	5.144752712	5.214320677	5.286302481	5.449130832	5.706975839	6.06026639	6.48310411	6.972690105	7.508708426	8.0145851	8.559878468	9.156435695
20210226	4.900455198	4.911751254	4.9436766	5.020414978	5.148872316	5.210356141	5.291791145	5.448927511	5.731014779	6.125383213	6.567374177	7.054914238	7.587456574	8.098684095	8.650842773	9.255161247
20210225	4.901098305	4.91821194	4.94357126	5.019813985	5.138543177	5.203230792	5.275280668	5.414048043	5.707267453	6.100728075	6.526911401	7.018971901	7.557906551	8.067401288	8.616800583	9.217991027
20210224	4.885539262	4.905020766	4.939022052	5.030120591	5.138326467	5.199767788	5.252989194	5.414531843	5.65882809	6.055311979	6.500615375	6.97625607	7.494305108	8.004111629	8.556197949	9.160682408
20210223	4.898505131	4.915457899	4.941317828	5.030056945	5.138323296	5.202339064	5.269596056	5.43190276	5.676661115	6.074190302	6.499327132	6.973904344	7.492070176	7.995340561	8.539274925	9.134305565
20210222	4.885642989	4.905125573	4.939123261	5.030118505	5.138326467	5.201483385	5.264090446	5.420334313	5.658830115	6.022520736	6.443705489	6.907108769	7.412077951	7.908691757	8.445864489	9.033261321
20210219	4.887492441	4.89526021	4.941661729	5.030056945	5.138323296	5.201481265	5.264089386	5.420242558	5.670909833	6.048549878	6.471576033	6.93662634	7.443509366	7.949013233	8.496995665	9.096849605
20210218	4.86998022	4.894650045	4.944497626	5.02904277	5.128008956	5.201659398	5.26408515	5.431829773	5.695462137	6.03511761	6.456082528	6.920383764	7.42638381	7.917697215	8.448138997	9.027705836
20210217	4.885539262	4.905020766	4.939022052	5.029056333	5.128014242	5.201662579	5.263996179	5.449630272	5.67065467	6.04773247	6.456720235	6.912410609	7.409122566	7.911544272	8.456810795	9.053601145
20210216	4.911471	4.926023705	4.943350254	5.018497227	5.117208341	5.193271209	5.26957911	5.444007141	5.646406131	6.015356926	6.429458767	6.887775224	7.387185065	7.871977206	8.395074678	8.966238567
20210215	4.911471	4.926023705	4.943350254	5.018497227	5.118258063	5.201875704	5.264172003	5.432738983	5.579765177	5.944323389	6.375790723	6.831881545	7.327364567	7.813924753	8.339737737	8.914195945
20210212	4.947119877	4.951973336	4.947468812	5.018483663	5.119301443	5.213050413	5.275311385	5.449729327	5.646227923	6.008191118	6.48537557	6.977862751	7.513644572	8.026059701	8.579517322	9.185539684
20210211	4.942589084	4.949457964	4.94268827	5.018497227	5.118783453	5.208322447	5.27551051	5.403211551	5.591968425	5.957936527	6.404088705	6.874239907	7.385447953	7.886853771	8.429395045	9.023083446
20210210	4.942589084	4.949457964	4.94268827	5.018497227	5.118783453	5.208322447	5.275387646	5.426456884	5.621972295	6.008983543	6.48709323	6.963748479	7.480712049	7.982763292	8.525326117	9.118797052
20210209	4.93999591	4.946831558	4.940171489	5.018503487	5.118786624	5.204035575	5.24761704	5.415066733	5.598313061	5.970902133	6.418086661	6.857805957	7.332926576	7.82156658	8.352061764	8.931926659
20210208	4.91050219	4.919151054	4.942279306	5.007950641	5.108476513	5.187482923	5.231287683	5.3337675	5.527013365	5.844480724	6.254511953	6.690927283	7.164230776	7.634501734	8.142678745	8.697143256
20210205	4.923814507	4.936288581	4.944232212	5.007945424	5.107084284	5.174590496	5.209085179	5.305220179	5.45490768	5.794240123	6.188511294	6.612498363	7.072148521	7.547591011	8.06373765	8.627606941
20210204	4.942589084	4.949673805	4.942279306	5.007950641	5.104308282	5.15209051	5.186792646	5.276386123	5.431694979	5.731188803	6.120688337	6.548478042	7.01269493	7.471760147	7.967244552	8.507404238
20210203	4.949642516	4.956729091	4.949268873	5.007932903	5.106384469	5.16814057	5.197938383	5.299727382	5.419131264	5.730395378	6.106586726	6.532910582	6.996307025	7.454275898	7.948516636	8.487277081
20210202	4.93999591	4.949777574	4.949987657	5.00793186	5.106383412	5.16813951	5.198183053	5.253037567	5.407539595	5.706194911	6.066649115	6.497531648	6.967244307	7.429914661	7.929363429	8.474186562
20210129	4.936750294	4.942304097	4.947418207	5.00793812	5.107081112	5.174587315	5.209298074	5.264369327	5.443352463	5.756723303	6.175802573	6.608099914	7.075774664	7.526696267	8.011650275	8.539552042
20210128	4.927030042	4.936807429	4.937138339	5.007963162	5.105364346	5.163421088	5.19801888	5.275909623	5.479701983	5.795189435	6.202330577	6.63548918	7.10504282	7.558181208	8.045636823	8.576351278
20210127	4.932216389	4.939082055	4.932358831	5.007976725	5.105371746	5.163425329	5.19783776	5.310559704	5.539642897	5.897349421	6.311343856	6.74306655	7.210770679	7.667867462	8.160217541	8.696326319
20210126	4.955554952	4.962460278	4.95553449	5.029010425	5.127992042	5.198217601	5.242028813	5.391247931	5.647210095	6.023832785	6.431281072	6.869606384	7.345808731	7.803493993	8.295439517	8.830749383
20210125	4.914479081	4.929647336	4.945285604	5.013361661	5.119383898	5.198459353	5.242042583	5.408811743	5.659161219	6.049432239	6.444628485	6.875231693	7.343192551	7.793814789	8.277872432	8.804102725
20210122	4.835642451	4.845902263	4.93228654	5.018529572	5.117749588	5.194581764	5.247585264	5.403119795	5.635188094	5.971608621	6.346906366	6.767458102	7.224594001	7.682434666	8.17676714	8.715130651
20210121	4.880352915	4.902589447	4.944013272	5.019813985	5.139933293	5.216126401	5.29740797	5.460917199	5.694601469	6.034035393	6.39885082	6.794824055	7.223773226	7.695738825	8.210482104	8.772397112
20210120	4.86998022	4.892084864	4.933947181	5.020072746	5.139945978	5.212702629	5.275263722	5.437655183	5.682902471	6.035154582	6.386106563	6.819279727	7.29308287	7.760230794	8.264253666	8.813617314
20210119	4.864793873	4.889398273	4.939464064	5.030421088	5.14453283	5.217720061	5.308309037	5.495717425	5.742843384	6.084884554	6.438130002	6.890263923	7.386420666	7.874739576	8.402556414	8.979184817
20210118	4.895911957	4.916469651	4.947468812	5.019206732	5.144743198	5.217748691	5.308268788	5.5074454	5.748698959	6.11048001	6.494035941	6.9587604	7.467946474	7.962841207	8.497326656	9.081466632
20210115	4.905640507	4.917361031	4.947468812	5.019206732	5.144743198	5.217748691	5.308207355	5.519074323	5.766853974	6.136217366	6.521375392	6.987783535	7.498930717	7.996207895	8.533391571	9.120577051
20210114	4.879004465	4.901223841	4.942704794	5.02014787	5.146140713	5.226359547	5.302801308	5.507469382	5.742503168	6.123612494	6.508528462	6.974051992	7.484179589	7.9737417	8.501465468	9.077731426
20210113	4.844048483	4.873774742	4.939905043	5.031322576	5.160374861	5.228630751	5.319121133	5.559543558	5.839486185	6.226239145	6.623840826	7.104961134	7.632983637	8.131307759	8.667757303	9.253722252
20210112	4.862200699	4.889464686	4.94723438	5.031128506	5.161755462	5.242380978	5.346858903	5.600272417	5.875613956	6.224420464	6.613649364	7.102047939	7.639186793	8.128949637	8.653783976	9.226270849
20210111	4.838862135	4.87377993	4.955709023	5.042314691	5.18357446	5.265201181	5.374524651	5.646844412	5.905140917	6.261678465	6.667733996	7.152480477	7.684231325	8.18350145	8.720626423	9.307228229
20210108	4.833050315	4.84386008	4.940601108	5.041800299	5.167054815	5.249568886	5.363330191	5.647065458	5.905378866	6.268647421	6.646645259	7.128592095	7.658912285	8.153085023	8.684070206	9.263625629
20210107	4.855977082	4.883034091	4.94145828	5.041161744	5.156026918	5.239423747	5.357965451	5.600323508	5.863052265	6.230981707	6.60702255	7.086292992	7.61350466	8.104075034	8.631003059	9.205990058
20210106	4.885539262	4.90879071	4.947468812	5.019351763	5.151645148	5.237004097	5.3414465	5.576901964	5.863465385	6.251565793	6.657829798	7.125627414	7.637261442	8.134790373	8.671946096	9.25872032
20210105	4.895911957	4.919166619	4.957748679	5.019181691	5.146120628	5.231495736	5.335909115	5.565243846	5.857628037	6.238907965	6.644194134	7.111130419	7.621765024	8.127975081	8.676085857	9.275611615
20210104	4.880352915	4.908997211	4.962939217	5.030438825	5.185176	5.273837485	5.369191686	5.623004755	5.935851547	6.341511627	6.753413727	7.203361791	7.69357906	8.22371759	8.803685586	9.440072699
20201231	4.878160128	4.895815376	4.96139734	5.030442999	5.185178114	5.273838545	5.369192745	5.623004755	5.935851547	6.341512625	6.753413727	7.203361791	7.69357906	8.22371759	8.803685586	9.440072699
20201230	4.864793873	4.892026753	4.949882318	5.037053918	5.179569025	5.270906761	5.380320476	5.622973475	5.935699665	6.341386718	6.753254793	7.219162392	7.728352842	8.275813535	8.875418414	9.534615248
20201229	4.924436868	4.938897346	4.956460856	5.042550497	5.190475353	5.281886372	5.391427024	5.634685811	5.923018493	6.327548743	6.753147193	7.227807749	7.74647404	8.289227773	8.881903401	9.532956101
20201228	4.902343028	4.919280766	4.945174069	5.037151997	5.179574311	5.273487579	5.396988771	5.6347515	5.923003305	6.327611699	6.738852105	7.203928108	7.71215221	8.244973885	8.826379744	9.464386611
20201224	4.930660485	4.942186838	4.952871061	5.068098944	5.194092824	5.309349714	5.386474304	5.55844041	5.850526013	6.198503237	6.629254423	7.081071779	7.571887528	8.079639786	8.631835727	9.236247307
20201223	4.917877176	4.928998776	4.961774289	5.067886093	5.194082253	5.309341231	5.386469008	5.558437282	5.850523989	6.198502233	6.629252446	7.081070806	7.571887528	8.079637889	8.631834778	9.236245434
20201222	4.916657347	4.933711986	4.959196577	5.042485806	5.191166711	5.286618579	5.391781848	5.576069911	5.874808979	6.23725716	6.677791203	7.144825938	7.653159183	8.168065963	8.727194393	9.339435047
20201221	4.927030042	4.939504397	4.947468812	5.019062744	5.140621479	5.221712166	5.302961244	5.471965352	5.779308334	6.196398766	6.650264192	7.147387485	7.690752662	8.220299505	8.793984973	9.423049308
20201218	4.946012073	4.955489046	4.956561031	5.029347439	5.136266136	5.228207684	5.314026483	5.495195046	5.803195394	6.241305228	6.720069373	7.226746997	7.779984642	8.320168015	8.905933793	9.548816867
20201217	4.929623216	4.944795602	4.960369766	5.029286922	5.142467214	5.239294388	5.325109729	5.518209948	5.851528438	6.319154826	6.832393596	7.355874611	7.927104131	8.493213207	9.109270314	9.787105004
20201216	4.91289932	4.919516323	4.945451875	5.019462362	5.135808403	5.21751436	5.275150389	5.471970566	5.803817099	6.281935789	6.807571409	7.329854998	7.898781935	8.462271068	9.075345063	9.749777393
20201215	4.937402737	4.949880306	4.957748679	5.017625996	5.104234283	5.157339093	5.219332733	5.426254606	5.73205973	6.212307236	6.719232262	7.238761125	7.805537778	8.371734447	8.988646873	9.667849448
20201214	4.986673037	4.988587354	4.965158569	5.028210144	5.117124828	5.18806928	5.236171555	5.437677079	5.731473464	6.218228942	6.711415906	7.241814194	7.822549637	8.38775733	9.001920496	9.677852133
20201211	4.932216389	4.947389839	4.962888613	5.018445057	5.116471527	5.176073883	5.219561515	5.408497899	5.732267304	6.193285017	6.655233566	7.164487805	7.721908895	8.264442371	8.852841179	9.498963646
20201210	4.9467921	4.952228609	4.968002728	5.012278622	5.104249082	5.152203964	5.186334021	5.356789702	5.63617938	6.051775541	6.489980682	6.980009515	7.515691276	8.041251307	8.611118083	9.236210767
20201209	4.921843695	4.939710898	4.962812191	5.002626221	5.102357892	5.174682743	5.208624436	5.397397611	5.665770131	6.089258384	6.530003189	7.014774533	7.544125265	8.07805031	8.658977059	9.296878909
20201208	4.872573394	4.901215539	4.955076988	4.997373797	5.093493923	5.142989785	5.186247169	5.374671529	5.61196628	5.999155663	6.447884147	6.920419698	7.434423447	7.945924431	8.50066109	9.108379347
20201207	4.895911957	4.916469651	4.947367603	4.996627773	5.087298131	5.13322212	5.186303305	5.351660797	5.563672725	5.948030703	6.393826176	6.87863155	7.407301364	7.924302796	8.484422687	9.098459101
20201204	4.911471	4.932032995	4.962786372	4.995941222	5.082630937	5.133705626	5.186231281	5.369074464	5.58769749	5.986426885	6.434877297	6.914384466	7.436699467	7.961973878	8.533025686	9.159704339
20201203	4.900455198	4.913660612	4.952405295	4.974644588	5.061048735	5.112660399	5.169646661	5.345931314	5.588220979	6.000496692	6.449987792	6.938139768	7.470727953	8.005738117	8.587823236	9.227260162
20201202	4.906284652	4.926844523	4.957238507	4.913158659	5.010442191	5.039200386	5.086438644	5.271495991	5.50570527	5.913451755	6.35765557	6.839706078	7.365203617	7.891589931	8.463829518	9.092062331
20201201	4.976300342	4.979491961	4.952194617	4.90992415	4.991942556	5.009326938	5.042243355	5.196471559	5.4346739	5.825851221	6.278434843	6.77165353	7.309630352	7.826056979	8.384668712	8.99718627
20201130	4.942589084	4.952370773	4.952558141	5.006375121	5.083639432	5.146565184	5.208252665	5.426821819	5.683868443	6.114424153	6.585307943	7.114799351	7.69557033	8.251126822	8.853451301	9.515899916
20201127	4.952961779	4.962746682	4.962838009	5.008189577	5.11669458	5.182971262	5.263588395	5.507578862	5.803911266	6.267984901	6.777860793	7.338027287	7.953383453	8.54510323	9.188666874	9.898668128
20201126	4.95748946	4.964781601	4.968053332	5.023994848	5.13427769	5.214019546	5.313423811	5.582856664	5.900129808	6.383341328	6.886476245	7.461821013	8.096188823	8.721878708	9.405973899	10.16324504
20201125	4.971113994	4.975509288	4.960293344	5.013758149	5.134510257	5.207197448	5.26933338	5.501188325	5.840301288	6.334035045	6.819778649	7.381258927	8.000042794	8.616596491	9.291024463	10.03720018
20201124	4.952961779	4.962746682	4.962838009	5.008333565	5.120038257	5.167716443	5.230403268	5.443713108	5.731595983	6.218040085	6.739965623	7.297916728	7.909762621	8.518084965	9.183054161	9.918364344
20201123	4.941655542	4.951436848	4.951582204	4.997382143	5.092972762	5.137152725	5.180823115	5.3395658	5.611932866	6.065064913	6.605038355	7.147010589	7.73805506	8.323982759	8.963285919	9.668925882
20201120	5.014187647	5.0133509	4.950529845	4.98542072	5.068901037	5.097040829	5.130947451	5.270597208	5.516363368	5.977009708	6.51175846	7.04721598	7.63064455	8.200642179	8.820936768	9.504586586
20201119	4.963956835	4.971047201	4.963300675	4.972869782	5.031242123	5.065704139	5.108852983	5.230076883	5.517255424	5.978650519	6.52747309	7.072490535	7.666420663	8.239768934	8.863097214	9.550200586
20201118	4.927030042	4.944898334	4.967798247	4.967367987	5.025143586	5.051572198	5.075767419	5.17265797	5.421736554	5.851384722	6.377185581	6.903578738	7.476391247	8.033541156	8.639123206	9.305962552
20201117	4.920391517	4.935561158	4.950915055	4.96270299	5.024581197	5.046072319	5.070248039	5.161057199	5.422217514	5.812998532	6.349216325	6.858905569	7.410909365	7.948425843	8.531723408	9.172724599
20201113	4.941448088	4.953926278	4.961528498	4.966924546	5.013442303	5.035842354	5.064722304	5.144024107	5.374250001	5.762187345	6.281279836	6.778096749	7.31579624	7.845216105	8.420056552	9.051433282
20201112	4.921195401	4.928863876	4.962633527	4.960607863	4.990827292	5.009924958	5.047935382	5.144577766	5.338430044	5.736946631	6.226968166	6.718913947	7.252724145	7.77727284	8.346542403	8.971582321
20201111	4.911471	4.932032995	4.962608741	4.9549193	4.979924136	4.998180857	5.031432318	5.110137263	5.290825023	5.699702615	6.187948613	6.669564514	7.191177999	7.710209238	8.273963706	8.892730037
20201110	4.921843695	4.93701393	4.952303055	4.950089448	4.980047819	4.994637267	5.00949461	5.104247208	5.31541074	5.700184266	6.180480735	6.653615286	7.165627728	7.682169912	8.243857588	8.860280572
20201109	4.934809563	4.944589101	4.944492462	4.929330161	4.966709054	4.965193249	4.998293796	5.046755307	5.256280879	5.612446831	6.09365984	6.554149984	7.050861721	7.545144642	8.080886991	8.667460287
20201106	4.945182258	4.95496501	4.954771297	4.929073487	4.968085427	4.97467993	4.99839124	5.046788673	5.244066493	5.625338491	6.080367705	6.553924617	7.067920397	7.564725105	8.101789453	8.689855538
20201105	4.96267477	4.966992928	4.952226633	4.934225747	4.970753602	4.996775933	5.020721904	5.058030764	5.267484741	5.66307715	6.120697218	6.596706502	7.113564994	7.601133148	8.126358301	8.700625497
20201104	4.958148126	4.962540181	4.947163122	4.950817734	4.99245526	5.020250352	5.054001298	5.088343329	5.314795111	5.700264208	6.145680315	6.622684335	7.141577603	7.631465117	8.159314149	8.736555342
20201103	4.968189933	4.97252903	4.957467774	4.95835101	5.043986786	5.084692345	5.109225815	5.19555088	5.433125712	5.843863171	6.333526373	6.820262772	7.348176474	7.850343238	8.392168363	8.985112227
20201030	4.991133296	4.990923205	4.958146283	4.984045533	5.048244873	5.084562986	5.109099772	5.201249083	5.44511835	5.856834774	6.298025063	6.76844504	7.28022843	7.77342488	8.305886981	8.888149812
20201029	4.923787537	4.930748329	4.95497578	4.973079503	5.031946166	5.06716632	5.087192779	5.161016535	5.397741152	5.787463033	6.224023462	6.689888865	7.19637309	7.689555524	8.222692025	8.805931444
20201028	4.954932591	4.964718302	4.964535829	4.949782692	4.982809022	5.01875318	5.042599239	5.138582401	5.362528726	5.776078281	6.212720452	6.685400082	7.199997335	7.700261486	8.241358649	8.833809111
20201027	4.98926621	4.992044953	4.96596204	4.954790964	4.982693795	5.018733034	5.04252192	5.150146678	5.374846392	5.736821722	6.225455834	6.70970324	7.234360246	7.757001549	8.324873278	8.948328917
20201026	4.981486689	4.981538295	4.947994474	4.951354037	5.004855301	5.040732548	5.06466299	5.184616377	5.410117547	5.799804092	6.286070531	6.785437527	7.328434739	7.859425559	8.43565183	9.068614065
20201023	4.955554952	4.959945944	4.944645307	4.961058607	4.993624437	5.029716886	5.05361152	5.161674462	5.374258101	5.775040034	6.239220821	6.73835434	7.282509224	7.810184032	8.382227289	9.010425746
20201022	4.885522666	4.900205863	4.947831302	4.960378317	4.982607111	5.018730914	5.042460486	5.161722425	5.386347943	5.813825933	6.295067524	6.806118386	7.363497084	7.904542987	8.49178089	9.137483336
20201021	4.844048483	4.878077024	4.947214758	4.959794019	4.974325617	5.018811498	5.042516623	5.161705742	5.392397928	5.820142357	6.329910402	6.840677469	7.395844836	7.942317507	8.536514776	9.190262317
20201020	4.86998022	4.901318272	4.962633527	4.959406921	4.96949457	4.989192526	5.00394875	5.104042844	5.351340052	5.777393329	6.270351953	6.764719761	7.301383367	7.836087286	8.417659448	9.056911011
20201019	4.872573394	4.901215539	4.954873538	4.94852332	4.953900963	4.980250849	5.003779282	5.092596388	5.339378803	5.777815023	6.271207823	6.765541558	7.302169751	7.83687586	8.418451566	9.057707328
20201016	4.878900738	4.904847471	4.95096566	4.969276347	4.960356808	4.995778172	5.015123085	5.109673273	5.369148775	5.802709987	6.325569842	6.816982395	7.348226161	7.879399829	8.457043716	9.091612649
20201015	4.892677751	4.901738537	4.954873538	4.947923371	4.94150198	4.95621128	4.970708546	5.035271316	5.262309599	5.689999644	6.17799012	6.643168006	7.145346123	7.659411446	8.21905866	8.833158942
20201014	4.901098305	4.921657087	4.952354692	4.958763149	4.955764669	4.994188752	5.004041958	5.109844271	5.357376873	5.777154502	6.283986637	6.764359379	7.283463777	7.809046246	8.381084379	9.009279991
20201013	4.807744051	4.852551811	4.952303055	4.948888506	4.960797628	4.99679926	5.020310943	5.138681455	5.386802578	5.840673483	6.338334836	6.836969683	7.37861608	7.906412395	8.478704351	9.106965649
