DATE	1	7	30	90	180	270	360	720	1080	1440	1800	2160	2520	2880	3240	3600	5400	7200	9000	10800
20211015	0.049364153	0.0487135	0.047960144	0.048822331	0.048903839	0.048753682	0.048414374	0.046960855	0.047137257	0.047068743	0.046964748	0.046663178	0.046430852	0.046417858	0.046466847	0.046491611	0.046729759	0.0469652	0.047110155	0.047185628
20211014	0.048216149	0.0487135	0.047960144	0.048710353	0.049015492	0.048753682	0.048524657	0.046844115	0.046918993	0.047532928	0.046964134	0.046043359	0.045888085	0.046205564	0.046650284	0.047070754	0.046343732	0.047246621	0.045642785	0.047478506
20211013	0.048216149	0.0487135	0.04818065	0.048822331	0.048680534	0.048641862	0.048524657	0.046841856	0.047265428	0.04812525	0.047469253	0.046269454	0.045817681	0.046525263	0.047312505	0.047482292	0.045992047	0.046260892	0.044066182	0.044970304
20211012	0.048785559	0.0487135	0.04818065	0.048822331	0.048680534	0.048641862	0.048524657	0.046423271	0.046471926	0.046746652	0.046108524	0.045369441	0.044764145	0.045468848	0.046221203	0.045976133	0.044834442	0.044001983	0.04338963	0.042480862
20211011	0.048216149	0.0487135	0.04818065	0.049158265	0.049238797	0.049409095	0.049078477	0.047115487	0.047665761	0.048293609	0.047840811	0.046927187	0.046250516	0.046880708	0.047558143	0.047310554	0.046010405	0.044742019	0.042262161	0.043493771
20211008	0.048216149	0.048670565	0.04818065	0.049270242	0.04935045	0.049610103	0.049302673	0.047364799	0.047865847	0.04821757	0.048177584	0.047027077	0.046934364	0.047364321	0.047720061	0.047617294	0.046044605	0.045444947	0.043917406	0.041237957
20211007	0.048216149	0.048488909	0.04818065	0.049270242	0.049573755	0.049625032	0.049296496	0.047010642	0.047547797	0.047648077	0.047729093	0.046642085	0.047256054	0.047662064	0.047916497	0.047890911	0.047161405	0.046563765	0.045739715	0.042657292
20211006	0.048216149	0.048267613	0.047408878	0.049046287	0.049462102	0.049619977	0.049076051	0.047013705	0.047543098	0.047936711	0.047862588	0.046890815	0.047875021	0.048421661	0.048735158	0.048727911	0.048587139	0.048327924	0.047557198	0.045678706
20211005	0.048216149	0.047643378	0.047408878	0.049046287	0.049562266	0.049602399	0.049075964	0.046983505	0.04770051	0.04836801	0.048665375	0.047597667	0.048981792	0.04924237	0.049155075	0.049320015	0.048850424	0.049203428	0.046788133	0.04964309
20211004	0.048216149	0.047580629	0.047408878	0.049158265	0.049666851	0.049613301	0.049076063	0.04732424	0.0478775	0.048754654	0.048632791	0.047834169	0.049392849	0.049694767	0.049611159	0.049876153	0.048697196	0.048738727	0.047152081	0.048629087
20211001	0.048216149	0.047580629	0.047408878	0.049046287	0.049685408	0.049628475	0.04885575	0.047654241	0.048330198	0.049210545	0.049445624	0.048233182	0.049616747	0.050157296	0.05027007	0.05053558	0.049419464	0.049448561	0.0499712	0.048215635
20210930	0.047182946	0.047580629	0.047408878	0.048934309	0.050020366	0.049760065	0.049958373	0.048980856	0.050288657	0.051263678	0.051308314	0.049802727	0.051156614	0.051920318	0.052318673	0.052754478	0.05093604	0.050530113	0.050849152	0.046911098
20210929	0.047182946	0.047580629	0.047849891	0.04837442	0.049685408	0.049614744	0.049958748	0.05032712	0.051256267	0.051960576	0.051520575	0.050108759	0.050174876	0.050823135	0.051500167	0.05194858	0.051051648	0.048052438	0.047232569	0.045598808
20210928	0.047695415	0.047580629	0.047849891	0.04837442	0.049685408	0.049590747	0.049851067	0.049768556	0.050347606	0.050815363	0.050305882	0.049192735	0.049282498	0.0497681	0.05021217	0.050262418	0.049344869	0.045558818	0.044153336	0.045220804
20210927	0.047182946	0.047580629	0.047849891	0.04837442	0.049685408	0.049582942	0.049958494	0.04956838	0.049814831	0.050070712	0.049403026	0.048097378	0.048693073	0.049084602	0.049191613	0.049051572	0.048881979	0.045056811	0.041958066	0.045564802
20210924	0.047182946	0.047541986	0.047849891	0.048486397	0.049685408	0.049618859	0.049848255	0.049092864	0.049892178	0.050026351	0.049909503	0.048705163	0.049787797	0.049752758	0.04926819	0.049166138	0.049763205	0.046415181	0.044356946	0.045236202
20210923	0.047068146	0.047433548	0.047849891	0.048822331	0.049685408	0.049614084	0.049958506	0.048688422	0.049740377	0.049922097	0.04934468	0.04855622	0.050297487	0.050223001	0.049497616	0.049264228	0.049466279	0.046513608	0.043641761	0.044649528
20210922	0.047068146	0.046791254	0.047078118	0.048150465	0.049462102	0.049983707	0.050178973	0.049430659	0.051004034	0.051241608	0.050870941	0.049993649	0.05214096	0.05197837	0.051054542	0.051022581	0.051021059	0.048088379	0.044693795	0.047527778
20210921	0.047068146	0.046479137	0.047078118	0.048150465	0.049462102	0.049983707	0.050292002	0.050568394	0.051495031	0.051801656	0.051372803	0.050424695	0.052247596	0.052273131	0.051527426	0.051220544	0.050729016	0.04805455	0.045079567	0.052092645
20210920	0.047068146	0.046447756	0.047078118	0.048150465	0.049238797	0.04971347	0.05019407	0.051430147	0.051676205	0.052241856	0.051519789	0.050140059	0.05188177	0.052051546	0.051402722	0.051235331	0.050226773	0.048635978	0.04852843	0.050656636
20210917	0.047068146	0.046447756	0.047078118	0.047590575	0.048792187	0.049200964	0.04995834	0.050029782	0.04987066	0.050734494	0.049980864	0.049158761	0.050041704	0.049801675	0.049100122	0.048839185	0.048183643	0.047816715	0.048964726	0.053115536
20210915	0.047068146	0.046447756	0.047078118	0.047590575	0.048792187	0.049200964	0.049076481	0.049224572	0.049293804	0.04981075	0.049499135	0.049008322	0.049901998	0.049708505	0.049089332	0.048816878	0.048136455	0.047858043	0.050559058	0.059690376
20210914	0.047642148	0.047067041	0.046857612	0.047926509	0.048903839	0.048865503	0.048760553	0.049178305	0.049041314	0.05055235	0.050261664	0.049628276	0.050126236	0.049834392	0.049271082	0.049226023	0.047856849	0.047515382	0.047649777	0.053525952
20210913	0.047642148	0.047014192	0.046857612	0.048038487	0.048903839	0.048812959	0.048649222	0.047952597	0.047488182	0.048989076	0.049271994	0.048482045	0.048538244	0.04812866	0.047548314	0.047369653	0.046264566	0.044798147	0.044635571	0.048514358
20210910	0.047642148	0.047014192	0.046857612	0.047814531	0.048792187	0.048786882	0.048312505	0.046837644	0.046792401	0.048251233	0.048647173	0.047612414	0.047581579	0.047833565	0.047934275	0.047419595	0.046778119	0.04460658	0.043109334	0.049899049
20210909	0.047642148	0.047014192	0.046857612	0.047254641	0.048792187	0.048977323	0.048861043	0.046819817	0.04679222	0.048981222	0.049471983	0.048445931	0.048167716	0.048397547	0.048703294	0.048375606	0.047759762	0.045003676	0.044879319	0.050465666
20210908	0.047642148	0.047014192	0.045975586	0.046918708	0.047898966	0.048097017	0.048199266	0.046645374	0.04685329	0.048501714	0.049291505	0.048303276	0.047794191	0.047767146	0.047892603	0.047735034	0.047553592	0.043726817	0.045932648	0.049706522
20210907	0.047642148	0.047014192	0.045975586	0.046470797	0.047898966	0.04808276	0.047423886	0.045892728	0.046079812	0.047004343	0.046566365	0.045614008	0.045260381	0.045347614	0.045613919	0.045841673	0.044559553	0.040908016	0.041373811	0.048632283
20210906	0.047642148	0.047014192	0.045975586	0.046470797	0.047898966	0.04808276	0.047422011	0.045115561	0.045476016	0.046340606	0.045491646	0.044429945	0.044000255	0.044187921	0.044483477	0.044276104	0.043577995	0.039688281	0.039455373	0.043696494
20210903	0.047642148	0.047014192	0.045975586	0.047702553	0.048457229	0.048530042	0.047863299	0.046485685	0.046769371	0.047936854	0.046887578	0.045710388	0.045406044	0.045606513	0.045796762	0.045450132	0.044373952	0.03950374	0.039942833	0.044604084
20210902	0.047642148	0.047014192	0.045975586	0.048038487	0.048122271	0.048204354	0.047753015	0.046348015	0.046682799	0.047263348	0.045722813	0.044535324	0.044207145	0.044156426	0.044207728	0.044152705	0.042974808	0.038570154	0.039900724	0.04276538
20210901	0.046953345	0.046387318	0.045534573	0.048598375	0.048010618	0.04823667	0.047863288	0.046489287	0.046603312	0.046977174	0.045934034	0.044606166	0.044225328	0.04437391	0.044611466	0.044874436	0.043792013	0.03841754	0.040887607	0.046382269
20210831	0.046953345	0.046328193	0.045314067	0.048598375	0.048010618	0.048326227	0.047865471	0.046601327	0.046220254	0.046478603	0.045435003	0.043942692	0.04382631	0.043884949	0.043815501	0.044030407	0.042788763	0.040944224	0.037891567	0.042094361
20210830	0.046953345	0.046334469	0.045314067	0.048598375	0.048010618	0.048335787	0.047973549	0.046699933	0.046532168	0.046967021	0.045721667	0.044313242	0.044217597	0.044339554	0.044346818	0.044806307	0.043650269	0.041995631	0.040088079	0.044376437
20210827	0.046953345	0.046334469	0.045314067	0.048598375	0.048010618	0.048767671	0.048414705	0.047269162	0.047501385	0.047643675	0.045996364	0.045175105	0.044866506	0.04471967	0.044638357	0.044997495	0.044185369	0.043430718	0.042583687	0.048258226
20210826	0.046953345	0.046334469	0.045314067	0.048150465	0.048010618	0.048782667	0.04852491	0.047159047	0.04729836	0.047224246	0.045570919	0.044930537	0.044570336	0.044334073	0.044338021	0.04447186	0.043823512	0.043448715	0.043350294	0.053320238
20210825	0.046953345	0.046334469	0.046196093	0.048150465	0.048345577	0.049116036	0.048745345	0.047013125	0.046609866	0.046867849	0.04574347	0.045061498	0.044514867	0.044123783	0.043994359	0.044133722	0.04414287	0.042080002	0.04076053	0.050400482
20210824	0.046953345	0.046334469	0.046196093	0.048150465	0.048010618	0.048984703	0.048746238	0.046357448	0.046427074	0.046263351	0.0454633	0.044760568	0.043908227	0.043195735	0.0428642	0.04307101	0.04249002	0.040507039	0.038845332	0.046522544
20210823	0.046953345	0.046334469	0.045975586	0.048486397	0.048903839	0.049983707	0.049748008	0.048480279	0.048599307	0.048870608	0.048521539	0.047515915	0.046306113	0.045719756	0.045547344	0.045259849	0.044524472	0.042279948	0.039428789	0.052286158
20210820	0.046953345	0.046334469	0.045865333	0.048710353	0.049238797	0.049979972	0.049848057	0.04809112	0.048217438	0.048372805	0.04727598	0.04683503	0.04585803	0.04523001	0.044980349	0.044821275	0.044311734	0.041561555	0.038488541	0.048277174
20210819	0.046953345	0.046334469	0.04575508	0.048598375	0.049238797	0.0499792	0.049848057	0.047768223	0.047323921	0.047235473	0.045949799	0.044482064	0.043489192	0.042841239	0.042322299	0.041420386	0.041864278	0.03833356	0.034610297	0.041884245
20210818	0.046953345	0.046334469	0.046416599	0.048710353	0.048680534	0.049974381	0.049517207	0.047386166	0.047004016	0.046648133	0.045433685	0.044027192	0.043263747	0.04265741	0.042115451	0.042006108	0.040466599	0.03728471	0.033877944	0.040855944
20210817	0.046953345	0.046334469	0.046526852	0.048710353	0.049015492	0.049971787	0.049539517	0.048075451	0.04811046	0.047691678	0.046960486	0.045251598	0.043838617	0.043006327	0.042535612	0.042080976	0.039908552	0.036917328	0.03382022	0.041840649
20210816	0.046953345	0.046334469	0.045093561	0.048150465	0.049015492	0.049970053	0.049525147	0.047842012	0.048005157	0.047882929	0.047197141	0.045368582	0.043661797	0.042651203	0.042041188	0.041640086	0.039732658	0.036715592	0.034226025	0.041130466
20210813	0.046953345	0.046334469	0.045093561	0.047702553	0.049238797	0.050087498	0.049525764	0.048136471	0.048652234	0.049223704	0.048668484	0.047058977	0.044934469	0.043654392	0.043032218	0.042753396	0.040903349	0.038333427	0.036429917	0.043951312
20210812	0.046953345	0.046334469	0.045093561	0.047366619	0.049015492	0.049865031	0.04941483	0.047847386	0.048571055	0.049437356	0.048690662	0.047454524	0.045392337	0.044276989	0.043958765	0.043635201	0.042454367	0.040630552	0.039428693	0.047577777
20210811	0.047068146	0.045497526	0.043991028	0.046806731	0.048792187	0.049882643	0.049304492	0.047857621	0.048704648	0.049596589	0.049082215	0.048113909	0.046189685	0.045140759	0.044807203	0.04445757	0.043748657	0.042910208	0.042001856	0.050791787
20210810	0.047068146	0.045772655	0.043991028	0.046134864	0.048792187	0.049885282	0.049320395	0.047991649	0.048824391	0.04954635	0.049313021	0.0483218	0.04639027	0.045430131	0.045241374	0.0447585	0.044727179	0.043515877	0.042503647	0.053035316
20210809	0.047068146	0.04588132	0.043991028	0.046134864	0.049573755	0.049961253	0.049523812	0.048007023	0.048960914	0.049759142	0.049496951	0.048160881	0.045994248	0.045163887	0.045137839	0.044664948	0.044313404	0.042800839	0.041530947	0.050404426
20210806	0.047068146	0.045962241	0.043991028	0.046134864	0.04935045	0.050207347	0.04963349	0.048142363	0.049247573	0.050382327	0.049906394	0.048391072	0.046012571	0.045194643	0.045320637	0.044576389	0.043503312	0.04183892	0.040469653	0.050524332
20210805	0.047642148	0.045977105	0.043991028	0.046582775	0.049797061	0.050314382	0.049747368	0.049947201	0.051603901	0.052969662	0.052491372	0.050637378	0.048211979	0.047430745	0.047409057	0.046793726	0.045893311	0.043355502	0.041660942	0.054310741
20210804	0.047642148	0.046074531	0.043550016	0.046470797	0.049462102	0.050120184	0.049752706	0.050443371	0.051483092	0.053789019	0.052378738	0.050219663	0.047601543	0.046836588	0.047087141	0.046213643	0.044981923	0.041810614	0.039483392	0.048713592
20210803	0.047412547	0.046358905	0.043660269	0.046470797	0.049462102	0.050306823	0.049894971	0.050658536	0.051690036	0.05326607	0.052097439	0.049556989	0.04705839	0.046056048	0.045760552	0.044980015	0.043252389	0.039757866	0.036459729	0.049903356
20210802	0.047642148	0.046447756	0.043660269	0.046470797	0.049462102	0.050305883	0.049864522	0.050638347	0.051582897	0.053132779	0.052193441	0.049561181	0.046915588	0.045720664	0.045265195	0.044142746	0.042707212	0.038786076	0.036109933	0.045531107
20210730	0.047642148	0.046528677	0.043660269	0.046470797	0.049462102	0.05045513	0.050086236	0.051094357	0.052232163	0.053716246	0.052955733	0.050705716	0.048065881	0.046832728	0.046514796	0.045600333	0.043743866	0.040035278	0.037281549	0.046105316
20210729	0.048216149	0.046543541	0.043660269	0.046470797	0.04935045	0.050432163	0.050307938	0.05137567	0.052442027	0.054582451	0.053731957	0.051375989	0.04887691	0.047748871	0.047602768	0.046783064	0.044662885	0.04144746	0.038962006	0.048342494
20210728	0.048216149	0.046640968	0.043770523	0.047142664	0.049462102	0.050527388	0.050527931	0.051395816	0.053137113	0.055199446	0.054410354	0.052332349	0.04969801	0.048398164	0.048011484	0.047337853	0.045224489	0.041729189	0.038792311	0.04968032
20210727	0.047976056	0.046925341	0.044101282	0.047254641	0.049685408	0.050900085	0.050894072	0.051873438	0.053937189	0.056269918	0.055325268	0.053617377	0.051122329	0.050038482	0.049874125	0.049168671	0.047026728	0.042782819	0.039066499	0.053319203
20210726	0.048216149	0.047014192	0.044101282	0.047254641	0.049685408	0.050899247	0.050861891	0.053291427	0.055232286	0.05728337	0.056438182	0.054820252	0.052548589	0.051383983	0.051200192	0.050771204	0.048681848	0.044960976	0.041945231	0.051866347
20210723	0.048216149	0.047095114	0.044101282	0.047254641	0.049685408	0.050790289	0.050860722	0.053347126	0.055407201	0.057504553	0.056538561	0.054858395	0.05273592	0.051654419	0.051280094	0.050976594	0.049302032	0.04593597	0.043365246	0.052155398
20210722	0.048216149	0.04735769	0.044983308	0.047254641	0.049685408	0.050865209	0.051171876	0.053573808	0.055518136	0.057833129	0.056631152	0.054935111	0.052759967	0.051716083	0.051368637	0.051067241	0.049897129	0.047770542	0.045751368	0.056412396
20210721	0.048904952	0.047304514	0.04575508	0.047590575	0.049797061	0.051425485	0.051301326	0.053820982	0.056189707	0.058032556	0.056813692	0.055243202	0.053117375	0.052005085	0.051669274	0.051500946	0.050502758	0.048541556	0.047251005	0.05664147
20210720	0.048675351	0.047505655	0.04575508	0.047590575	0.049797061	0.051164284	0.05101481	0.053823078	0.05662166	0.058443174	0.057264448	0.055737462	0.053651057	0.052424929	0.051907531	0.051499478	0.050929713	0.047922824	0.045997596	0.060268555
20210719	0.048904952	0.047580629	0.04575508	0.047590575	0.049797061	0.051165928	0.050862575	0.054167049	0.057028005	0.058775275	0.057318769	0.055786389	0.053601811	0.052468589	0.051858328	0.051328928	0.050681512	0.047275133	0.044480084	0.056804242
20210716	0.048904952	0.047653948	0.04575508	0.047814531	0.050132018	0.051207637	0.050862024	0.05402419	0.056605698	0.058544153	0.057096316	0.055545843	0.053536143	0.052362333	0.051650969	0.051105957	0.050003998	0.046708686	0.043855949	0.055904753
20210715	0.049593754	0.047662535	0.04575508	0.047814531	0.050132018	0.051173867	0.05108002	0.053689591	0.056468928	0.058093583	0.057004682	0.055330243	0.053335364	0.052125835	0.051171896	0.05064582	0.049555179	0.0461985	0.043298846	0.053596592
20210714	0.049593754	0.047780784	0.04575508	0.048150465	0.050020366	0.051375624	0.051080528	0.054043889	0.056524813	0.058319043	0.057335917	0.055584142	0.05344935	0.052146803	0.051388868	0.050855799	0.049214421	0.045867156	0.042991508	0.053256311
20210713	0.049305639	0.048149772	0.04575508	0.048150465	0.050020366	0.051556639	0.051227469	0.053986074	0.056269384	0.058163003	0.057520509	0.055327347	0.053141975	0.052007184	0.051424412	0.050900283	0.049431872	0.045572999	0.042687092	0.052923181
20210712	0.049593754	0.048260352	0.04575508	0.048150465	0.05024367	0.051471041	0.05141065	0.054089474	0.056682179	0.058732442	0.057948597	0.055883361	0.053743112	0.052577706	0.051798123	0.051292104	0.049700709	0.045731471	0.042681451	0.051667656
20210709	0.049593754	0.04835745	0.04575508	0.048150465	0.050355323	0.051782092	0.051502692	0.054637864	0.057631639	0.059867985	0.059169409	0.056896225	0.054642674	0.053345499	0.05255925	0.052057678	0.050117189	0.046148829	0.043147642	0.05386351
20210708	0.050282556	0.048375293	0.04575508	0.048150465	0.050466975	0.051910931	0.051612942	0.055208975	0.058093327	0.060450406	0.059722532	0.057384945	0.055034481	0.053577514	0.052828133	0.052055508	0.05005481	0.046262473	0.043080062	0.053861821
20210707	0.050282556	0.048492206	0.046306346	0.049046287	0.050355323	0.051927704	0.051723214	0.054849059	0.057362321	0.059889052	0.059407251	0.05699199	0.054606715	0.053111324	0.052279432	0.05178616	0.04947403	0.045507333	0.042309129	0.057176892
20210706	0.049994442	0.04883346	0.046306346	0.049046287	0.050355323	0.051877306	0.051725817	0.054933726	0.057309745	0.059805419	0.059530749	0.057218574	0.054755173	0.05327833	0.05263157	0.051873479	0.049570911	0.045221533	0.041827655	0.055110776
20210705	0.050282556	0.048940075	0.046306346	0.048150465	0.050355323	0.05187592	0.051833498	0.055620896	0.058220689	0.060812921	0.060315431	0.057942899	0.055523679	0.053975924	0.053310791	0.052844799	0.050262221	0.046030192	0.042518254	0.05204128
20210702	0.050282556	0.049037174	0.046306346	0.04837442	0.050355323	0.051966617	0.051833498	0.055363658	0.057864114	0.060357066	0.059687429	0.057537776	0.055249601	0.053896256	0.053296976	0.052931865	0.050881509	0.046341863	0.042637996	0.053590453
20210701	0.050397356	0.049132074	0.046306346	0.048038487	0.050355323	0.051845818	0.051943803	0.055456048	0.057856561	0.060470587	0.059852133	0.057772566	0.055661986	0.054297152	0.053620891	0.053252213	0.051651856	0.046976973	0.043113584	0.052897365
20210630	0.050397356	0.049296454	0.047188372	0.047590575	0.050466975	0.051944991	0.052164359	0.0551088	0.057429232	0.060252562	0.059628927	0.057727883	0.055505189	0.054071991	0.053420886	0.052760664	0.051661464	0.047209133	0.043376103	0.053126361
20210629	0.050306561	0.049458749	0.047188372	0.047590575	0.050466975	0.052010987	0.052166973	0.055285868	0.057505883	0.060674264	0.059984557	0.057927049	0.055688853	0.054350613	0.053591441	0.053110694	0.051951491	0.047680365	0.044077386	0.055435329
20210628	0.050397356	0.049619798	0.047739638	0.048598375	0.050578628	0.052108293	0.052403729	0.05550328	0.057598868	0.060295519	0.059707635	0.057819405	0.055770676	0.054611261	0.053740793	0.053106637	0.051879914	0.04777106	0.044375244	0.052911121
20210625	0.050397356	0.049635987	0.047739638	0.048710353	0.050578628	0.052094774	0.052384572	0.05526564	0.057615153	0.060061419	0.059285332	0.057423628	0.05544389	0.054171218	0.053013529	0.052494826	0.052001895	0.047824518	0.044208174	0.051311383
20210624	0.050397356	0.049658769	0.047739638	0.048822331	0.050578628	0.051970576	0.052384572	0.055482289	0.057712942	0.059817523	0.058898222	0.057193029	0.055283325	0.054051132	0.05319549	0.052675702	0.051330312	0.046764045	0.042700048	0.053692782
20210623	0.050397356	0.049680237	0.047960144	0.049270242	0.050913586	0.051957716	0.051833156	0.05526621	0.057423467	0.059358008	0.058507193	0.056848801	0.055043919	0.053698851	0.052763844	0.052237515	0.050602247	0.046141729	0.041888354	0.053958401
20210622	0.050397356	0.049733085	0.048401157	0.049270242	0.050913586	0.051805104	0.051884471	0.054981966	0.057164366	0.058974889	0.058000055	0.05645087	0.054686617	0.05312738	0.052211025	0.051434213	0.050059331	0.045150538	0.04066756	0.050958945
20210621	0.050397356	0.049733085	0.048401157	0.048822331	0.050913586	0.051892592	0.05196039	0.054726703	0.057151553	0.059068954	0.058234043	0.0565551	0.054790398	0.05319807	0.052173167	0.05155019	0.050216135	0.045960765	0.041682598	0.050843941
20210618	0.050397356	0.049643906	0.047960144	0.048710353	0.050801934	0.051872051	0.05294479	0.055147324	0.057590659	0.05937818	0.058484663	0.056685624	0.054899296	0.05339421	0.052366883	0.051587872	0.050815409	0.046335444	0.042074075	0.054138902
20210617	0.050512157	0.049649967	0.047960144	0.048710353	0.050690281	0.051975407	0.052485868	0.055360239	0.0578238	0.059842061	0.059056775	0.057364547	0.055688512	0.054143262	0.05312424	0.052335895	0.051463441	0.046923229	0.042507269	0.053491543
20210616	0.050512157	0.04966901	0.048070397	0.048934309	0.050801934	0.052055213	0.052389182	0.05536558	0.057785256	0.060094867	0.059399561	0.057803607	0.0560812	0.054573245	0.053838151	0.053168538	0.052528966	0.047996929	0.04346065	0.056330201
20210615	0.050464135	0.049716636	0.047960144	0.048937646	0.050801934	0.051878256	0.052650444	0.055654351	0.057969883	0.060608888	0.059885658	0.05784906	0.056165185	0.054892537	0.054145891	0.05349252	0.053336112	0.048900356	0.044617112	0.057935998
20210614	0.050512157	0.049733085	0.047960144	0.048934309	0.050690281	0.05196248	0.052259125	0.055882966	0.057945683	0.061079271	0.060107925	0.058021074	0.056518071	0.05509065	0.054336738	0.053709223	0.053319438	0.04893194	0.044874613	0.056759545
20210611	0.050512157	0.049749274	0.047960144	0.048822331	0.050578628	0.052369047	0.053043284	0.055428239	0.057391847	0.060609416	0.059751747	0.057322242	0.055573245	0.054338864	0.053589071	0.052827677	0.052036493	0.047106275	0.042740774	0.053866047
20210610	0.050512157	0.049772056	0.047960144	0.049158265	0.050801934	0.052636063	0.052938878	0.055732598	0.05795649	0.060972487	0.059845057	0.057705161	0.055893955	0.054513081	0.053881809	0.053271021	0.052267007	0.047390049	0.043252853	0.054572253
20210609	0.050512157	0.050175076	0.048731916	0.048710353	0.050801934	0.052836501	0.052532573	0.055732649	0.057421802	0.060623505	0.059619356	0.057346549	0.055477888	0.054148289	0.053436372	0.052820364	0.051063136	0.046154257	0.042199054	0.053111425
20210608	0.050512157	0.049877753	0.048731916	0.048710353	0.049908713	0.052495259	0.052568404	0.055921052	0.057740176	0.060690428	0.059613907	0.057319235	0.055507944	0.054297176	0.053670149	0.053080325	0.051539898	0.046027777	0.04188362	0.051478004
20210607	0.050512157	0.049846372	0.048731916	0.048710353	0.049908713	0.051983804	0.051883147	0.056133	0.058082311	0.060785101	0.059643743	0.057290224	0.055319457	0.053960007	0.053538597	0.052834778	0.051027575	0.046020315	0.041869079	0.048838849
20210604	0.050512157	0.049846372	0.04818065	0.048710353	0.049908713	0.051799759	0.051664478	0.055543341	0.057881398	0.060194782	0.059143688	0.05674089	0.054777858	0.05336412	0.052740278	0.052160394	0.05033228	0.045661874	0.04166203	0.047187648
20210603	0.049134552	0.04939532	0.04818065	0.048934309	0.049797061	0.051633571	0.0516719	0.055746639	0.05797249	0.060662017	0.0595396	0.056949166	0.054883607	0.053483842	0.052791496	0.052215809	0.050616585	0.045755928	0.041177775	0.049208682
20210602	0.049134552	0.049148818	0.047849891	0.04938222	0.05024367	0.051532564	0.051357075	0.055864814	0.057922834	0.060784215	0.059686071	0.057238142	0.054933421	0.053335281	0.052763689	0.05218669	0.050738148	0.045221552	0.040489943	0.048493356
20210601	0.049337129	0.048990669	0.047849891	0.04938222	0.049685408	0.051461323	0.051498027	0.05572398	0.057417446	0.060302363	0.059242423	0.056840218	0.05468012	0.05305568	0.052188463	0.051624748	0.049932815	0.044136219	0.039386712	0.048293956
20210531	0.049134552	0.048940075	0.047849891	0.04938222	0.049685408	0.051339529	0.051334433	0.056047936	0.057863363	0.06075015	0.059618644	0.057101264	0.054846949	0.053198584	0.052223741	0.051820891	0.049730686	0.043973965	0.039421257	0.048341541
20210528	0.049134552	0.048891192	0.04884217	0.049718154	0.049908713	0.051262719	0.051343587	0.055794697	0.057526554	0.060506245	0.059350689	0.056824138	0.054548071	0.052782098	0.051911616	0.051369851	0.049140288	0.043521717	0.039315626	0.046899699
20210527	0.048790151	0.048870052	0.04884217	0.04994211	0.050578628	0.051329275	0.051672319	0.055905311	0.057851605	0.061019809	0.059599182	0.057258154	0.055065957	0.053279479	0.052583477	0.052044267	0.049830499	0.044167956	0.039807075	0.046458121
20210526	0.048790151	0.048792767	0.048401157	0.049606176	0.050578628	0.051912384	0.05178011	0.056160738	0.05779083	0.061119429	0.059706261	0.057273692	0.055137241	0.0534953	0.052704218	0.052005871	0.04971547	0.043807314	0.039484261	0.046143231
20210525	0.048790151	0.048566193	0.048401157	0.049606176	0.050578628	0.051925232	0.05200146	0.056343157	0.057980404	0.061297305	0.059938384	0.057424302	0.055206631	0.053517768	0.052801076	0.052217819	0.050120043	0.043854347	0.038985877	0.046845275
20210524	0.048790151	0.048486926	0.048401157	0.049830132	0.050578628	0.051966595	0.05210345	0.056772356	0.058299824	0.061624093	0.060296116	0.057767434	0.055422079	0.053798065	0.052933061	0.052407729	0.050639756	0.0445135	0.039651161	0.04651025
20210521	0.048790151	0.048430452	0.048290903	0.04994211	0.050578628	0.05195056	0.052101862	0.057095499	0.058881759	0.062053971	0.060699563	0.058133251	0.055947403	0.054531048	0.053742891	0.053086868	0.051286495	0.04517407	0.040138429	0.047222246
20210520	0.04833095	0.048433863	0.048290903	0.04994211	0.051025239	0.051976244	0.052197036	0.057321591	0.059244147	0.062075834	0.060720024	0.058343371	0.056209954	0.054551303	0.053688482	0.053176466	0.051488844	0.045647925	0.040416297	0.047559838
20210519	0.04833095	0.048374296	0.047849891	0.04994211	0.051139158	0.051960557	0.052306569	0.057618837	0.059552218	0.062404992	0.061058187	0.058596463	0.056489769	0.055006682	0.05415168	0.053459443	0.051777762	0.04574167	0.040557962	0.049005553
20210518	0.04852828	0.048204603	0.047849891	0.04994211	0.051248544	0.051858722	0.052163742	0.057580691	0.058827729	0.061771715	0.060751733	0.058222706	0.056039965	0.05459947	0.053838528	0.053186467	0.051051662	0.045358929	0.040150394	0.048393945
20210517	0.04833095	0.048147065	0.047849891	0.04994211	0.051248544	0.051952137	0.052087712	0.057363227	0.05914769	0.061900999	0.060910613	0.058632836	0.056300776	0.054992344	0.054301937	0.053787243	0.051608721	0.045971605	0.040969015	0.049443402
20210514	0.04833095	0.048090251	0.047849891	0.050054087	0.051360197	0.051902052	0.0518363	0.057350365	0.059500775	0.062002846	0.061063751	0.058920183	0.056651881	0.055346138	0.054647015	0.053978652	0.052279465	0.047096454	0.042920832	0.050431712
20210513	0.048216149	0.048035205	0.047849891	0.050054087	0.05147185	0.051798484	0.051836343	0.057548639	0.059971167	0.062323336	0.061399779	0.059301672	0.057097297	0.055727536	0.054950615	0.054273191	0.052879538	0.047756701	0.043830507	0.050244476
20210512	0.048216149	0.047749732	0.047078118	0.050166065	0.051360197	0.052045876	0.052277576	0.057668237	0.060244936	0.062682676	0.061689332	0.059722208	0.057358467	0.055894524	0.055128213	0.054575843	0.05362444	0.047950984	0.043678101	0.054229553
20210511	0.048216149	0.047594835	0.047078118	0.050166065	0.051583502	0.051996473	0.0524076	0.057415456	0.060070087	0.062797933	0.061821919	0.05979885	0.057415218	0.055855885	0.055095461	0.054429842	0.054034783	0.04812136	0.043224879	0.053768041
20210510	0.048216149	0.047580629	0.047078118	0.050166065	0.051360197	0.05199162	0.05260804	0.057530659	0.060044585	0.062864999	0.062084663	0.06015755	0.057629844	0.055820694	0.05515607	0.054656784	0.054157326	0.047701502	0.042818145	0.052011445
20210507	0.048216149	0.047580629	0.047078118	0.050278043	0.051360197	0.05210448	0.052607555	0.057488524	0.060069478	0.063088141	0.062146822	0.0600602	0.057518539	0.056052654	0.055170256	0.054499202	0.0537607	0.047322209	0.041607416	0.051874733
20210506	0.048216149	0.047580629	0.047078118	0.049718154	0.051583502	0.052069637	0.052827194	0.05763297	0.060292736	0.063366997	0.06238225	0.060248374	0.058063853	0.056358438	0.055500032	0.054839221	0.054010791	0.0475724	0.042691402	0.049383282
20210505	0.048675351	0.048033777	0.046747359	0.04994211	0.051136891	0.052176862	0.052826985	0.057456594	0.060187405	0.062698671	0.061874424	0.059682851	0.057549628	0.055714033	0.055073721	0.054557743	0.053214287	0.046758649	0.041679056	0.048164295
20210504	0.048675351	0.048033777	0.046747359	0.04994211	0.051136891	0.052127538	0.05305375	0.057282182	0.060191115	0.063095717	0.06220835	0.059889111	0.057872399	0.056189224	0.055534882	0.054925077	0.052974799	0.046217891	0.040954736	0.048624609
20210503	0.048675351	0.048033777	0.046747359	0.049718154	0.051136891	0.052108293	0.053177863	0.057792048	0.060853526	0.06374973	0.062733168	0.06038009	0.058228694	0.056419352	0.055657998	0.055194925	0.05353444	0.04690729	0.042270796	0.048949266
20210430	0.048675351	0.048033777	0.046747359	0.04938222	0.051360197	0.052090346	0.053377123	0.058111446	0.061219899	0.064142457	0.063375545	0.06089765	0.058872587	0.057097841	0.056311944	0.055949103	0.053938577	0.047256132	0.042647735	0.04952917
20210429	0.048675351	0.048033777	0.046747359	0.04938222	0.051360197	0.05218223	0.053377123	0.05804717	0.06077403	0.06380175	0.062949453	0.060394518	0.058645247	0.056990442	0.056031993	0.055507258	0.053759488	0.04692018	0.042291184	0.050256921
20210428	0.048675351	0.048033777	0.047408878	0.049830132	0.05147185	0.052161956	0.053156556	0.057667708	0.060545141	0.063506308	0.062507736	0.060033189	0.058281328	0.056557991	0.055712652	0.055314702	0.053457376	0.046602658	0.041785423	0.049618167
20210427	0.048675351	0.048033777	0.046747359	0.049718154	0.05147185	0.052119588	0.053156556	0.05807682	0.060985045	0.063882342	0.063219119	0.060806677	0.058685701	0.057054211	0.056076889	0.055694284	0.0537852	0.047123998	0.042129251	0.050168235
20210426	0.048675351	0.048033777	0.046747359	0.049606176	0.05147185	0.052101439	0.053179075	0.058680522	0.06155452	0.064591997	0.063925953	0.06131689	0.059190087	0.057539027	0.056459919	0.05595298	0.054160667	0.04743759	0.042682002	0.049692314
20210423	0.048675351	0.048033777	0.046747359	0.049718154	0.05147185	0.052268096	0.053283415	0.059311412	0.062163071	0.065278206	0.064605479	0.062022521	0.059890424	0.058029313	0.056955698	0.056338274	0.05493941	0.048205284	0.042626991	0.049787222
20210422	0.048675351	0.048033777	0.046747359	0.049718154	0.05147185	0.052334696	0.053284606	0.059533525	0.062286991	0.064876891	0.064623837	0.06199471	0.059718166	0.057749252	0.056816075	0.056345147	0.053948984	0.047267562	0.042103739	0.050336276
20210421	0.048675351	0.047807203	0.047519131	0.049494198	0.051360197	0.052387319	0.053393389	0.059551729	0.06223509	0.065050564	0.064515187	0.061935577	0.059559023	0.057578864	0.057080235	0.056543405	0.054085834	0.047244205	0.042525387	0.050799319
20210420	0.048512024	0.04781579	0.047519131	0.04938222	0.051360197	0.052237871	0.053173561	0.059348073	0.062165935	0.064793669	0.064172082	0.061692588	0.059533976	0.057349668	0.056826649	0.056302033	0.053930885	0.047485525	0.042969635	0.053864166
20210419	0.048675351	0.047866883	0.047739638	0.04938222	0.051360197	0.052204504	0.053282555	0.058508461	0.061359629	0.063846854	0.063056762	0.06056571	0.05849901	0.056497205	0.055889045	0.055356777	0.052987274	0.047286901	0.043127479	0.052362181
20210416	0.048790151	0.047875413	0.047739638	0.048934309	0.051248544	0.051938483	0.053280007	0.058688703	0.061502544	0.064139048	0.063459636	0.060966782	0.058824288	0.056838463	0.05633723	0.05591353	0.053928415	0.04853995	0.044925985	0.054621966
20210415	0.048732751	0.047895329	0.047188372	0.049046287	0.051248544	0.051820401	0.05321741	0.058634226	0.061511752	0.064256693	0.063489242	0.061004443	0.058660602	0.05665588	0.056045686	0.055746639	0.053798603	0.048962187	0.045592753	0.05398169
20210414	0.048790151	0.047896655	0.047188372	0.049046287	0.051248544	0.051779821	0.05350375	0.058855494	0.062490967	0.064945112	0.064267438	0.061814445	0.05955406	0.057539227	0.056919388	0.056520834	0.055289922	0.050372894	0.0469037	0.054325154
20210413	0.048790151	0.048033777	0.047188372	0.049046287	0.051248544	0.051760442	0.053615059	0.059065977	0.06277501	0.065069717	0.064326831	0.062094549	0.059587938	0.057926336	0.057279491	0.056860425	0.055725016	0.050698754	0.04702071	0.055976123
20210412	0.048790151	0.048059652	0.047188372	0.048822331	0.051248544	0.052194484	0.053720666	0.059065519	0.062733964	0.065151927	0.064282654	0.062341708	0.059702231	0.058035393	0.057510371	0.057232038	0.056132089	0.051151355	0.047270665	0.057786047
20210409	0.048790151	0.048147065	0.046967865	0.048710353	0.051360197	0.052677616	0.053720479	0.059264424	0.062839609	0.065482302	0.065022244	0.06296312	0.060051356	0.058201285	0.057923311	0.057447407	0.056760945	0.052100628	0.048088964	0.057377118
20210408	0.048790151	0.048147065	0.046967865	0.048710353	0.051248544	0.052807305	0.053844812	0.060079768	0.06332115	0.065993407	0.065474996	0.062979259	0.060081025	0.058206742	0.057820421	0.057491814	0.057115953	0.052488393	0.048504563	0.056417917
20210407	0.048790151	0.048147065	0.046967865	0.048710353	0.051136891	0.052779216	0.053760247	0.060508477	0.063639837	0.066318441	0.065849099	0.063245371	0.060613266	0.058541401	0.058354385	0.058188633	0.057299155	0.052453226	0.048260751	0.057833074
20210406	0.048790151	0.048147065	0.046967865	0.048934309	0.051360197	0.052974543	0.053998845	0.060871995	0.064294457	0.066695305	0.06613304	0.063404336	0.060656009	0.058580487	0.058285828	0.058079204	0.057142234	0.052347149	0.048887384	0.057097842
20210405	0.048790151	0.048147065	0.046967865	0.049270242	0.051695154	0.052945683	0.054369783	0.061306414	0.065360836	0.067484453	0.066907406	0.06399807	0.061067272	0.059157518	0.058681701	0.058444776	0.058169937	0.053361368	0.04975157	0.056764366
20210331	0.048790151	0.048147065	0.047408878	0.049494198	0.051360197	0.053172253	0.053834148	0.061629882	0.06575529	0.067968872	0.067197548	0.064218366	0.061553122	0.059725293	0.059156012	0.058778913	0.057995519	0.053361153	0.049805889	0.059924975
20210330	0.048790151	0.048147065	0.047408878	0.049494198	0.051248544	0.053036414	0.053760654	0.061655736	0.066332459	0.068293477	0.067482218	0.064347179	0.062047436	0.060298712	0.059611218	0.059128804	0.058134476	0.053240793	0.049696151	0.05992634
20210329	0.048790151	0.048147065	0.047408878	0.049494198	0.051248544	0.052996091	0.053618907	0.06182788	0.066260954	0.068599671	0.067883889	0.064933863	0.062499589	0.060759584	0.060058948	0.05959432	0.058393204	0.053519556	0.049764419	0.061705641
20210326	0.049364153	0.0487135	0.047408878	0.04938222	0.051248544	0.052934545	0.053725364	0.061645704	0.066147984	0.068480049	0.067810262	0.064945387	0.062382073	0.060640981	0.059819864	0.059454341	0.058145523	0.052814694	0.04851439	0.063369436
20210325	0.048790151	0.0487135	0.047408878	0.049046287	0.051360197	0.052890924	0.05372532	0.061765251	0.066217216	0.06843838	0.068287484	0.065072555	0.062591103	0.060680503	0.059779058	0.059592439	0.058235408	0.052686326	0.04838758	0.063233111
20210324	0.048790151	0.049165992	0.047960144	0.049046287	0.051360197	0.052848399	0.053836563	0.061301692	0.065469392	0.068360408	0.067759843	0.064480249	0.062204893	0.060520261	0.059522985	0.058961242	0.05759323	0.051929002	0.047612927	0.06050488
20210323	0.048790151	0.048830753	0.048070397	0.049158265	0.05147185	0.052764075	0.053975001	0.061488864	0.065720598	0.068767421	0.068214158	0.064789919	0.062535394	0.060971804	0.059956339	0.059538476	0.058051763	0.052453597	0.04818388	0.061368414
20210322	0.048790151	0.0487135	0.048093859	0.048934309	0.051583502	0.052909677	0.054052784	0.061048391	0.065287352	0.068482875	0.068024027	0.064692214	0.062318779	0.060773093	0.059756336	0.059337894	0.057877048	0.052528851	0.048744374	0.058862129
20210319	0.048790151	0.04863258	0.047960144	0.049158265	0.052141765	0.052953734	0.054707867	0.060978977	0.065212089	0.068283762	0.067991017	0.065017726	0.062703623	0.061036457	0.059995331	0.059549795	0.058300904	0.052690468	0.048923998	0.059178628
20210318	0.048216149	0.048471292	0.047408878	0.049158265	0.05281168	0.053743376	0.053708171	0.06095647	0.065136988	0.068478161	0.068480936	0.065225557	0.062829356	0.061404522	0.060489422	0.060155544	0.058928961	0.053436264	0.049238794	0.061259773
20210317	0.04856055	0.048261678	0.048290903	0.049270242	0.05236507	0.053578743	0.053709925	0.060323809	0.064316993	0.067856497	0.067692965	0.064695414	0.062517538	0.060878175	0.060044545	0.059651208	0.058693791	0.053434295	0.04925471	0.059584019
20210316	0.048216149	0.04792049	0.047188372	0.049270242	0.051806807	0.053532036	0.053487439	0.059514264	0.063867832	0.067496234	0.067250446	0.064370376	0.062076945	0.06045766	0.059611013	0.059220583	0.058593832	0.053428943	0.049490526	0.062900815
20210312	0.048216149	0.047580629	0.046747359	0.04837442	0.050466975	0.0528329	0.052715533	0.059071319	0.063580232	0.067300547	0.067189916	0.064278995	0.061796717	0.059832782	0.059099565	0.058726114	0.058543354	0.05317856	0.049206058	0.060877572
20210311	0.048216149	0.047580629	0.046747359	0.04837442	0.050466975	0.052280016	0.052164216	0.059225401	0.063340974	0.067149927	0.066950185	0.064037487	0.061510066	0.05996787	0.058953121	0.058280112	0.058244785	0.052760246	0.048010353	0.059385832
20210310	0.048216149	0.047780342	0.046637105	0.047590575	0.050132018	0.051753454	0.052164182	0.060020824	0.06415802	0.067927802	0.067600218	0.064572378	0.062251911	0.060303533	0.059316542	0.058860351	0.058078758	0.052465076	0.047519935	0.058916073
20210309	0.04833095	0.04769821	0.046637105	0.047590575	0.050132018	0.051680323	0.05216566	0.060277004	0.064504598	0.068157216	0.068025909	0.065278557	0.062799179	0.060844919	0.059743082	0.059288732	0.058150929	0.05276934	0.047603741	0.059123039
20210308	0.048216149	0.047693916	0.046637105	0.047926509	0.050132018	0.051661012	0.052180493	0.060676836	0.064928055	0.068383658	0.068354075	0.065582939	0.062808798	0.060652088	0.059879529	0.059341346	0.058278764	0.052739756	0.04783235	0.055153108
20210305	0.048216149	0.047871935	0.047188372	0.047590575	0.050132018	0.051641018	0.052384572	0.060932242	0.065281254	0.068787334	0.068546596	0.065835682	0.063321976	0.06139786	0.060384056	0.059862851	0.058658973	0.052590853	0.047455891	0.059140021
20210304	0.048216149	0.047803566	0.047188372	0.047814531	0.05024367	0.051728193	0.052274289	0.060968405	0.06544954	0.069205306	0.069231005	0.066718608	0.064128221	0.061926325	0.061155261	0.060805435	0.059307485	0.053210224	0.048123706	0.060131488
20210303	0.048216149	0.047580629	0.046306346	0.047926509	0.049908713	0.052049521	0.05194344	0.060912523	0.065534077	0.069701024	0.069328898	0.066910997	0.064383596	0.062439962	0.061670588	0.061205381	0.059348363	0.052983432	0.047701041	0.061214403
20210302	0.048216149	0.047580629	0.046306346	0.047926509	0.050132018	0.052252743	0.05194344	0.060621758	0.065149734	0.069579746	0.069379366	0.066938615	0.064520322	0.062444608	0.061774001	0.061369548	0.059314736	0.052963175	0.047680799	0.061197004
20210301	0.048216149	0.047580629	0.046085839	0.048038487	0.050132018	0.051992761	0.051963974	0.059849332	0.064713387	0.069312198	0.069203935	0.066994134	0.064595835	0.062786466	0.061973661	0.061729919	0.060080018	0.053888384	0.048880991	0.059721036
20210226	0.048216149	0.047580629	0.046085839	0.047814531	0.05024367	0.051978101	0.052290578	0.058523866	0.063560408	0.067872285	0.067877075	0.065652574	0.063413291	0.061757626	0.060922916	0.060348601	0.058814408	0.052350295	0.046502688	0.057951474
20210225	0.04833095	0.047619599	0.046085839	0.047814531	0.05024367	0.051961496	0.052179413	0.05808786	0.063018206	0.06737561	0.067278048	0.06519605	0.062716476	0.061174025	0.060254517	0.059740227	0.057656213	0.051567742	0.046155299	0.055932299
20210224	0.04833095	0.048003393	0.047188372	0.047814531	0.050690281	0.052014264	0.051960081	0.057823805	0.062368085	0.067037041	0.066627916	0.064117076	0.062214451	0.060798368	0.059879436	0.059341155	0.057268615	0.051440725	0.045806884	0.05675622
20210223	0.04833095	0.047696884	0.046857612	0.047702553	0.050690281	0.051942073	0.05199278	0.057576325	0.061832066	0.066410277	0.066101241	0.063906653	0.061771557	0.060636638	0.059696481	0.059080955	0.056639151	0.050507583	0.044856474	0.0555332
20210222	0.048216149	0.047693916	0.046857612	0.047702553	0.050690281	0.051930086	0.051959684	0.057621147	0.062129398	0.066238385	0.066212378	0.064145221	0.061849478	0.060477605	0.059746817	0.059404457	0.05673138	0.05001235	0.044840103	0.056941664
20210219	0.048216149	0.04737849	0.045644827	0.047702553	0.050801934	0.051947552	0.051961625	0.057500348	0.061984199	0.065897911	0.06597456	0.06396583	0.062061804	0.060952706	0.060082548	0.059698421	0.057241208	0.050528878	0.045366772	0.054922907
20210218	0.048216149	0.047420995	0.045644827	0.047702553	0.050801934	0.051836727	0.051847229	0.056430277	0.061158953	0.065169345	0.065058387	0.063193201	0.06103791	0.059925971	0.059187598	0.05880323	0.056519829	0.049950411	0.044277386	0.056054941
20210217	0.048216149	0.045480351	0.043888945	0.047814531	0.050578628	0.05189759	0.051845839	0.056121106	0.060753274	0.065113023	0.06482385	0.06296812	0.061082593	0.059829624	0.059104816	0.058618426	0.056078343	0.049725767	0.044527521	0.054936839
20210216	0.046817548	0.045815591	0.043439762	0.047814531	0.050578628	0.051889506	0.051979171	0.056366764	0.060953226	0.065356078	0.065470718	0.063533644	0.061515709	0.060394659	0.059550176	0.059146004	0.056638529	0.050475839	0.04530943	0.056009083
20210215	0.048216149	0.04588132	0.043439762	0.048038487	0.050578628	0.052071382	0.052065633	0.056421547	0.06111765	0.065232251	0.065556854	0.063643162	0.061603522	0.060222765	0.059391127	0.059084821	0.056736697	0.05013651	0.044976629	0.055634923
20210212	0.048216149	0.046028956	0.043439762	0.047814531	0.050913586	0.05226983	0.052288769	0.05723445	0.061671105	0.065536522	0.065718148	0.063951113	0.061754715	0.060265276	0.05963277	0.059349553	0.057147974	0.050444474	0.044825036	0.056866611
20210211	0.048216149	0.04580007	0.043439762	0.047814531	0.051025239	0.052336776	0.052400255	0.057862847	0.061847961	0.065581859	0.066457722	0.064144525	0.061951826	0.060562723	0.059745457	0.059451442	0.056981215	0.050507645	0.044660409	0.056670084
20210210	0.048216149	0.045872404	0.04575508	0.047702553	0.051360197	0.052317845	0.052402692	0.058265132	0.062779471	0.066011889	0.066747021	0.064416244	0.062227858	0.060563038	0.0597764	0.059489481	0.056293363	0.049578249	0.043552024	0.056634258
20210209	0.04759268	0.046117932	0.044101282	0.047926509	0.05147185	0.052349669	0.052552623	0.058750803	0.063251452	0.066368662	0.067088048	0.065102722	0.062761113	0.061093329	0.060301689	0.059706463	0.056860438	0.050615878	0.04459469	0.056719345
20210208	0.048216149	0.046221182	0.044101282	0.048710353	0.051695154	0.05259129	0.052845436	0.059369624	0.063975818	0.066690359	0.067101252	0.065295947	0.063088593	0.061556173	0.060446318	0.059652459	0.056738471	0.050549913	0.044077297	0.060251295
20210205	0.048216149	0.046344042	0.044101282	0.048710353	0.05191846	0.052746072	0.0530648	0.059013973	0.063330301	0.066099118	0.066265194	0.064883322	0.062539763	0.061167122	0.060027311	0.059388192	0.056547297	0.049857025	0.043600118	0.058080154
20210204	0.048216149	0.046303089	0.044542295	0.048710353	0.052030113	0.052728103	0.053175657	0.059346934	0.063508926	0.066373734	0.067008473	0.065459963	0.062835152	0.061589513	0.060683221	0.060043681	0.057838274	0.050657758	0.044200644	0.060510896
20210203	0.047783972	0.046790326	0.044652547	0.048710353	0.05147185	0.052424588	0.052908673	0.059281365	0.063121826	0.065560479	0.066123796	0.064083407	0.061921496	0.060685906	0.059888149	0.059384703	0.057067027	0.049869264	0.044331783	0.059091652
20210202	0.048216149	0.046900905	0.044652547	0.048710353	0.051136891	0.052358145	0.052515865	0.058582983	0.062308832	0.064634203	0.064768776	0.062800935	0.060270251	0.05880243	0.058423708	0.058099857	0.055864599	0.049313949	0.044864012	0.055277713
20210129	0.048216149	0.046998004	0.044542295	0.048710353	0.051025239	0.052394587	0.052184894	0.058297764	0.061591105	0.063652213	0.063692773	0.061425498	0.05957872	0.058122181	0.057719794	0.057207364	0.055335485	0.049676425	0.045415916	0.057051655
20210128	0.048904952	0.047015846	0.044542295	0.047814531	0.050801934	0.051920637	0.051964272	0.057860212	0.061094554	0.062949903	0.062859357	0.060264268	0.058576337	0.057247841	0.057069268	0.057574563	0.05443229	0.048100006	0.043773319	0.059101191
20210127	0.048904952	0.047062079	0.044652547	0.048150465	0.050801934	0.051906055	0.051855665	0.057851145	0.061138957	0.063101783	0.062972335	0.060466323	0.058544167	0.057071368	0.057017379	0.056519656	0.054998032	0.04901462	0.044738701	0.056051804
20210126	0.048616837	0.047474014	0.044652547	0.047366619	0.050801934	0.051862423	0.05189797	0.057556911	0.060983609	0.062650069	0.062375493	0.060244405	0.057791303	0.056345184	0.056399616	0.05673302	0.054253734	0.048844001	0.044546133	0.051805012
20210125	0.048904952	0.047580629	0.044652547	0.048038487	0.050690281	0.051762355	0.05185797	0.057596695	0.061152608	0.063015492	0.062995159	0.060571405	0.058367113	0.056645977	0.056782196	0.057048257	0.054838719	0.04920557	0.044231259	0.052798634
20210122	0.048904952	0.047677727	0.044652547	0.048150465	0.050466975	0.051849508	0.051723369	0.057312748	0.061038439	0.062758974	0.063012912	0.060850463	0.057839495	0.056144693	0.05617509	0.056230157	0.054549537	0.048526147	0.043969591	0.051105667
20210121	0.049593754	0.04769557	0.044652547	0.048150465	0.050466975	0.051835262	0.051613141	0.057028607	0.060620042	0.063190802	0.063178182	0.061258949	0.058085397	0.056219013	0.055974902	0.055954877	0.054306907	0.048024416	0.042326048	0.051673877
20210120	0.049593754	0.047812482	0.046085839	0.048486397	0.050020366	0.051859415	0.051833696	0.058021264	0.061739823	0.064865673	0.064407347	0.063096095	0.060270552	0.058359924	0.058020813	0.057886974	0.055379424	0.048868886	0.044217639	0.051844334
20210119	0.049305639	0.048153737	0.044983308	0.049158265	0.050132018	0.051905194	0.051838505	0.059371629	0.063129664	0.065923979	0.065481811	0.063760747	0.061196607	0.059413005	0.058864811	0.058687625	0.056148183	0.049683853	0.044159703	0.057228486
20210118	0.049593754	0.048260352	0.044983308	0.049270242	0.049685408	0.051889316	0.05183374	0.059600193	0.062994415	0.065772063	0.065360137	0.063630853	0.060669349	0.059193041	0.058430407	0.058165428	0.05538097	0.04912992	0.044048868	0.056980307
20210115	0.049593754	0.04835745	0.044983308	0.049270242	0.049908713	0.051758877	0.051723369	0.05879191	0.061827404	0.065001228	0.06467126	0.062227375	0.059569495	0.057977086	0.057207137	0.056906991	0.054141413	0.047944571	0.042783772	0.056368363
20210114	0.049708554	0.04844135	0.045534573	0.048822331	0.049908713	0.051739129	0.052054186	0.05851773	0.061376256	0.06464212	0.064074484	0.061538371	0.059168497	0.057266226	0.056524436	0.056246877	0.053735652	0.048157412	0.043648612	0.050858802
20210113	0.049708554	0.048489565	0.047519131	0.050390021	0.050466975	0.052026832	0.052054098	0.057961546	0.061060765	0.063689768	0.063390597	0.060725851	0.058125106	0.0563864	0.056058912	0.055923779	0.053082662	0.047690976	0.043400658	0.051630957
20210112	0.049564491	0.048660187	0.046306346	0.050054087	0.050801934	0.052227416	0.052166686	0.057330463	0.060377169	0.063036739	0.062698776	0.060044468	0.05746359	0.055733132	0.055393145	0.055304598	0.052838205	0.047652419	0.04356093	0.049244226
20210111	0.049708554	0.0487135	0.046306346	0.050166065	0.050913586	0.052331934	0.052291394	0.05650708	0.05971882	0.062233583	0.06201313	0.05928106	0.057241939	0.055249471	0.054791811	0.054681732	0.052308863	0.047565707	0.043907109	0.054467101
20210108	0.049708554	0.048726381	0.047408878	0.050278043	0.050913586	0.052324789	0.052384572	0.056174291	0.059278506	0.062269052	0.062176657	0.059436794	0.057384328	0.055116924	0.054845476	0.054791998	0.053087169	0.048773448	0.045420218	0.052290751
20210107	0.049823354	0.048812808	0.046306346	0.050278043	0.051025239	0.052434015	0.052494856	0.055658645	0.058631087	0.062194356	0.062471389	0.059587041	0.057517945	0.05521938	0.055162741	0.055210327	0.053702952	0.048926616	0.045114331	0.054684185
20210106	0.049823354	0.048226988	0.045865333	0.050613977	0.051360197	0.052416884	0.052274289	0.055198179	0.058144884	0.062003168	0.062001006	0.059103721	0.057211943	0.054919488	0.054870386	0.054979226	0.053249933	0.04828533	0.043049402	0.056096366
20210105	0.049823354	0.048511363	0.045865333	0.050613977	0.051248544	0.052419557	0.052274289	0.055226008	0.058217959	0.061925394	0.06214328	0.058833764	0.05694104	0.05507765	0.054719119	0.054663544	0.05253428	0.04697773	0.041953276	0.054609538
20210104	0.049823354	0.048600213	0.045865333	0.050837932	0.051136891	0.05239216	0.052288571	0.055432065	0.058794368	0.062619609	0.062667565	0.05962742	0.057312276	0.055597052	0.054940381	0.054704756	0.052351501	0.046809702	0.041799854	0.054452533
20201231	0.049823354	0.048681134	0.045865333	0.050725955	0.051248544	0.052392396	0.052290049	0.055302626	0.059177312	0.062843028	0.063423615	0.059445564	0.057526263	0.055542503	0.05497552	0.054746651	0.051881012	0.04605337	0.04148054	0.054063681
20201230	0.049938154	0.048757648	0.045865333	0.050837932	0.051695154	0.052511674	0.052506679	0.054574412	0.058971053	0.062134813	0.061811218	0.058583161	0.056020628	0.054329463	0.053326492	0.052852365	0.050331506	0.044721212	0.039840906	0.054018668
20201229	0.049938154	0.049163681	0.047078118	0.051173865	0.052253418	0.052736623	0.05261619	0.054349459	0.058907567	0.062001728	0.061805222	0.058548137	0.056528636	0.054831557	0.053920556	0.053364826	0.049775386	0.04428991	0.039656443	0.051320052
20201228	0.050034197	0.049543375	0.049062676	0.051285843	0.052476723	0.052943961	0.052749886	0.054248451	0.059003747	0.061816766	0.061571307	0.058317434	0.056152097	0.055032749	0.053902795	0.053270308	0.049542064	0.044154006	0.038886766	0.053895981
20201224	0.049938154	0.049506511	0.049062676	0.051285843	0.052476723	0.052901525	0.052728447	0.054685951	0.059195957	0.061765417	0.061772752	0.058661987	0.056485246	0.055372478	0.054228879	0.053654252	0.050030349	0.044610782	0.039775103	0.050343785
20201223	0.049938154	0.049474144	0.049062676	0.051285843	0.052476723	0.053074947	0.052605327	0.054430748	0.058777103	0.061918532	0.06162944	0.058936025	0.056616916	0.055362944	0.054398629	0.054006598	0.050101813	0.044379089	0.03914034	0.050762918
20201222	0.049938154	0.049428569	0.049062676	0.051285843	0.052588375	0.053331687	0.052715588	0.054645801	0.059015943	0.062040802	0.062117935	0.059421189	0.057058789	0.056171251	0.055526429	0.055198559	0.051398279	0.046512529	0.040406609	0.053756814
20201221	0.049938154	0.047500365	0.048290903	0.051285843	0.052588375	0.053452285	0.052936078	0.054658082	0.059072228	0.061534386	0.061639159	0.058676726	0.056637674	0.055480839	0.054654597	0.054165369	0.050326668	0.045373981	0.038454819	0.052050825
20201218	0.049938154	0.04705416	0.048290903	0.051285843	0.052588375	0.053413103	0.053487692	0.054568591	0.059027966	0.061617455	0.06188937	0.058920523	0.056723605	0.055577233	0.05464888	0.054110647	0.050281027	0.044254344	0.037226769	0.051507249
20201217	0.049938154	0.047014192	0.048290903	0.051285843	0.052588375	0.053399472	0.053487428	0.054810271	0.059008551	0.061603589	0.061845504	0.058924774	0.056717196	0.055582442	0.054644423	0.054161555	0.050578991	0.044125039	0.037120301	0.051381683
20201216	0.049938154	0.047100064	0.048290903	0.052629577	0.053704902	0.054671776	0.052540568	0.054781394	0.059022278	0.061492895	0.060850017	0.058096367	0.056030893	0.05519964	0.054259334	0.053709553	0.050146381	0.043217036	0.036637824	0.051773771
20201215	0.049938154	0.047463376	0.048290903	0.051621777	0.053704902	0.054661086	0.052536036	0.054805478	0.059055352	0.061259698	0.060996062	0.05810961	0.056283046	0.055577155	0.05456098	0.053910069	0.049955868	0.042981149	0.037006191	0.05006849
20201214	0.049938154	0.049279936	0.047960144	0.05094991	0.053481596	0.054437389	0.052725944	0.054395054	0.058453422	0.060821501	0.060701118	0.058036983	0.056252644	0.055268557	0.054252135	0.053655312	0.049637395	0.04258971	0.036260283	0.047890161
20201211	0.049364153	0.0487135	0.047408878	0.049270242	0.052476723	0.054047818	0.050549062	0.054733286	0.058815248	0.060762727	0.060471817	0.05776773	0.056528943	0.055157614	0.054023519	0.053353879	0.049705557	0.042835466	0.036086589	0.048636709
20201210	0.049364153	0.0487135	0.047408878	0.049270242	0.052476723	0.053964836	0.053253936	0.055504288	0.059357298	0.062298493	0.062054411	0.060014309	0.057639503	0.057040938	0.056109453	0.055524066	0.051841339	0.044874528	0.038926079	0.054275615
20201209	0.049364153	0.048422194	0.046085839	0.049494198	0.052476723	0.053640043	0.053351007	0.056215928	0.060721759	0.0646607	0.064004382	0.061761274	0.059295923	0.059275056	0.058253542	0.057655748	0.053531633	0.047446613	0.041307334	0.054275122
20201208	0.049364153	0.048490562	0.046085839	0.04938222	0.05191846	0.053300343	0.053401307	0.055921591	0.059951838	0.062925373	0.062606111	0.05981487	0.057931843	0.057205645	0.056288066	0.0556567	0.051356781	0.045531189	0.040405285	0.055152693
20201207	0.049364153	0.047982911	0.046085839	0.048934309	0.051806807	0.053011914	0.052365593	0.055192888	0.059451367	0.061565275	0.061463123	0.058282824	0.056473847	0.055194613	0.054661168	0.054253282	0.050593184	0.04520284	0.040461227	0.052402794
20201204	0.049172081	0.048191915	0.046085839	0.048822331	0.051806807	0.052702171	0.051198421	0.055676777	0.059770149	0.062094557	0.061793466	0.059262336	0.056398901	0.055206398	0.054497574	0.054034621	0.051013378	0.045667417	0.040712122	0.055286894
20201203	0.049364153	0.048260352	0.04575508	0.050613977	0.051806807	0.052678712	0.052212035	0.055295708	0.05931336	0.061774891	0.061455834	0.058813649	0.055952012	0.054916621	0.054112668	0.053676673	0.050336972	0.045164124	0.039757296	0.059146358
20201202	0.049249353	0.048316826	0.045865333	0.050725955	0.05191846	0.052678868	0.052118382	0.055625983	0.05927979	0.061660753	0.061903711	0.058942001	0.055903292	0.055148001	0.054257507	0.05373017	0.050728678	0.045618704	0.040423719	0.056104434
20201201	0.049364153	0.048359659	0.045865333	0.050725955	0.05147185	0.052302056	0.051685134	0.054379628	0.058024904	0.060073379	0.060407523	0.057262028	0.054891659	0.054291871	0.053516345	0.052933276	0.049829763	0.044503499	0.04056031	0.053507206
20201130	0.049364153	0.048094544	0.046416599	0.050725955	0.051360197	0.051950616	0.051359589	0.053729151	0.056822545	0.058594651	0.05831442	0.056041613	0.053664871	0.052822074	0.051690537	0.050905989	0.047571179	0.042775295	0.038935976	0.048581136
20201127	0.049775333	0.049035588	0.047408878	0.050501999	0.051360197	0.051996473	0.051319357	0.054184744	0.057324319	0.058882158	0.058853301	0.057028177	0.054640446	0.053916922	0.052689465	0.051865448	0.048171419	0.044096862	0.039461069	0.049389366
20201126	0.049823354	0.049053362	0.047408878	0.050501999	0.05147185	0.051996473	0.05148476	0.054715388	0.05775999	0.059275304	0.059838872	0.058203153	0.055131452	0.054629391	0.0534124	0.052619641	0.049164166	0.044724835	0.039275384	0.05539318
20201125	0.049364153	0.048519293	0.046306346	0.050501999	0.05147185	0.05183023	0.051375326	0.05484448	0.057682445	0.058919176	0.059033394	0.057017349	0.054738304	0.053911713	0.052659199	0.051835228	0.047705398	0.044525392	0.039875537	0.049844975
20201124	0.049823354	0.049166649	0.047519131	0.050613977	0.051583502	0.051820132	0.051376727	0.054064148	0.056172157	0.058371653	0.05831037	0.055658495	0.053992951	0.05333657	0.052116643	0.051230571	0.047175978	0.04420019	0.039498126	0.05667356
20201123	0.049364153	0.049150132	0.04851141	0.050278043	0.050801934	0.051267583	0.050831762	0.054636347	0.056816732	0.05906763	0.059237236	0.057176824	0.054459064	0.054497086	0.053437027	0.052684524	0.048660209	0.045627087	0.04128334	0.051730513
20201120	0.049454949	0.048987836	0.04851141	0.050278043	0.050801934	0.051255887	0.050654614	0.053664316	0.055381936	0.058085041	0.058578268	0.056332182	0.053599343	0.054017116	0.05308435	0.0523993	0.048112453	0.044599282	0.040433016	0.049397116
20201119	0.049364153	0.048826788	0.047960144	0.049494198	0.05024367	0.050691384	0.050168882	0.052820887	0.054493622	0.056883353	0.056878632	0.054294389	0.052534034	0.05187232	0.051013397	0.05043304	0.04674924	0.04256807	0.037229559	0.047223851
20201118	0.049364153	0.048511363	0.046857612	0.049494198	0.05024367	0.050686006	0.049949782	0.052517515	0.054457123	0.056779788	0.056490728	0.05372063	0.052212811	0.051468557	0.050505974	0.049888112	0.046690757	0.041888313	0.036350481	0.04604595
20201117	0.049364153	0.04791256	0.045975586	0.04938222	0.050132018	0.050682729	0.050280135	0.05194851	0.053908348	0.055986151	0.055625219	0.052860064	0.051355125	0.05085521	0.049945623	0.049337215	0.046026922	0.041307183	0.035948673	0.044392569
20201113	0.049364153	0.046675656	0.045203814	0.047926509	0.048345577	0.050145197	0.05006087	0.05184681	0.053641104	0.055668613	0.05551283	0.05297393	0.051502657	0.050872131	0.049958162	0.049342394	0.046218889	0.041472896	0.036134055	0.044624058
20201112	0.049364153	0.047383124	0.045203814	0.047814531	0.048345577	0.050104875	0.049764186	0.051766466	0.053048229	0.055263328	0.055384783	0.053117666	0.051651755	0.05101642	0.050094004	0.049525631	0.046605488	0.041878734	0.036332625	0.04913499
20201111	0.049364153	0.047580629	0.045203814	0.047814531	0.048345577	0.049648245	0.049368942	0.051450253	0.053080761	0.055109559	0.054784325	0.052893141	0.051342625	0.050823577	0.050074123	0.049633081	0.047079972	0.042912444	0.038166129	0.04713016
20201110	0.049364153	0.047217316	0.043660269	0.047142664	0.048233924	0.048739771	0.049406923	0.050623777	0.052047335	0.054336256	0.054282364	0.052068644	0.050718029	0.050508373	0.049605003	0.049045344	0.046258836	0.042386275	0.038020309	0.045746756
20201109	0.049364153	0.047282819	0.043439762	0.047142664	0.048233924	0.048739303	0.049186357	0.050170494	0.051783116	0.053984322	0.053941214	0.052105313	0.05078371	0.050425312	0.049448246	0.048810381	0.046040411	0.042302871	0.038781292	0.044467795
20201106	0.048643861	0.047402937	0.044101282	0.047030686	0.048233924	0.048625391	0.047862957	0.0489323	0.051246679	0.052710836	0.052028621	0.050436982	0.049233058	0.048530644	0.04754601	0.046970514	0.044096251	0.039318341	0.036065922	0.041172305
20201105	0.049364153	0.047580629	0.043439762	0.046694753	0.047787313	0.048418222	0.047860365	0.048652586	0.050808248	0.052365612	0.051557822	0.049459995	0.048441487	0.04793434	0.046730497	0.046019826	0.043311835	0.038091923	0.034782486	0.040548593
20201104	0.049364153	0.04774247	0.043329509	0.046694753	0.047564009	0.048420591	0.047860487	0.048600265	0.050879497	0.05253058	0.051579272	0.049907143	0.048824302	0.047699245	0.046493178	0.04587027	0.043107051	0.038135454	0.03481921	0.041503698
20201103	0.049364153	0.046522401	0.043219256	0.046246841	0.047229051	0.04819458	0.047420324	0.048238243	0.050817418	0.051825809	0.050983918	0.049383694	0.047960886	0.047137714	0.046094329	0.045529651	0.042778601	0.038366742	0.034446542	0.040930524
20201030	0.049364153	0.045412651	0.043329509	0.046470797	0.047452356	0.048306401	0.047530508	0.047812963	0.049865628	0.051449347	0.050485263	0.048632381	0.047229941	0.046301578	0.045344425	0.044820768	0.042298825	0.037813392	0.033876864	0.04102292
20201029	0.04833095	0.045896841	0.043329509	0.046470797	0.047452356	0.049043699	0.047737807	0.048221016	0.04981056	0.051288627	0.050599247	0.048839478	0.047341513	0.046162673	0.045172594	0.04467928	0.041879444	0.037305152	0.033369803	0.040416142
20201028	0.049364153	0.046107894	0.04299875	0.046470797	0.048568882	0.050141865	0.049182927	0.047989959	0.04980899	0.050980295	0.05069016	0.0489774	0.047358402	0.046183592	0.044958886	0.044300287	0.041655293	0.036924874	0.032625792	0.040368374
20201027	0.049364153	0.046353298	0.04299875	0.046470797	0.049127145	0.050323036	0.050064422	0.048860169	0.050702878	0.052073704	0.051562885	0.049576757	0.04790463	0.046609105	0.0454359	0.044821797	0.041674806	0.03660191	0.031641466	0.040975145
20201026	0.048311812	0.046253548	0.04299875	0.047702553	0.049685408	0.050605159	0.050395723	0.049783523	0.05169836	0.052487434	0.051587297	0.0492841	0.047693806	0.046406914	0.045356514	0.044763555	0.041134446	0.035585376	0.031209248	0.038727712
20201023	0.048548611	0.046726578	0.042337231	0.047926509	0.049908713	0.050577282	0.050479406	0.04949869	0.051803625	0.052327951	0.051510749	0.049282426	0.047496754	0.045962322	0.044724454	0.044019176	0.040890671	0.035368637	0.030801568	0.038124658
20201022	0.049364153	0.046900905	0.042337231	0.047926509	0.049797061	0.051105444	0.050726772	0.049478258	0.051684538	0.05232312	0.051582274	0.049200474	0.047269128	0.045726187	0.044563584	0.043945135	0.040541948	0.035065457	0.030342202	0.036742046
20201021	0.049364153	0.047088509	0.042557736	0.048822331	0.049797061	0.051087799	0.050947262	0.050282777	0.05243533	0.053387142	0.05245248	0.050345432	0.048194036	0.046712589	0.045401993	0.04462846	0.04120258	0.03532654	0.030309821	0.0392565
20201020	0.049364153	0.047044904	0.042337231	0.048598375	0.049797061	0.051079166	0.051058295	0.050826394	0.052576885	0.053866453	0.052704327	0.050657264	0.04837876	0.046849824	0.045633012	0.044906253	0.041190207	0.035442472	0.030099869	0.037380077
20201019	0.049364153	0.047285357	0.045644827	0.049046287	0.050801934	0.051343509	0.051168578	0.050772741	0.052703421	0.053680794	0.052454877	0.050401979	0.04826522	0.046658966	0.045285393	0.044438038	0.040637481	0.035305883	0.029804905	0.0369389
20201016	0.049214063	0.048067729	0.045644827	0.048710353	0.05080592	0.051331902	0.051148518	0.050991334	0.052771739	0.05369143	0.052762272	0.050942203	0.048726377	0.046863194	0.045435078	0.04458501	0.040802133	0.03535564	0.029859428	0.037033961
20201015	0.049364153	0.048260352	0.045644827	0.049270242	0.050808589	0.051327966	0.05116893	0.050789764	0.052607154	0.053382883	0.05270319	0.050640518	0.048388232	0.046652946	0.045247606	0.044424363	0.04056011	0.034985799	0.029677857	0.037573055
20201014	0.049364153	0.047572041	0.044432041	0.047590575	0.050690281	0.051441676	0.05138942	0.050528222	0.052749803	0.053520907	0.052553718	0.050619106	0.048500985	0.046575892	0.04511662	0.044295103	0.040191706	0.034532465	0.02973532	0.036893074
20201013	0.049364153	0.04785476	0.044432041	0.047030686	0.050466975	0.051512649	0.051389508	0.050529606	0.052610198	0.05349279	0.052489973	0.050398076	0.048465926	0.046689993	0.045193058	0.0443082	0.040545786	0.034800531	0.029507567	0.037357635
