DATE	1	7	30	90	180	270	360	720	1080	1440	1800	2160	2520	2880	3240	3600	5400	7200	9000	10800
20211015	0.048500918	0.047905159	0.047294002	0.048445706	0.049005583	0.04933769	0.049467955	0.049758635	0.051991892	0.053984012	0.056018026	0.0577466	0.059618296	0.062219672	0.064918853	0.067761727	0.08515125	0.10889575	0.140335535	0.182411958
20211014	0.047372989	0.047905159	0.047294002	0.048334591	0.049117467	0.04933769	0.049580638	0.049634941	0.051751149	0.054516394	0.056017294	0.056979561	0.058921371	0.061935108	0.065175132	0.068605829	0.08444783	0.109548266	0.135964414	0.183544176
20211013	0.047372989	0.047905159	0.047511446	0.048445706	0.048781813	0.049224531	0.049580638	0.049632548	0.052133263	0.05519574	0.056619784	0.057259358	0.058830971	0.06236364	0.066100321	0.069205648	0.083806988	0.107262707	0.131267903	0.173847874
20211012	0.047932442	0.047905159	0.047511446	0.048445706	0.048781813	0.049224531	0.049580638	0.049189024	0.051258038	0.0536146	0.05499675	0.056145575	0.057478206	0.060947595	0.064575663	0.067010414	0.081697594	0.102025093	0.129252534	0.164224096
20211011	0.047372989	0.047905159	0.047511446	0.048779048	0.049341237	0.050000955	0.050146511	0.04992248	0.052574826	0.055388834	0.057062966	0.058073317	0.059386742	0.062840088	0.066443503	0.068955339	0.083840441	0.103740976	0.125893939	0.168139837
20211008	0.047372989	0.047862936	0.047511446	0.048890161	0.049453122	0.050204371	0.050375584	0.050186644	0.052795518	0.055301624	0.057464658	0.058196932	0.060264818	0.063488334	0.066669719	0.069402414	0.083902759	0.105370818	0.130824718	0.159419229
20211007	0.047372989	0.047684294	0.047511446	0.048890161	0.049676892	0.050219477	0.050369274	0.049811388	0.052444713	0.054648461	0.056929712	0.057720497	0.060677875	0.063887438	0.066944159	0.069801211	0.0859378	0.107964964	0.136253159	0.164906146
20211006	0.047372989	0.047466671	0.046750393	0.048667934	0.049565007	0.050214363	0.050144031	0.049814633	0.05243953	0.0549795	0.057088941	0.058028304	0.061472643	0.06490562	0.06808791	0.071021143	0.088535781	0.112055426	0.141667224	0.176586442
20211005	0.047372989	0.046852794	0.046750393	0.048667934	0.049665379	0.050196574	0.050143942	0.049782634	0.052613154	0.055474167	0.05804648	0.058903049	0.062893763	0.066005719	0.068674577	0.071884138	0.089015539	0.11408541	0.139376271	0.191912106
20211004	0.047372989	0.046791086	0.046750393	0.048779048	0.049770182	0.050207607	0.050144043	0.05014367	0.052808372	0.055917614	0.058007614	0.059195724	0.063421569	0.066612123	0.069311771	0.072694711	0.088736326	0.113007934	0.140460426	0.187992134
20211001	0.047372989	0.046791086	0.046750393	0.048667934	0.049788776	0.050222962	0.049918936	0.050493331	0.053307694	0.056440485	0.058977134	0.05968951	0.06370906	0.067232109	0.070232338	0.073655829	0.090052448	0.114653788	0.148858245	0.186393796
20210930	0.046357854	0.046791086	0.046750393	0.04855682	0.050124432	0.050356129	0.051045554	0.051898982	0.055467853	0.05879526	0.061198891	0.061631853	0.065686285	0.069595308	0.073094441	0.076889882	0.092815961	0.117161525	0.15147356	0.181350669
20210929	0.046357854	0.046791086	0.04718528	0.04800125	0.049788776	0.050209067	0.051045938	0.053325452	0.056535117	0.059594546	0.061452068	0.062010574	0.06442571	0.068124617	0.071950907	0.075715283	0.093026624	0.111416672	0.140700192	0.176277566
20210928	0.046861361	0.046791086	0.04718528	0.04800125	0.049788776	0.050184782	0.050935913	0.05273361	0.055532872	0.05828108	0.060003222	0.060876976	0.063279876	0.066710421	0.070151445	0.073257694	0.08991652	0.105634846	0.131527523	0.174816266
20210927	0.046357854	0.046791086	0.04718528	0.04800125	0.049788776	0.050176884	0.051045678	0.052521508	0.054945227	0.057427026	0.058926326	0.05952145	0.06252304	0.065794243	0.068725623	0.071492881	0.08907304	0.104470869	0.124988074	0.176146108
20210924	0.046357854	0.046753084	0.04718528	0.048112363	0.049788776	0.050213231	0.05093304	0.052017663	0.05503054	0.057376147	0.059530434	0.060273596	0.063928692	0.066689856	0.068832609	0.071659862	0.090678815	0.107620449	0.132134053	0.174875791
20210923	0.046245061	0.046646445	0.04718528	0.048445706	0.049788776	0.050208399	0.05104569	0.051589126	0.054863105	0.057256577	0.058856733	0.060089277	0.064583146	0.067320182	0.069153141	0.071802828	0.090137753	0.107848666	0.130003604	0.172607808
20210922	0.046245061	0.04601481	0.046424227	0.047779021	0.049565007	0.050582449	0.051270954	0.052375582	0.056256906	0.058769949	0.060677206	0.061868123	0.066950208	0.069673123	0.071328322	0.074365635	0.092970885	0.111500005	0.133137485	0.183734654
20210921	0.046245061	0.045707871	0.046424227	0.047779021	0.049565007	0.050582449	0.051386444	0.053581099	0.05679847	0.059412277	0.061275812	0.062401551	0.067087132	0.070068229	0.071988989	0.074654166	0.092438723	0.111421567	0.134286653	0.201381686
20210920	0.046245061	0.045677013	0.046424227	0.047779021	0.049341237	0.050308975	0.051286381	0.054494194	0.056998303	0.059917152	0.061451132	0.062049308	0.066617402	0.06977121	0.071814765	0.074675718	0.091523532	0.112769694	0.144560406	0.195830307
20210917	0.046245061	0.045677013	0.046424227	0.047223452	0.048893698	0.04979033	0.05104552	0.0530104	0.055006806	0.05818833	0.059615552	0.060834933	0.064254716	0.066755426	0.068597802	0.071183325	0.087800527	0.110870111	0.145860081	0.205336016
20210915	0.046245061	0.045677013	0.046424227	0.047223452	0.048893698	0.04979033	0.050144471	0.052157217	0.05437054	0.057128871	0.059040961	0.060648761	0.064075328	0.066630539	0.068582727	0.071150813	0.087714541	0.110965937	0.150609407	0.230753276
20210914	0.046809025	0.04628602	0.046206783	0.047556793	0.049005583	0.04945085	0.049821667	0.052108194	0.054092046	0.057979425	0.059950481	0.061415967	0.064363256	0.06679928	0.06883665	0.071747145	0.087205041	0.110171429	0.141943004	0.206922616
20210913	0.046809025	0.046234049	0.046206783	0.047667908	0.049005583	0.049397677	0.049707914	0.050809461	0.052378958	0.056186478	0.058770034	0.059997483	0.062324238	0.064512874	0.06642977	0.069041477	0.084303573	0.103871116	0.132964043	0.18754861
20210910	0.046809025	0.046234049	0.046206783	0.04744568	0.048893698	0.049371288	0.049363869	0.049628084	0.051611519	0.055340232	0.058024768	0.058921298	0.061095857	0.064117322	0.066968996	0.069114267	0.085239373	0.103426942	0.128417566	0.192901599
20210909	0.046809025	0.046234049	0.046206783	0.04689011	0.048893698	0.04956401	0.049924345	0.049609194	0.05161132	0.05617747	0.059008575	0.059952792	0.06184847	0.064873297	0.068043393	0.070507658	0.087028129	0.104347667	0.133690142	0.195092051
20210908	0.046809025	0.046234049	0.045337009	0.046556767	0.047998619	0.048673159	0.049248167	0.049424359	0.051678679	0.055627513	0.058793307	0.059776254	0.061368856	0.064028292	0.066910777	0.06957402	0.086652444	0.10138708	0.136827879	0.192157323
20210907	0.046809025	0.046234049	0.045337009	0.046112312	0.047998619	0.048658732	0.048455912	0.048626873	0.05082554	0.05391015	0.055542848	0.056448231	0.058115384	0.06078509	0.063727226	0.066814439	0.081196688	0.094851273	0.123247651	0.188004492
20210906	0.046809025	0.046234049	0.045337009	0.046112312	0.047998619	0.048658732	0.048453997	0.047803404	0.050159561	0.053148898	0.054260959	0.05498293	0.056497354	0.059230607	0.062147886	0.064532615	0.079408088	0.092023139	0.117532851	0.16892353
20210903	0.046809025	0.046234049	0.045337009	0.047334565	0.048558043	0.049111371	0.048904888	0.049255157	0.051586118	0.054979665	0.055925981	0.056567503	0.058302419	0.061132125	0.063982677	0.066243765	0.080858486	0.091595253	0.118984935	0.17243213
20210902	0.046809025	0.046234049	0.045337009	0.047667908	0.048222389	0.048781781	0.048792204	0.049109285	0.051490629	0.054207209	0.054536686	0.055113338	0.056763004	0.059188391	0.061762637	0.064352761	0.078308957	0.089430597	0.118859499	0.165323998
20210901	0.046132269	0.045617576	0.044902122	0.048223477	0.048110503	0.048814485	0.048904877	0.049258973	0.051402956	0.05387899	0.054788625	0.055201007	0.056786352	0.059479912	0.062326699	0.065404687	0.079798073	0.089076738	0.121799307	0.179306301
20210831	0.046132269	0.045559433	0.044684678	0.048223477	0.048110503	0.048905114	0.048907108	0.049377687	0.050980447	0.053307169	0.054193396	0.054379945	0.056274004	0.058824497	0.061214656	0.064174511	0.077969945	0.094935226	0.112874461	0.162729949
20210830	0.046132269	0.045565605	0.044684678	0.048223477	0.048110503	0.04891479	0.049017537	0.049482169	0.051324485	0.053867346	0.05453532	0.054838508	0.056776425	0.059433861	0.06195696	0.065305389	0.079539786	0.09737307	0.119417606	0.17155208
20210827	0.046132269	0.045565605	0.044684678	0.048223477	0.048110503	0.049351847	0.049468293	0.05008531	0.052393521	0.054643413	0.054862969	0.055905079	0.05760964	0.059943378	0.062364269	0.065584044	0.080514849	0.100700531	0.126851724	0.186558447
20210826	0.046132269	0.045565605	0.044684678	0.047779021	0.048110503	0.049367022	0.049580897	0.049968635	0.052169587	0.054162362	0.054355512	0.055602423	0.057229351	0.059426514	0.061944669	0.06481793	0.07985547	0.100742259	0.129135356	0.206127359
20210825	0.046132269	0.045565605	0.045554453	0.047779021	0.048446158	0.049704385	0.049806128	0.049814019	0.051410185	0.053753603	0.054561325	0.055764488	0.057158127	0.059144635	0.061464539	0.064325092	0.080437406	0.097568696	0.121420759	0.194840061
20210824	0.046132269	0.045565605	0.045554453	0.047779021	0.048110503	0.049571479	0.049807041	0.049119279	0.051208568	0.053060293	0.054227148	0.055392082	0.056379187	0.057900656	0.059885592	0.062776186	0.077425574	0.09392155	0.115715611	0.179848581
20210823	0.046132269	0.045565605	0.045337009	0.048112363	0.049005583	0.050582449	0.050830611	0.051368582	0.053604517	0.056050605	0.057874917	0.058801879	0.059458128	0.061283919	0.063634214	0.065966428	0.081132763	0.098032301	0.117453662	0.202129776
20210820	0.046132269	0.045565605	0.045228287	0.048334591	0.049341237	0.050578669	0.050932837	0.050956238	0.053183319	0.055479665	0.056389254	0.057959269	0.058882779	0.060627449	0.062842065	0.065327204	0.08074511	0.0963666	0.114652776	0.186631697
20210819	0.046132269	0.045565605	0.045119565	0.048223477	0.049341237	0.050577888	0.050932837	0.050614104	0.05219778	0.054175238	0.054807428	0.055047428	0.055841137	0.057425482	0.059128502	0.060370394	0.076285342	0.088882017	0.10309995	0.161917675
20210818	0.046132269	0.045565605	0.045771896	0.048334591	0.048781813	0.050573012	0.050594787	0.050209285	0.051844928	0.053501607	0.054191824	0.054484516	0.055551659	0.057179071	0.058839515	0.061224085	0.073738483	0.086450105	0.100918356	0.157942428
20210817	0.046132269	0.045565605	0.045880618	0.048334591	0.049117467	0.050570386	0.050617584	0.050939635	0.053065325	0.054698469	0.056012943	0.055999741	0.056289806	0.057646769	0.059426523	0.061333206	0.072721607	0.085598274	0.100746401	0.161749137
20210816	0.046132269	0.045565605	0.044467234	0.047779021	0.049117467	0.050568632	0.050602901	0.05069229	0.052949176	0.054917817	0.056295218	0.056144512	0.056062765	0.057170752	0.058735762	0.060690608	0.072401092	0.08513052	0.101955246	0.159003685
20210813	0.046132269	0.045565605	0.044467234	0.047334565	0.049341237	0.050687484	0.050603531	0.051004291	0.053662896	0.056455577	0.058050187	0.058236408	0.057696905	0.058515452	0.06012033	0.062313262	0.074534333	0.088881708	0.10852038	0.169908618
20210812	0.046132269	0.045565605	0.044467234	0.047001223	0.049117467	0.050462353	0.050490184	0.050697982	0.053573355	0.056700618	0.058076641	0.058725906	0.058284819	0.059349997	0.06141481	0.063598495	0.077360606	0.094207933	0.117453375	0.183927941
20210811	0.046245061	0.044742549	0.043380015	0.046445653	0.048893698	0.050480175	0.050377444	0.050708828	0.053720707	0.056883246	0.058543672	0.059541909	0.059308632	0.060507816	0.062600163	0.064797102	0.07971907	0.099493651	0.12511852	0.196352781
20210810	0.046245061	0.045013114	0.043380015	0.04577897	0.048893698	0.050482846	0.050393693	0.05085084	0.053852783	0.056825626	0.05881897	0.059799177	0.059566189	0.060895697	0.063206743	0.06523571	0.081502139	0.100897983	0.126613295	0.205025897
20210809	0.046245061	0.045119975	0.043380015	0.04577897	0.049676892	0.050559727	0.050601537	0.050867131	0.054003367	0.057069681	0.059038356	0.059600036	0.059057687	0.060538817	0.063062094	0.065099357	0.080748154	0.099240063	0.12371574	0.194855305
20210806	0.046245061	0.045199554	0.043380015	0.04577897	0.049453122	0.050808769	0.050713601	0.051010534	0.054319548	0.057784423	0.059526726	0.059884902	0.059081214	0.060580044	0.063317482	0.064970282	0.079271999	0.097009712	0.120554272	0.195318842
20210805	0.046809025	0.04521417	0.043380015	0.046223425	0.049900662	0.050917085	0.050829958	0.052922898	0.056918552	0.060751886	0.062610003	0.06266475	0.061905305	0.063577372	0.066235215	0.06820206	0.08362707	0.100526132	0.124102978	0.209956482
20210804	0.046809025	0.045309981	0.042945128	0.046112312	0.049565007	0.050720561	0.050835411	0.053448629	0.056785302	0.061691621	0.062475658	0.06214782	0.061121491	0.062780949	0.065785465	0.067356587	0.081966334	0.09694408	0.117616317	0.188318816
20210803	0.04658344	0.045589635	0.04305385	0.046112312	0.049565007	0.050909436	0.050980773	0.053676612	0.057013559	0.061091841	0.062140134	0.061327748	0.06042407	0.061734694	0.063932087	0.065558569	0.078814767	0.092184481	0.108609186	0.192918249
20210802	0.046809025	0.045677013	0.04305385	0.046112312	0.049565007	0.050908485	0.050949661	0.053655221	0.056895386	0.060938967	0.062254642	0.061332935	0.060240708	0.061285135	0.063240024	0.064338245	0.077821342	0.089931242	0.107567183	0.176015847
20210730	0.046809025	0.04575659	0.04305385	0.046112312	0.049565007	0.051059519	0.051176199	0.054138399	0.057611518	0.061608156	0.063163879	0.06274932	0.061717712	0.062775775	0.064985843	0.066462685	0.079710339	0.092827703	0.111057289	0.178235646
20210729	0.047372989	0.045771207	0.04305385	0.046112312	0.049453122	0.051036276	0.051402726	0.05443647	0.057842996	0.062601623	0.064089733	0.063578796	0.062759092	0.064003795	0.066505847	0.06818652	0.081384981	0.096102054	0.116063169	0.18688421
20210728	0.047372989	0.045867017	0.043162572	0.046778995	0.049565007	0.051132644	0.051627507	0.054457817	0.058609669	0.063309266	0.064898903	0.064762311	0.063813404	0.064874124	0.067076866	0.068995127	0.08240834	0.096755286	0.115557671	0.192056028
20210727	0.047137095	0.046146672	0.043488738	0.04689011	0.049788776	0.051509805	0.052001616	0.054963895	0.059492145	0.06453701	0.065990182	0.066352557	0.065642262	0.067072847	0.069679162	0.071663553	0.08569239	0.099198282	0.116374443	0.206123358
20210726	0.047372989	0.046234049	0.043488738	0.04689011	0.049788776	0.051508957	0.051968734	0.056466362	0.060920622	0.065699357	0.067317631	0.067841139	0.067473613	0.068876391	0.071531811	0.073999251	0.08870836	0.104248661	0.124949842	0.200506855
20210723	0.047372989	0.046313627	0.043488738	0.04689011	0.049788776	0.051398693	0.05196754	0.05652538	0.061113552	0.065953036	0.06743736	0.067888342	0.067714152	0.069238891	0.071643441	0.074298608	0.089838462	0.106509326	0.129179897	0.201624278
20210722	0.047372989	0.046571847	0.044358512	0.04689011	0.049788776	0.05147451	0.052285465	0.056765567	0.061235912	0.066329886	0.067547799	0.067983279	0.067745027	0.069321547	0.071767146	0.074430726	0.090922852	0.110763053	0.136287869	0.21808114
20210721	0.048049746	0.046519553	0.045119565	0.047223452	0.049900662	0.052041498	0.052417732	0.057027467	0.061976648	0.066558612	0.067765526	0.068364548	0.068203948	0.069708932	0.072187165	0.075062854	0.092026432	0.112550765	0.14075511	0.218966701
20210720	0.047824161	0.046717356	0.045119565	0.047223452	0.049900662	0.051777168	0.052124981	0.057029688	0.062453087	0.067029557	0.068303175	0.068976204	0.068889208	0.070271701	0.072520034	0.075060715	0.092804433	0.111116141	0.137021354	0.232988424
20210719	0.048049746	0.046791086	0.045119565	0.047223452	0.049900662	0.051778831	0.051969433	0.057394152	0.062901281	0.06741045	0.068367967	0.069036752	0.068825975	0.070330225	0.072451292	0.074812138	0.092352161	0.109614376	0.132500865	0.219595953
20210716	0.048049746	0.046863189	0.045119565	0.04744568	0.050236316	0.05182104	0.05196887	0.057242782	0.062435481	0.067145372	0.068102631	0.068739072	0.068741656	0.070187797	0.072161591	0.074487155	0.091117589	0.108300984	0.130641643	0.216118674
20210715	0.048726504	0.046871633	0.045119565	0.04744568	0.050236316	0.051786866	0.052191611	0.056888248	0.062284624	0.066628606	0.067993333	0.068472263	0.06848385	0.06987079	0.071492279	0.073816504	0.09029975	0.107118042	0.128982098	0.207195701
20210714	0.048726504	0.04698792	0.045119565	0.047779021	0.050124432	0.05199104	0.052192129	0.057263655	0.062346266	0.066887189	0.06838842	0.068786468	0.068630212	0.069898896	0.07179541	0.07412255	0.089678817	0.106349772	0.128066577	0.205880228
20210713	0.048443427	0.047350785	0.045119565	0.047779021	0.050124432	0.052174223	0.052342269	0.057202395	0.062064531	0.066708224	0.068608595	0.068468679	0.068235534	0.069711747	0.071845068	0.074187385	0.090075058	0.105667727	0.127159758	0.204592405
20210712	0.048726504	0.04745953	0.045119565	0.047779021	0.050348201	0.052087599	0.052529435	0.057311955	0.062519838	0.067361325	0.069119204	0.069156757	0.069007409	0.070476488	0.072367181	0.074758466	0.090564934	0.106035166	0.127142953	0.199738747
20210709	0.048726504	0.047555017	0.045119565	0.047779021	0.050460086	0.052402376	0.05262348	0.057893017	0.063567083	0.068663701	0.070575349	0.070410196	0.070162467	0.071505657	0.073430551	0.075874293	0.091323847	0.107002874	0.12853168	0.208227561
20210708	0.049403261	0.047572563	0.045119565	0.047779021	0.050571971	0.052532759	0.05273613	0.058498152	0.06407632	0.069331688	0.071235097	0.071014996	0.070665556	0.071816656	0.073806208	0.07587113	0.09121018	0.107266373	0.128330366	0.208221031
20210707	0.049403261	0.047687536	0.045663174	0.048667934	0.050460086	0.052549733	0.052848802	0.058116794	0.063270028	0.068687862	0.07085904	0.070528707	0.070116295	0.071191764	0.073039618	0.075478555	0.090151879	0.105515469	0.126033851	0.221036556
20210706	0.049120184	0.048023128	0.045663174	0.048667934	0.050460086	0.052498731	0.052851461	0.058206506	0.063212038	0.068591942	0.071006345	0.070809109	0.070306919	0.071415622	0.073531589	0.075605823	0.090328416	0.104852801	0.124599596	0.213049289
20210705	0.049403261	0.048127974	0.045663174	0.047779021	0.050460086	0.052497328	0.052961485	0.058934614	0.064216799	0.069747465	0.071942288	0.071705476	0.071293698	0.072350695	0.07448053	0.077021525	0.091588125	0.106727797	0.126656807	0.201183117
20210702	0.049403261	0.048223461	0.045663174	0.04800125	0.050460086	0.052589112	0.052961485	0.05866205	0.063823501	0.069224636	0.071193227	0.071204128	0.070941776	0.072243906	0.07446123	0.077148424	0.092716595	0.107450451	0.127013506	0.207171967
20210701	0.049516053	0.048316787	0.045663174	0.047667908	0.050460086	0.052466866	0.053074191	0.058759945	0.06381517	0.069354835	0.071389681	0.071494686	0.071471287	0.072781277	0.07491377	0.077615334	0.094120327	0.108923049	0.128430224	0.204492602
20210630	0.049516053	0.048478439	0.046532949	0.047223452	0.050571971	0.052567227	0.053299546	0.058392009	0.06334383	0.069104778	0.071123449	0.07143939	0.071269957	0.072479466	0.074634344	0.076898899	0.094137834	0.109461344	0.129212239	0.205377864
20210629	0.049426845	0.048638041	0.046532949	0.047223452	0.050571971	0.052634014	0.053302217	0.058579627	0.063428376	0.069588436	0.071547632	0.071685861	0.071505785	0.072852937	0.074872626	0.077409069	0.094666324	0.110553966	0.131301278	0.214303957
20210628	0.049516053	0.048796418	0.047076558	0.048223477	0.050683856	0.052732486	0.053544126	0.058809991	0.063530937	0.069154047	0.071217329	0.071552649	0.071610848	0.073202317	0.075081286	0.077403155	0.094535895	0.110764254	0.132188562	0.20454578
20210625	0.049516053	0.048812338	0.047076558	0.048334591	0.050683856	0.052718805	0.053524552	0.058558193	0.063548899	0.068885552	0.070713619	0.071062868	0.071191247	0.072612471	0.074065225	0.076511438	0.094758171	0.110888205	0.131690878	0.198361454
20210624	0.049516053	0.048834742	0.047076558	0.048445706	0.050683856	0.052593118	0.053524552	0.05878775	0.063656759	0.068605824	0.070251886	0.070777498	0.070985078	0.072451506	0.074319442	0.076775065	0.093534408	0.108429342	0.127198353	0.207567554
20210623	0.049516053	0.048855854	0.047294002	0.048890161	0.051019511	0.052580105	0.052961136	0.058558797	0.063337472	0.068078798	0.06978548	0.070351509	0.070677675	0.071979299	0.07371639	0.076136407	0.092207723	0.106986411	0.124780412	0.208594393
20210622	0.049516053	0.048907825	0.04772889	0.048890161	0.051019511	0.052425664	0.053013568	0.058257619	0.063051686	0.067639391	0.069180581	0.069859061	0.070218891	0.071213285	0.072944046	0.074965589	0.091218418	0.104688186	0.121143814	0.196998985
20210621	0.049516053	0.048907825	0.04772889	0.048445706	0.051019511	0.0525142	0.053091139	0.057987148	0.063037553	0.067747276	0.069459676	0.069988048	0.070352149	0.07130804	0.072891155	0.075134627	0.091504147	0.106566819	0.12416749	0.196554401
20210618	0.049516053	0.048820125	0.047294002	0.048334591	0.050907626	0.052493414	0.05409696	0.058432828	0.063521882	0.068101933	0.069758608	0.070149573	0.070491976	0.071570951	0.073161795	0.075189549	0.092596147	0.107435567	0.125333653	0.209292183
20210617	0.049628847	0.048826086	0.047294002	0.048334591	0.050795741	0.052598007	0.053628052	0.058658428	0.063779034	0.068633967	0.070441004	0.070989754	0.071505348	0.072574999	0.0742199	0.076279795	0.093776995	0.108798433	0.126624085	0.206789598
20210616	0.049628847	0.048844813	0.047402724	0.04855682	0.050907626	0.052678769	0.053529262	0.058664087	0.063736521	0.068923914	0.070849867	0.071533099	0.072009568	0.073151359	0.075217304	0.077493377	0.095718602	0.111287965	0.129464094	0.217763389
20210615	0.049581665	0.048891649	0.047294002	0.048560131	0.050907626	0.052499693	0.053796209	0.058970063	0.063940163	0.069513455	0.071429669	0.071589348	0.072117406	0.073579347	0.075647248	0.077965581	0.097189387	0.113382695	0.132909058	0.223971137
20210614	0.049628847	0.048907825	0.047294002	0.04855682	0.050795741	0.052584925	0.053396375	0.059212298	0.063913471	0.070052947	0.071694781	0.071802219	0.07257052	0.073844903	0.07591388	0.078281427	0.097159005	0.113455928	0.13367612	0.219423161
20210611	0.049628847	0.048923745	0.047294002	0.048445706	0.050683856	0.052996363	0.054197599	0.058730479	0.063302596	0.06951406	0.071269943	0.0709374	0.071357343	0.07283719	0.074869314	0.07699657	0.094821215	0.109222853	0.127319671	0.208237368
20210610	0.049628847	0.048946149	0.047294002	0.048779048	0.050907626	0.053266578	0.054090921	0.059052971	0.06392539	0.069930473	0.071381241	0.07141127	0.07176914	0.073070714	0.075278299	0.077642746	0.095241258	0.109880824	0.128845093	0.210967447
20210609	0.049628847	0.049342481	0.048055055	0.048334591	0.050907626	0.053469417	0.053675773	0.059053025	0.063335636	0.069530219	0.071112032	0.070967482	0.071234901	0.072581738	0.074655978	0.076985911	0.093047557	0.107015458	0.125705951	0.205320124
20210608	0.049628847	0.049050092	0.048055055	0.048334591	0.050012546	0.053124087	0.053712385	0.059252653	0.063686798	0.069606975	0.071105532	0.070933679	0.071273494	0.07278131	0.074982589	0.077364806	0.093916316	0.106722194	0.124766311	0.199005584
20210607	0.049628847	0.049019232	0.048055055	0.048334591	0.050012546	0.052606505	0.053012216	0.059477228	0.06406417	0.069715557	0.07114112	0.070897778	0.071031473	0.072329359	0.074798797	0.07700692	0.092982757	0.106704894	0.124722993	0.188803039
20210604	0.049628847	0.049019232	0.047511446	0.048334591	0.050012546	0.052420255	0.052788787	0.058852438	0.063842565	0.069038509	0.070544671	0.070217966	0.070336047	0.071530617	0.073683465	0.076024002	0.091715788	0.105873797	0.124106219	0.182419764
20210603	0.048275332	0.048575664	0.047511446	0.04855682	0.049900662	0.052252077	0.05279637	0.059067849	0.063943038	0.069574389	0.071016902	0.070475712	0.070471832	0.071691096	0.073755022	0.076104769	0.09223385	0.106091874	0.122663683	0.190232753
20210602	0.048275332	0.048333253	0.04718528	0.049001275	0.050348201	0.05214986	0.052474694	0.059193064	0.063888269	0.069714541	0.071191607	0.070833325	0.070535793	0.071491961	0.073716173	0.076062329	0.092455362	0.104852844	0.120614713	0.187467421
20210601	0.048474366	0.048177728	0.04718528	0.049001275	0.049788776	0.052077765	0.052618714	0.059043839	0.063330831	0.069161895	0.070662439	0.070340886	0.070210549	0.071117177	0.072912525	0.075243296	0.090987879	0.102336339	0.11732832	0.186696572
20210531	0.048275332	0.048127974	0.04718528	0.049001275	0.049788776	0.051954512	0.05245156	0.059387096	0.063822672	0.069675471	0.071111183	0.070663936	0.07042476	0.071308729	0.072961812	0.075529175	0.090619559	0.10196013	0.117431223	0.186880525
20210528	0.048275332	0.048079902	0.048163777	0.049334618	0.050012546	0.051876783	0.052460912	0.05911877	0.063451175	0.069395732	0.070791574	0.070320988	0.070040994	0.07075046	0.072525741	0.074871783	0.089543731	0.100911526	0.117116563	0.1813066
20210527	0.047936954	0.048059113	0.048163777	0.049556846	0.050683856	0.051944135	0.052796799	0.059235974	0.063809703	0.069984748	0.071087969	0.070858091	0.070705973	0.071417163	0.073464398	0.075854746	0.090801439	0.102409926	0.118580531	0.179599533
20210526	0.047936954	0.047983111	0.04772889	0.049223504	0.050683856	0.05253423	0.052906936	0.059506618	0.063742669	0.070099004	0.071215689	0.07087732	0.070797503	0.071706454	0.073633086	0.075798784	0.090591832	0.101573725	0.117618905	0.17838222
20210525	0.047936954	0.047760296	0.04772889	0.049223504	0.050683856	0.052547232	0.053133102	0.059699906	0.063951768	0.070303014	0.071492558	0.071063702	0.070886602	0.071736571	0.073768406	0.076107699	0.091329048	0.101682778	0.116134281	0.18109621
20210524	0.047936954	0.047682344	0.04772889	0.049445732	0.050683856	0.052589089	0.053237312	0.060154675	0.064304084	0.070677813	0.07191925	0.071488334	0.071163241	0.072112288	0.073952802	0.076384494	0.092276072	0.10321112	0.11811608	0.179801057
20210521	0.047936954	0.047626808	0.047620167	0.049556846	0.050683856	0.052572862	0.053235689	0.060497069	0.064945953	0.071170847	0.072400468	0.07194104	0.07183777	0.073094798	0.075084217	0.077374342	0.093454562	0.10474275	0.119567593	0.182553517
20210520	0.047485782	0.047630161	0.047620167	0.049556846	0.051131396	0.052598855	0.053332934	0.060736631	0.065345662	0.071195922	0.072424873	0.072201068	0.072174892	0.073121947	0.075008201	0.077504932	0.093823284	0.105841453	0.120395329	0.183858591
20210519	0.047485782	0.047571583	0.04718528	0.049556846	0.051245551	0.052582979	0.053444852	0.061051586	0.065685462	0.07157344	0.072828224	0.072514274	0.07253418	0.073732349	0.075655336	0.077917371	0.094349753	0.106058815	0.120817334	0.18944749
20210518	0.047679662	0.047404706	0.04718528	0.049556846	0.051355166	0.052479924	0.053298915	0.061011167	0.064886357	0.070847123	0.072462695	0.072051742	0.071956621	0.073186511	0.075217831	0.077519509	0.09302665	0.105171372	0.119603237	0.187083114
20210517	0.047485782	0.047348122	0.04718528	0.049556846	0.051355166	0.052574458	0.053221231	0.060780748	0.065239272	0.070995402	0.072652201	0.072559287	0.072291509	0.07371313	0.075865261	0.078395142	0.094041725	0.106591953	0.122041811	0.191140143
20210514	0.047485782	0.047292251	0.04718528	0.049667959	0.05146705	0.052523774	0.052964348	0.06076712	0.06562872	0.071112211	0.072834859	0.072914884	0.072742336	0.074187364	0.076347369	0.078674122	0.095263959	0.109200081	0.12785604	0.194960789
20210513	0.047372989	0.047238119	0.04718528	0.049667959	0.051578935	0.052418965	0.052964392	0.060977206	0.066147558	0.071479787	0.073235663	0.073386984	0.07331426	0.074698599	0.076771529	0.079103413	0.096357416	0.11073096	0.130565854	0.194236966
20210512	0.047372989	0.046957383	0.046424227	0.049779073	0.05146705	0.05266932	0.053415227	0.06110393	0.066449522	0.071891921	0.073581032	0.073907406	0.07364961	0.074922435	0.077019651	0.079544529	0.097714782	0.111181434	0.130111854	0.209642622
20210511	0.047372989	0.046805056	0.046424227	0.049779073	0.05169082	0.052619326	0.053548081	0.060836089	0.066256666	0.072024111	0.073739178	0.074002252	0.073722478	0.074870641	0.076973893	0.079331734	0.098462509	0.111576478	0.128761761	0.207858495
20210510	0.047372989	0.046791086	0.046424227	0.049779073	0.05146705	0.052614415	0.053752882	0.060958155	0.066228537	0.07210103	0.07405257	0.07444615	0.073998063	0.074823472	0.077058569	0.079662502	0.098685809	0.110602975	0.127550149	0.201067781
20210507	0.047372989	0.046791086	0.046424227	0.049890188	0.05146705	0.052728627	0.053752387	0.06091351	0.066255994	0.072356956	0.074126711	0.074325677	0.073855144	0.075134397	0.077078389	0.079432825	0.097963075	0.109723527	0.123943531	0.200539272
20210506	0.047372989	0.046791086	0.046424227	0.049334618	0.05169082	0.052693366	0.053976806	0.061066562	0.066502245	0.072676781	0.074407522	0.074558547	0.074555341	0.075544277	0.077539119	0.079928404	0.098418792	0.110303632	0.127172595	0.19090773
20210505	0.047824161	0.047236715	0.046098062	0.049556846	0.051243281	0.052801876	0.053976592	0.060879678	0.066386065	0.071910266	0.073801804	0.0738587	0.073895065	0.074680501	0.076943519	0.079518149	0.096967397	0.108416831	0.124156938	0.186195323
20210504	0.047824161	0.047236715	0.046098062	0.049556846	0.051243281	0.052751961	0.054208292	0.060694874	0.066390158	0.072365646	0.0742001	0.074113952	0.07430951	0.07531746	0.077587809	0.08005354	0.096531	0.107163004	0.121999277	0.187974824
20210503	0.047824161	0.047236715	0.046098062	0.049334618	0.051243281	0.052732486	0.054335106	0.061235117	0.06712079	0.073115745	0.074826085	0.074721547	0.074767	0.075625928	0.077759813	0.080446846	0.097550784	0.108761475	0.125919661	0.189229891
20210430	0.047824161	0.047236715	0.046098062	0.049001275	0.05146705	0.052714324	0.054538702	0.061573544	0.067524896	0.07356617	0.075592292	0.075362038	0.075593774	0.076535391	0.078673441	0.081546063	0.098287203	0.10957032	0.127042519	0.191471707
20210429	0.047824161	0.047236715	0.046098062	0.049001275	0.05146705	0.052807307	0.054538702	0.061505438	0.067033107	0.073175408	0.075084064	0.074739402	0.075301864	0.076391431	0.078282322	0.080902071	0.097960866	0.108791364	0.125980395	0.194285073
20210428	0.047824161	0.047236715	0.046750393	0.049445732	0.051578935	0.052786791	0.054313335	0.061103369	0.066780645	0.07283656	0.074557198	0.07429225	0.074834584	0.075811763	0.077836171	0.080621419	0.097410355	0.108055143	0.124473794	0.191815754
20210427	0.047824161	0.047236715	0.046098062	0.049334618	0.051578935	0.052743915	0.054313335	0.061536855	0.067265855	0.07326784	0.075405712	0.075249458	0.075353809	0.076476909	0.078345046	0.081174663	0.098007719	0.109263946	0.125498014	0.193942229
20210426	0.047824161	0.047236715	0.046098062	0.049223504	0.051578935	0.052725549	0.054336345	0.062176523	0.067893979	0.074081757	0.0762488	0.075880856	0.076001452	0.077126769	0.078880178	0.081551713	0.098691897	0.109991055	0.127144595	0.192102396
20210423	0.047824161	0.047236715	0.046098062	0.049334618	0.051578935	0.052894202	0.054442955	0.062845	0.068565204	0.074868782	0.077059317	0.076754088	0.076900701	0.07778396	0.079572831	0.08211328	0.100110928	0.111771067	0.126980723	0.192469296
20210422	0.047824161	0.047236715	0.046098062	0.049334618	0.051578935	0.052961601	0.054444171	0.063080346	0.068701886	0.074408507	0.077081214	0.076719672	0.076679518	0.077408559	0.079377763	0.082123299	0.098306167	0.10959682	0.125422018	0.194591847
20210421	0.047824161	0.0470139	0.046859115	0.04911239	0.05146705	0.053014853	0.054555323	0.063099634	0.068644641	0.074607695	0.076951619	0.076646493	0.076475174	0.077180167	0.079746821	0.082412259	0.098555536	0.109542664	0.126678057	0.196381898
20210420	0.04766369	0.047022345	0.046859115	0.049001275	0.05146705	0.052863615	0.054330711	0.062883845	0.068568363	0.074313058	0.076542375	0.076345789	0.076443013	0.076872947	0.079392536	0.082060459	0.098273188	0.1101022	0.128001418	0.208230099
20210419	0.047824161	0.04707259	0.047076558	0.049001275	0.05146705	0.052829849	0.054442076	0.061994211	0.067679016	0.073227139	0.075212058	0.074951256	0.075114092	0.075730283	0.07808261	0.080682745	0.096553733	0.10964166	0.128471617	0.202423669
20210416	0.047936954	0.047080978	0.047076558	0.04855682	0.051355166	0.052560641	0.054439473	0.062185192	0.06783665	0.073562261	0.075692593	0.07544759	0.075531757	0.076187715	0.078708769	0.081494214	0.098268687	0.112547041	0.133829151	0.211159628
20210415	0.047880557	0.047100564	0.046532949	0.048667934	0.051355166	0.052441145	0.054375514	0.062127468	0.067846806	0.073697191	0.075727907	0.075494197	0.07532158	0.075942976	0.078301452	0.08125097	0.098032143	0.113526058	0.135815375	0.208684426
20210414	0.047936954	0.047101868	0.046532949	0.048667934	0.051355166	0.052400079	0.054668085	0.06236192	0.06892687	0.07448675	0.076656113	0.07649659	0.076468801	0.077127037	0.079522102	0.082379363	0.100749632	0.11679699	0.139720529	0.210012202
20210413	0.047936954	0.047236715	0.046532949	0.048667934	0.051355166	0.052380468	0.054781816	0.062584942	0.069240166	0.074629662	0.076726954	0.076843224	0.076512301	0.077645927	0.080025201	0.082874317	0.101542464	0.117552545	0.140069089	0.216394582
20210412	0.047936954	0.047262161	0.046532949	0.048445706	0.051355166	0.052819709	0.054889721	0.062584458	0.069194893	0.074723952	0.076674263	0.077149088	0.076659057	0.077792109	0.080347764	0.083415945	0.102284234	0.118601968	0.140813674	0.223391452
20210409	0.047936954	0.047348122	0.046315506	0.048334591	0.05146705	0.053308628	0.05488953	0.062795212	0.069311418	0.075102864	0.077556421	0.077918099	0.077107341	0.078014476	0.080924684	0.083729847	0.103430139	0.120802996	0.14325129	0.221810598
20210408	0.047936954	0.047348122	0.046315506	0.048334591	0.051355166	0.053439871	0.055016569	0.063659133	0.069842553	0.07568906	0.07809645	0.07793807	0.077145437	0.078021791	0.080780935	0.08379457	0.104077037	0.121702088	0.144489311	0.218102484
20210407	0.047936954	0.047348122	0.046315506	0.048334591	0.051243281	0.053411445	0.054930163	0.064113383	0.070194061	0.076061847	0.078542667	0.078267389	0.077828846	0.078470375	0.081526937	0.084810187	0.104410869	0.121620547	0.143763022	0.223573251
20210406	0.047936954	0.047348122	0.046315506	0.04855682	0.05146705	0.053609112	0.055173954	0.064498558	0.070916101	0.07649408	0.078881342	0.078464111	0.077883729	0.078522768	0.081431156	0.084650694	0.104124926	0.121374594	0.145629686	0.220730961
20210405	0.047936954	0.047348122	0.046315506	0.048890161	0.051802705	0.053579906	0.055552964	0.064958857	0.072092305	0.077399168	0.079804982	0.079198869	0.078411801	0.079296235	0.081984231	0.085183516	0.105997614	0.123726209	0.148203997	0.219441797
20210331	0.047936954	0.047348122	0.046750393	0.04911239	0.05146705	0.053809191	0.055005672	0.065301597	0.072527383	0.077954757	0.080151054	0.07947149	0.079035644	0.080057295	0.08264689	0.085670523	0.105679787	0.12372571	0.148365806	0.231660198
20210330	0.047936954	0.047348122	0.046750393	0.04911239	0.051355166	0.053671724	0.05493058	0.065328991	0.073163995	0.078327052	0.080490598	0.079630897	0.079670355	0.08082592	0.083282858	0.08618049	0.105932995	0.123446639	0.148038908	0.231665475
20210329	0.047936954	0.047348122	0.046750393	0.04911239	0.051355166	0.053630918	0.054785749	0.065511391	0.073085126	0.078678232	0.080969699	0.080356931	0.080250928	0.081443684	0.083908382	0.086858982	0.106404451	0.124092991	0.14824227	0.238543961
20210326	0.048500918	0.047905159	0.046750393	0.049001275	0.051355166	0.053568635	0.054894522	0.065318361	0.072960521	0.078541035	0.080881879	0.080371192	0.080100036	0.081284706	0.083574358	0.086654962	0.105953126	0.122458665	0.144518584	0.244975925
20210325	0.047936954	0.047905159	0.046750393	0.048667934	0.05146705	0.053524491	0.054894477	0.065445031	0.073036883	0.078493244	0.081451093	0.080528566	0.080368436	0.081337682	0.083517348	0.08685624	0.106116916	0.122161025	0.144140831	0.244448914
20210324	0.047936954	0.048350142	0.047294002	0.048667934	0.05146705	0.053481457	0.055008141	0.064953854	0.072212041	0.078403818	0.08082174	0.079795576	0.079872532	0.08112289	0.083159588	0.085936267	0.104946735	0.120405057	0.141833231	0.233902019
20210323	0.047936954	0.048020466	0.047402724	0.048779048	0.051578935	0.053396123	0.055149592	0.065152177	0.072489119	0.078870628	0.081363633	0.080178798	0.080296903	0.08172815	0.083765029	0.08677759	0.105782275	0.121621408	0.143534031	0.237240295
20210322	0.047936954	0.047905159	0.04742586	0.04855682	0.05169082	0.053543468	0.055229067	0.064685463	0.072011252	0.078544277	0.081136851	0.080057885	0.080018766	0.081461792	0.083485603	0.08648524	0.105463911	0.121795894	0.145203678	0.227551409
20210319	0.047936954	0.047825581	0.047294002	0.048779048	0.052250244	0.053588053	0.055898406	0.064611913	0.071928238	0.07831591	0.081097478	0.080460713	0.080512913	0.081814812	0.083819503	0.086794086	0.106236263	0.122170627	0.145738755	0.228774944
20210318	0.047372989	0.04766697	0.046750393	0.048779048	0.052921554	0.054387154	0.054876954	0.064588064	0.071845403	0.07853887	0.081681837	0.080717908	0.080674358	0.082308175	0.084509798	0.087676968	0.107380711	0.123899867	0.146676496	0.236820309
20210317	0.047711368	0.047460834	0.047620167	0.048890161	0.052474014	0.054220549	0.054878747	0.063917712	0.070940957	0.077825871	0.08074197	0.080061845	0.080273976	0.081602647	0.08388826	0.086941897	0.106952184	0.123895302	0.146723908	0.230342119
20210316	0.047372989	0.047125308	0.046532949	0.048890161	0.05191459	0.054173283	0.054651419	0.063059937	0.070445538	0.07741268	0.080214148	0.079659604	0.079708244	0.081038978	0.083282572	0.086314258	0.106770039	0.123882892	0.147426376	0.243164311
20210312	0.047372989	0.046791086	0.046098062	0.04800125	0.050571971	0.053465773	0.053862715	0.062590603	0.070128318	0.077188242	0.08014195	0.07954652	0.079348425	0.080201376	0.082568029	0.085593567	0.106678055	0.123302342	0.14657898	0.235342783
20210311	0.047372989	0.046791086	0.046098062	0.04800125	0.050571971	0.052906265	0.0532994	0.062753865	0.069864419	0.077015495	0.079856006	0.079247649	0.078980358	0.080382451	0.082363432	0.084943518	0.106134001	0.122332418	0.143017118	0.229575956
20210310	0.047372989	0.046987486	0.04598934	0.047223452	0.050236316	0.052373396	0.053299366	0.063596676	0.070765612	0.077907654	0.080631345	0.079909586	0.079932905	0.080832383	0.082871168	0.085789218	0.105831466	0.121648024	0.141556219	0.22775995
20210309	0.047485782	0.046906715	0.04598934	0.047223452	0.050236316	0.052299389	0.053300876	0.063868118	0.071147883	0.078170771	0.081139095	0.080783497	0.080635611	0.081558071	0.083467085	0.086413587	0.105962977	0.122353504	0.141805868	0.228560044
20210308	0.047372989	0.046902493	0.04598934	0.047556793	0.050236316	0.052279847	0.053316032	0.064291772	0.071614953	0.078430483	0.081530522	0.081160175	0.080647961	0.081299594	0.083657717	0.086490271	0.10619592	0.122284909	0.142486868	0.213212935
20210305	0.047372989	0.047077558	0.046532949	0.047223452	0.050236316	0.052259613	0.053524552	0.064562394	0.072004527	0.078893467	0.081760153	0.081472951	0.081306893	0.082299247	0.08436259	0.087250367	0.106888738	0.121939655	0.141365441	0.228625695
20210304	0.047372989	0.047010324	0.046532949	0.04744568	0.050348201	0.052347833	0.053411869	0.064600711	0.072190144	0.079372845	0.082576495	0.082565588	0.082342131	0.083007614	0.085440042	0.088624187	0.10807046	0.123375759	0.143354781	0.232458543
20210303	0.047372989	0.046791086	0.045663174	0.047556793	0.050012546	0.052673009	0.05307382	0.0645415	0.072283387	0.079941394	0.082693258	0.082803674	0.082670039	0.083696106	0.086160005	0.08920711	0.108144948	0.122849907	0.142095713	0.236644915
20210302	0.047372989	0.046791086	0.045663174	0.047556793	0.050236316	0.052878666	0.05307382	0.064233412	0.071859462	0.079802299	0.082753454	0.082837852	0.082845598	0.083702333	0.086304484	0.089446384	0.108083672	0.122802941	0.142035416	0.236577653
20210301	0.047372989	0.046791086	0.045445731	0.047667908	0.050236316	0.05261557	0.053094801	0.063414967	0.071378177	0.079495443	0.082544207	0.082906557	0.082942558	0.084160568	0.086583429	0.089971628	0.109478175	0.124948172	0.145610643	0.230871802
20210226	0.047372989	0.046791086	0.045445731	0.04744568	0.050348201	0.052600734	0.053428512	0.062010534	0.070106452	0.07784398	0.08096157	0.08124635	0.081424144	0.082781485	0.085115432	0.08795835	0.107171972	0.121381885	0.138525964	0.224030965
20210225	0.047485782	0.04682941	0.045445731	0.04744568	0.050348201	0.05258393	0.053314928	0.061548553	0.069508409	0.077274334	0.080247072	0.080681393	0.080529417	0.081999212	0.084181613	0.087071642	0.105061504	0.119567423	0.137491133	0.216225163
20210224	0.047485782	0.047206835	0.046532949	0.04744568	0.050795741	0.05263733	0.053090823	0.061268766	0.068791332	0.076886023	0.079471614	0.079346142	0.079884805	0.081495672	0.083657585	0.086489992	0.10435522	0.119272915	0.136453244	0.219410307
20210223	0.047485782	0.046905412	0.046206783	0.047334565	0.050795741	0.052564274	0.053124234	0.061006542	0.068200109	0.076167175	0.078843413	0.079085739	0.079316119	0.081278884	0.08340198	0.086110751	0.103208207	0.117109286	0.133622088	0.214682312
20210222	0.047372989	0.046902493	0.046206783	0.047334565	0.050795741	0.052552143	0.053090418	0.061054034	0.068528063	0.07597003	0.078975974	0.07938097	0.079416172	0.081065713	0.083472304	0.086582255	0.103376266	0.115961016	0.133573321	0.220127201
20210219	0.047372989	0.046592301	0.045010843	0.047334565	0.050907626	0.052569819	0.053092401	0.060926038	0.068367911	0.075579533	0.078692314	0.079158971	0.079688803	0.08170255	0.083941354	0.087010709	0.104305278	0.117158663	0.135142204	0.212323019
20210218	0.047372989	0.046634101	0.045010843	0.047334565	0.050907626	0.052457666	0.052975515	0.059792216	0.067457673	0.074743927	0.077599532	0.078202827	0.0783741	0.080326289	0.082691019	0.085705965	0.102990776	0.115817402	0.131897054	0.216699278
20210217	0.047372989	0.04472566	0.04327935	0.04744568	0.050683856	0.052519259	0.052974095	0.059464625	0.067010213	0.07467933	0.077319784	0.077924285	0.078431474	0.080197143	0.082575365	0.085436612	0.102186298	0.115296532	0.132642175	0.212376877
20210216	0.045998846	0.045055337	0.042836406	0.04744568	0.050683856	0.052511078	0.053110329	0.059724919	0.067230758	0.074958095	0.078091347	0.078624132	0.078987604	0.08095453	0.083197577	0.086205559	0.103207073	0.117035684	0.13497139	0.216521997
20210215	0.047372989	0.045119975	0.042836406	0.047667908	0.050683856	0.052695132	0.053198672	0.059782965	0.067412116	0.074816076	0.078194087	0.078759664	0.079100358	0.080724118	0.082975369	0.086116385	0.103385955	0.1162489	0.133980015	0.215075557
20210212	0.047372989	0.045265162	0.042836406	0.04744568	0.051019511	0.052895957	0.053426664	0.0606443	0.068022571	0.075165049	0.078386473	0.079140759	0.079294493	0.080781101	0.083312969	0.086502233	0.104135386	0.11696296	0.133528436	0.219837063
20210211	0.047372989	0.045040074	0.042836406	0.04744568	0.051131396	0.052963705	0.053540576	0.061310134	0.068217641	0.075217047	0.079268612	0.079380109	0.079547588	0.081179808	0.083470404	0.086650736	0.103831517	0.117109431	0.133038033	0.21907732
20210210	0.047372989	0.045111207	0.045119565	0.047334565	0.05146705	0.052944547	0.053543066	0.061736386	0.069245087	0.075710256	0.079613679	0.079716367	0.079902021	0.081180229	0.083513634	0.086706178	0.102578109	0.114954488	0.129736287	0.218938823
20210209	0.046760423	0.045352661	0.043488738	0.047556793	0.051578935	0.052976753	0.053696259	0.06225099	0.069765677	0.076119446	0.080020445	0.080565897	0.080586732	0.081891045	0.084247516	0.08702243	0.103611436	0.117360386	0.132842265	0.219267753
20210208	0.047372989	0.045454197	0.043488738	0.048334591	0.051802705	0.053221268	0.053995444	0.06290668	0.070564645	0.076488407	0.080036194	0.080805018	0.081007224	0.082511453	0.084449578	0.086943719	0.103389187	0.117207435	0.131301012	0.232921699
20210205	0.047372989	0.045575019	0.043488738	0.048334591	0.052026475	0.053377904	0.054219583	0.06252984	0.069852646	0.075810302	0.079038971	0.080294385	0.080302513	0.081989959	0.083864183	0.086558549	0.103040828	0.115600873	0.129879555	0.224528419
20210204	0.047372989	0.045534745	0.043923625	0.048334591	0.052138359	0.053359719	0.054332852	0.062882637	0.070049668	0.076125264	0.079925531	0.08100799	0.0806818	0.082556142	0.084780554	0.087513927	0.105393256	0.117457489	0.131668448	0.233925272
20210203	0.046948369	0.046013897	0.044032347	0.048334591	0.051578935	0.05305257	0.054060057	0.062813163	0.0696227	0.075192526	0.078870316	0.079304475	0.079508645	0.081344924	0.083669759	0.086553464	0.103987885	0.115629251	0.132059097	0.228438709
20210202	0.047372989	0.046122641	0.044032347	0.048334591	0.051243281	0.05298533	0.053658702	0.062073174	0.068725977	0.074130163	0.077254093	0.07771739	0.077388408	0.078820265	0.081623788	0.084680795	0.101796813	0.114341672	0.133644543	0.21369464
20210129	0.047372989	0.046218129	0.043923625	0.048334591	0.051131396	0.053022209	0.053320528	0.061770962	0.067934332	0.073003901	0.075970672	0.07601526	0.076500465	0.077908442	0.080640349	0.083379983	0.100832657	0.115182124	0.135288599	0.22055241
20210128	0.048049746	0.046235675	0.043923625	0.04744568	0.050907626	0.052542581	0.053095105	0.061307341	0.067386641	0.072198408	0.0749766	0.074578216	0.075213382	0.076736456	0.0797315	0.083915178	0.099186851	0.111526964	0.130395497	0.228475582
20210127	0.048049746	0.046281141	0.044032347	0.047779021	0.050907626	0.052527825	0.052984134	0.061297735	0.067435618	0.072372603	0.075111356	0.074828263	0.075172075	0.076499906	0.079659004	0.082377646	0.100217748	0.113647632	0.133271255	0.216687149
20210126	0.047766671	0.04668624	0.044032347	0.047001223	0.050907626	0.05248367	0.05302736	0.060985972	0.06726427	0.071854524	0.074399463	0.074553634	0.07420538	0.075526511	0.078795928	0.082688624	0.098861484	0.113252027	0.132697618	0.200269742
20210125	0.048049746	0.046791086	0.044032347	0.047667908	0.050795741	0.052382403	0.05298649	0.061028126	0.067450674	0.072273634	0.075138581	0.074958303	0.074944734	0.075929702	0.079330431	0.083148084	0.099927447	0.114090378	0.131759647	0.204110925
20210122	0.048049746	0.046886573	0.044032347	0.047779021	0.050571971	0.0524706	0.05284896	0.060727262	0.067324748	0.071979429	0.075159755	0.075303644	0.07426726	0.075257768	0.078482243	0.0819557	0.099400499	0.112515036	0.130980169	0.197566188
20210121	0.048726504	0.046904119	0.044032347	0.047779021	0.050571971	0.052456184	0.052736333	0.060426192	0.06686326	0.0724747	0.075356883	0.075809153	0.074583005	0.075357388	0.078202561	0.081554477	0.098958376	0.111351698	0.126084249	0.199762798
20210120	0.048726504	0.047019091	0.045445731	0.048112363	0.050124432	0.052480626	0.052961688	0.061477989	0.068098366	0.074395642	0.076822991	0.078082657	0.077388793	0.07822712	0.081060904	0.084370517	0.100912723	0.113309728	0.131719073	0.200421755
20210119	0.048443427	0.047354684	0.044358512	0.048779048	0.050236316	0.052526953	0.052966601	0.062908804	0.069631345	0.075609431	0.078104578	0.078905177	0.07857787	0.079638697	0.082240053	0.085537469	0.102313561	0.115199346	0.13154649	0.221236011
20210118	0.048726504	0.04745953	0.044358512	0.048890161	0.049788776	0.052510885	0.052961733	0.063150986	0.069482168	0.075435196	0.07795945	0.078744431	0.077900858	0.079343851	0.081633147	0.084776365	0.100915541	0.113914971	0.131216325	0.220276589
20210115	0.048726504	0.047555017	0.044358512	0.048890161	0.050012546	0.052378884	0.05284896	0.062294547	0.068194968	0.074551111	0.07713778	0.077007599	0.07648862	0.077713955	0.079924116	0.082942188	0.098656812	0.111166564	0.127447755	0.217910913
20210114	0.048839296	0.047637525	0.044902122	0.048445706	0.050012546	0.052358899	0.053186976	0.062004033	0.067697356	0.074139243	0.076425964	0.076154943	0.075973729	0.076761099	0.078970314	0.081980069	0.097917433	0.111660068	0.13002401	0.196611847
20210113	0.048839296	0.04768494	0.046859115	0.050001302	0.050571971	0.052650049	0.053186885	0.061414713	0.067349373	0.073046973	0.075610246	0.075149434	0.074633991	0.075581758	0.07831993	0.081509152	0.09672755	0.110578567	0.129285384	0.199596876
20210112	0.048697753	0.047852731	0.045663174	0.049667959	0.050907626	0.052853035	0.053301924	0.060746032	0.066595374	0.072298002	0.074785064	0.074306209	0.073784589	0.074706101	0.077389786	0.080606693	0.096282099	0.110489167	0.129762816	0.190370162
20210111	0.048839296	0.047905159	0.045663174	0.049779073	0.051019511	0.052958805	0.053429346	0.059873594	0.065869222	0.071376848	0.073967248	0.073361476	0.073499985	0.074057789	0.076549663	0.079698863	0.095317529	0.110288113	0.130794043	0.210560944
20210108	0.048839296	0.047917826	0.046750393	0.049890188	0.051019511	0.052951574	0.053524552	0.059520979	0.06538356	0.071417528	0.074162298	0.073554201	0.073682815	0.07388012	0.076624639	0.079859577	0.096735762	0.113088439	0.135301412	0.202147532
20210107	0.04895209	0.048002819	0.045663174	0.049890188	0.051131396	0.053062109	0.053637236	0.058974613	0.064669463	0.071331857	0.074513844	0.073740134	0.073854382	0.074017455	0.07706789	0.080469294	0.097857847	0.113443581	0.134390212	0.211400159
20210106	0.04895209	0.04742672	0.045228287	0.05022353	0.05146705	0.053044773	0.053411869	0.058486712	0.064133188	0.071112581	0.073952787	0.073142016	0.073461469	0.073615473	0.07665944	0.080132461	0.097032352	0.111956666	0.128239036	0.216859417
20210105	0.04895209	0.047706375	0.045228287	0.05022353	0.051355166	0.053047478	0.053411869	0.0585162	0.064213788	0.071023379	0.074122486	0.072807939	0.073113623	0.073827475	0.076448105	0.079672355	0.095728284	0.108924802	0.124973807	0.211111585
20210104	0.04895209	0.047793752	0.045228287	0.050445758	0.051243281	0.053019753	0.053426462	0.058734533	0.064849561	0.071819588	0.074747837	0.073790104	0.073590299	0.074523696	0.07675723	0.079732421	0.095395224	0.108535205	0.124516781	0.210504627
20201231	0.04895209	0.04787333	0.045228287	0.050334644	0.051355166	0.053019991	0.053427972	0.058597383	0.065271944	0.072075832	0.075649629	0.073565053	0.073865062	0.074450577	0.076806322	0.079793483	0.094537896	0.106781537	0.123565584	0.209001388
20201230	0.049064882	0.047948574	0.045228287	0.050445758	0.051802705	0.053140699	0.053649315	0.057825783	0.065044442	0.071263567	0.073726415	0.072497812	0.071931792	0.072824587	0.074502466	0.077032554	0.091714376	0.103692732	0.118681307	0.208827375
20201229	0.049064882	0.048347869	0.046424227	0.0507791	0.052362129	0.053368342	0.05376121	0.057587429	0.064974418	0.071110929	0.073719262	0.072454469	0.072584087	0.073497608	0.075332432	0.077779467	0.090701011	0.102692696	0.118131815	0.198394964
20201228	0.049159244	0.048721262	0.048381221	0.050890214	0.052585899	0.053578163	0.053897816	0.057480403	0.065080504	0.070898792	0.073440256	0.07216897	0.072100602	0.073767291	0.075307618	0.077641706	0.09027585	0.102377582	0.11583904	0.20835309
20201224	0.049064882	0.04868501	0.048381221	0.050890214	0.052585899	0.053535219	0.05387591	0.057943969	0.065292509	0.0708399	0.073680533	0.072595362	0.072528373	0.074222671	0.075763191	0.078201307	0.091165607	0.103436683	0.118485289	0.194620878
20201223	0.049064882	0.048653181	0.048381221	0.050890214	0.052585899	0.053710719	0.05375011	0.057673562	0.064830518	0.071015511	0.073509595	0.072934489	0.07269744	0.074209891	0.076000348	0.078714852	0.091295829	0.102899468	0.116594407	0.196241179
20201222	0.049064882	0.048608362	0.048381221	0.050890214	0.052697784	0.053970533	0.053862771	0.057901426	0.065093955	0.071155745	0.074092256	0.07353489	0.073264815	0.075293367	0.077575998	0.080452141	0.093658256	0.107846163	0.120366471	0.207815092
20201221	0.049064882	0.046712154	0.047620167	0.050890214	0.052697784	0.054092577	0.054088059	0.057914439	0.065156037	0.070574925	0.073521187	0.072613601	0.072724093	0.074367921	0.076357961	0.078946262	0.091705561	0.105206272	0.114552322	0.201220018
20201218	0.049064882	0.046273353	0.047620167	0.050890214	0.052697784	0.054052925	0.054651678	0.057819616	0.065107218	0.070670199	0.073819631	0.072915305	0.072834432	0.07449713	0.076349974	0.078866504	0.091622393	0.102610229	0.110894105	0.19911864
20201217	0.049064882	0.046234049	0.047620167	0.050890214	0.052697784	0.054039131	0.054651408	0.058075695	0.065085802	0.070654297	0.07376731	0.072920566	0.072826202	0.074504112	0.076343747	0.078940703	0.092165346	0.102310416	0.110576952	0.198633223
20201216	0.049064882	0.046318496	0.047620167	0.052223582	0.053816633	0.055326676	0.053683943	0.058045098	0.065100943	0.070527339	0.072579925	0.071895396	0.071944973	0.073990996	0.075805739	0.078281909	0.091377041	0.100205077	0.109139711	0.200148972
20201215	0.049064882	0.046675779	0.047620167	0.051223556	0.053816633	0.055315857	0.053679312	0.058070617	0.065137424	0.070259881	0.072754122	0.071911784	0.072268744	0.074497025	0.076227169	0.078574161	0.091029887	0.099658139	0.11023703	0.193556633
20201214	0.049064882	0.048462196	0.047294002	0.050556871	0.053592864	0.055089481	0.053873352	0.057635741	0.064473501	0.069757305	0.072402322	0.071821906	0.072229706	0.074083374	0.075795682	0.078202851	0.090449563	0.09875053	0.10801506	0.185135566
20201211	0.048500918	0.047905159	0.046750393	0.048890161	0.052585899	0.054695244	0.051649097	0.057994124	0.064872592	0.069689897	0.07212882	0.071488701	0.07258448	0.073934662	0.075476282	0.077763512	0.090573768	0.09932035	0.107497647	0.1880216
20201210	0.048500918	0.047905159	0.046750393	0.048890161	0.052585899	0.054611267	0.054412835	0.058811059	0.065470467	0.071451295	0.074016486	0.074268887	0.074010465	0.076459117	0.078390541	0.080926568	0.094465603	0.104048217	0.115956148	0.209820691
20201209	0.048500918	0.047618686	0.045445731	0.04911239	0.052585899	0.054282583	0.054512019	0.059565096	0.066975452	0.074160553	0.076342349	0.076430791	0.076137348	0.079453786	0.081386049	0.084033505	0.097545667	0.110011976	0.12304962	0.209818786
20201208	0.048500918	0.04768592	0.045445731	0.049001275	0.052026475	0.053938815	0.054563413	0.059253224	0.066126237	0.072170275	0.074674536	0.074022076	0.074385838	0.076679895	0.078640082	0.081119884	0.09358264	0.105570783	0.120362527	0.213211334
20201207	0.048500918	0.047186693	0.045445731	0.04855682	0.05191459	0.05364693	0.05350516	0.058481107	0.065574224	0.070610353	0.073311218	0.07212614	0.072513736	0.073984256	0.076367142	0.079074396	0.092191207	0.104809456	0.12052917	0.202580671
20201204	0.048312204	0.047392228	0.045445731	0.048445706	0.05191459	0.053333478	0.052312588	0.058993825	0.065925837	0.071217397	0.07370524	0.073338305	0.072417504	0.074000053	0.076138584	0.078755696	0.092956889	0.105886648	0.121276557	0.213730132
20201203	0.048500918	0.04745953	0.045119565	0.05022353	0.05191459	0.053309737	0.053348259	0.058590052	0.065422003	0.070850765	0.073302523	0.072783046	0.071843688	0.073611629	0.075600831	0.078233985	0.091724337	0.104719688	0.118432243	0.228650191
20201202	0.048388125	0.047515067	0.045228287	0.050334644	0.052026475	0.053309896	0.053252569	0.058940004	0.065384976	0.070719858	0.073836737	0.072941885	0.071781131	0.073921776	0.075803188	0.078311958	0.092438107	0.105773701	0.120417438	0.216890609
20201201	0.048500918	0.047557189	0.045228287	0.050334644	0.051578935	0.052928569	0.052809892	0.057619396	0.06400085	0.06889927	0.072052132	0.070862885	0.070482169	0.072774199	0.07476771	0.077150481	0.090800099	0.103187932	0.120824327	0.206850146
20201130	0.048500918	0.047296473	0.045771896	0.050334644	0.05146705	0.052572919	0.052477263	0.056930166	0.062674661	0.06720329	0.069555546	0.069352598	0.068906946	0.070804045	0.072216872	0.074195701	0.086684492	0.099180836	0.11598563	0.187806763
20201127	0.048904908	0.048221901	0.046750393	0.050112416	0.05146705	0.052619326	0.052436156	0.057412901	0.063228112	0.067533037	0.070198306	0.07057349	0.070159606	0.072271606	0.073612475	0.075594116	0.087778253	0.102245084	0.117549818	0.190931249
20201126	0.04895209	0.048239381	0.046750393	0.050112416	0.051578935	0.052619326	0.052605158	0.05797516	0.063708653	0.067983943	0.071373864	0.072027545	0.070790069	0.073226619	0.074622487	0.076693357	0.089587242	0.103701132	0.116996684	0.214141017
20201125	0.048500918	0.047714173	0.045663174	0.050112416	0.051578935	0.052451091	0.052493343	0.058111942	0.063623121	0.067575493	0.070413115	0.07056009	0.070285258	0.072264625	0.07357019	0.075550072	0.086929067	0.103238694	0.118784469	0.192692558
20201124	0.04895209	0.048350788	0.046859115	0.05022353	0.05169082	0.052440873	0.052494774	0.05728512	0.06195729	0.066947528	0.069550716	0.068878481	0.069328208	0.071493689	0.072812185	0.07466878	0.085964355	0.102484665	0.117660207	0.219090757
20201123	0.048500918	0.048334545	0.047837611	0.049890188	0.050907626	0.051881705	0.05193795	0.05789141	0.06266825	0.067745757	0.070656252	0.070757443	0.069926707	0.073049274	0.074656893	0.076787924	0.08866893	0.105793136	0.122978148	0.199981742
20201120	0.048590125	0.048174943	0.047837611	0.049890188	0.050907626	0.051869869	0.051756946	0.056861467	0.061085684	0.066618808	0.069870256	0.069712182	0.068822806	0.072405909	0.074164169	0.076372208	0.087670804	0.103410019	0.120445135	0.190961206
20201119	0.048500918	0.048016566	0.047294002	0.04911239	0.050348201	0.051298604	0.051260644	0.05596779	0.060105884	0.06524057	0.067842985	0.067190374	0.067454925	0.069530971	0.07127084	0.073506377	0.085186749	0.098700354	0.110902418	0.182559722
20201118	0.048500918	0.047706375	0.046206783	0.04911239	0.050348201	0.051293161	0.051036776	0.055646343	0.060065626	0.06512179	0.067380306	0.066480335	0.067042466	0.068989756	0.070561918	0.072712142	0.085080181	0.097124237	0.108283748	0.178006147
20201117	0.048500918	0.047117509	0.045337009	0.049001275	0.050236316	0.051289845	0.051374319	0.05504344	0.059460333	0.064211552	0.066347955	0.065415368	0.065941177	0.068167611	0.069779053	0.071909207	0.083870538	0.095776802	0.107086809	0.171614446
20201113	0.048500918	0.04590113	0.044575956	0.047556793	0.048446158	0.050745874	0.051150282	0.05493568	0.059165566	0.063847363	0.066213901	0.065556279	0.066130612	0.068190293	0.06979657	0.071916755	0.084220341	0.096161033	0.107639041	0.172509345
20201112	0.048500918	0.046596858	0.044575956	0.04744568	0.048446158	0.050705069	0.050847141	0.05485055	0.058511631	0.063382533	0.066061171	0.065734155	0.066322057	0.068383701	0.069986355	0.072183825	0.084924804	0.097102027	0.108230559	0.189947873
20201111	0.048500918	0.046791086	0.044575956	0.04744568	0.048446158	0.050242969	0.050443296	0.054515498	0.058547513	0.063206173	0.065344964	0.065456301	0.065925127	0.068125209	0.069958579	0.072340433	0.085789411	0.099498837	0.113692347	0.182197525
20201110	0.048500918	0.046433802	0.04305385	0.046778995	0.048334273	0.049323613	0.050482104	0.053639782	0.057407655	0.062319257	0.064746241	0.06443597	0.065123131	0.067702703	0.069303171	0.071483804	0.084293133	0.098278835	0.113257967	0.17684951
20201109	0.048500918	0.046498218	0.042836406	0.046778995	0.048334273	0.049323139	0.050256738	0.053159495	0.057116225	0.061915618	0.064339329	0.064481349	0.065207468	0.067591365	0.069084166	0.071141345	0.083895117	0.09808545	0.115524845	0.171905254
20201106	0.047793222	0.046616343	0.043488738	0.046667882	0.048334273	0.049207862	0.048904538	0.051847533	0.05652454	0.060455033	0.06205805	0.062416756	0.063216394	0.065051705	0.066426551	0.068459729	0.080352457	0.091165377	0.107436081	0.159165431
20201105	0.048500918	0.046791086	0.042836406	0.04633454	0.047886733	0.048998211	0.04890189	0.051551154	0.056040956	0.060059089	0.061496496	0.061207715	0.062199998	0.064252403	0.065287197	0.067074097	0.07892309	0.088321746	0.103612879	0.15675426
20201104	0.048500918	0.046950242	0.042727685	0.04633454	0.047662964	0.04900061	0.048902014	0.051495716	0.056119542	0.060248294	0.061522081	0.06176107	0.062691542	0.063937276	0.064955639	0.066856119	0.078549932	0.088422679	0.103722274	0.160446541
20201103	0.048500918	0.045750418	0.042618963	0.045890084	0.047327309	0.048771891	0.048452273	0.051112126	0.05605107	0.059439979	0.060811962	0.061113292	0.061582897	0.063184585	0.064398408	0.066359665	0.077951428	0.088958955	0.102612142	0.158230744
20201030	0.048500918	0.044659083	0.042727685	0.046112312	0.047551079	0.048885051	0.048564855	0.050661508	0.055001256	0.059008208	0.060217182	0.060183526	0.060644345	0.062063808	0.063350717	0.065326466	0.077077176	0.087675931	0.100915139	0.15858793
20201029	0.047485782	0.045135238	0.042727685	0.046112312	0.047551079	0.049631182	0.048776665	0.051093873	0.054940516	0.058823875	0.060353139	0.060439814	0.060787606	0.061877615	0.063110651	0.065120247	0.076312978	0.086497502	0.099404665	0.156242226
20201028	0.048500918	0.04534279	0.042401519	0.046112312	0.048669928	0.050742502	0.050253234	0.050849051	0.054938785	0.058470244	0.060461577	0.060610495	0.060809292	0.061905656	0.06281208	0.064567862	0.075904529	0.085615772	0.097188344	0.156057563
20201027	0.048500918	0.04558412	0.042401519	0.046112312	0.049229352	0.050925843	0.051153911	0.051771104	0.055924734	0.059724294	0.061502535	0.061352211	0.061510662	0.062476024	0.063478516	0.065327964	0.075940086	0.084866933	0.094256154	0.158403243
20201026	0.04746698	0.045486027	0.042401519	0.047334565	0.049788776	0.051211346	0.051492422	0.052749469	0.05702274	0.06019881	0.061531653	0.060990042	0.061239958	0.062205003	0.063367606	0.065243077	0.074955438	0.082509948	0.092968629	0.149715029
20201023	0.047699637	0.045951208	0.041749188	0.047556793	0.050012546	0.051183135	0.051577926	0.052447667	0.057138846	0.060015895	0.061440349	0.060987971	0.06098694	0.06160906	0.062484554	0.064158142	0.07451123	0.082007405	0.091754198	0.147383721
20201022	0.048500918	0.046122641	0.041749188	0.047556793	0.049900662	0.051717623	0.051830675	0.052426018	0.057007494	0.060010354	0.061525662	0.060886554	0.060694662	0.061292539	0.062259803	0.064050226	0.073875784	0.081304438	0.090385802	0.142038767
20201021	0.048500918	0.046307132	0.041966631	0.048445706	0.049900662	0.051699766	0.052055962	0.053278467	0.057835609	0.0612307	0.062563615	0.062303461	0.061882266	0.062614737	0.063431145	0.065046176	0.075079591	0.081909798	0.090289343	0.15175924
20201020	0.048500918	0.046264251	0.041749188	0.048223477	0.049900662	0.05169103	0.052169412	0.053854471	0.057991744	0.061780432	0.06286401	0.062689359	0.062119456	0.062798691	0.063753901	0.065451059	0.075057046	0.082178604	0.089663922	0.144505291
20201019	0.048500918	0.046500713	0.045010843	0.048667934	0.050907626	0.051958541	0.052282095	0.053797622	0.058131311	0.061567496	0.062566474	0.06237344	0.061973668	0.062542859	0.063268242	0.064768635	0.074049865	0.081861903	0.088785258	0.142799776
20201016	0.048353453	0.047270103	0.045010843	0.048334591	0.05091162	0.051946794	0.052261598	0.054029237	0.058206665	0.061579695	0.062933125	0.063041977	0.062565805	0.062816612	0.063477367	0.064982847	0.074349894	0.081977269	0.088947675	0.143167263
20201015	0.048500918	0.04745953	0.045010843	0.048890161	0.050914294	0.051942811	0.052282456	0.053815659	0.05802513	0.061225817	0.062862654	0.062668636	0.062131618	0.06253479	0.063215451	0.064748703	0.07390888	0.081119739	0.088406798	0.145251312
20201014	0.048500918	0.046782641	0.043814903	0.047223452	0.050795741	0.052057884	0.052507744	0.053538535	0.05818247	0.061384118	0.062684368	0.062642138	0.062276395	0.062431505	0.063032449	0.064560306	0.073237571	0.080068618	0.088577973	0.14262262
20201013	0.048500918	0.047060669	0.043814903	0.046667882	0.050571971	0.052129706	0.052507834	0.053540001	0.058028487	0.061351871	0.062608335	0.062368609	0.062231379	0.06258445	0.063139242	0.064579394	0.073882778	0.080690169	0.087899525	0.144418535
