fecha	tfondeo
19981103	30.75
19981104	29.2
19981105	29.8
19981106	31.3
19981109	32.9
19981110	34.54
19981111	34.08
19981112	33.94
19981113	33.16
19981116	32.6
19981117	32.36
19981118	31.99
19981119	33.41
19981123	32.57
19981124	32.45
19981125	31.85
19981126	31.5
19981127	33.93
19981130	34.37
19981201	35.88
19981202	35.29
19981203	35.25
19981204	35.09
19981207	34.8
19981208	34.52
19981209	34.87
19981210	34.58
19981211	35.24
19981214	33.95
19981215	33.94
19981216	33.82
19981217	33.18
19981218	33.58
19981221	33.23
19981222	33.23
19981223	33.33
19981224	33.7
19981228	33.68
19981229	33.67
19981230	33.3
19981231	33.14
19990104	32.17
19990105	31.68
19990106	30.87
19990107	31.33
19990108	30.85
19990111	31.42
19990112	33.84
19990113	36.09
19990114	36.41
19990115	35.77
19990118	34.63
19990119	36.07
19990120	35.91
19990121	35.35
19990122	35.75
19990125	35.26
19990126	34.89
19990127	34.07
19990128	34.07
19990129	35.85
19990201	34.12
19990202	33.65
19990203	33.74
19990204	34.65
19990208	33.06
19990209	33.32
19990210	32.09
19990211	29.59
19990212	29.11
19990215	28.58
19990216	27.82
19990217	28.79
19990218	28.2
19990219	27.99
19990222	27.85
19990223	28.09
19990224	27.8
19990225	28
19990226	28.46
19990301	27.77
19990302	28.69
19990303	28.28
19990304	27.76
19990305	27.68
19990308	27.3
19990309	26.56
19990310	25.81
19990311	25.26
19990312	25.06
19990315	25.04
19990316	26.2
19990317	27.31
19990318	25.32
19990319	26.57
19990322	25.82
19990323	24.94
19990324	25
19990325	24.59
19990326	24.08
19990329	23.47
19990330	23.37
19990331	22.96
19990405	22.47
19990406	22.11
19990407	21.83
19990408	21.35
19990409	22.23
19990412	22.94
19990413	21.74
19990414	22.2
19990415	21.16
19990416	20.4
19990419	20.06
19990420	20.19
19990421	20.49
19990422	20.29
19990423	20.72
19990426	20.42
19990427	20.57
19990428	20.56
19990429	20.1
19990430	20.24
19990503	20.25
19990504	20.15
19990506	21.27
19990507	22.51
19990510	22.84
19990511	22.96
19990512	22.29
19990513	20.7
19990514	21.05
19990517	20.84
19990518	20.3
19990519	19.94
19990520	19.94
19990521	20.55
19990524	20.37
19990525	21.44
19990526	21.19
19990527	21.02
19990528	21.8
19990531	21.78
19990601	22.62
19990602	22.84
19990603	22.49
19990604	23.35
19990607	23.71
19990608	23.39
19990609	23.57
19990610	22.57
19990611	22.55
19990614	23.17
19990615	22.64
19990616	22.12
19990617	21.48
19990618	21.16
19990621	21.08
19990622	20.57
19990623	20.34
19990624	20.55
19990625	21.42
19990628	21.24
19990629	20.66
19990630	21.01
19990701	20.08
19990702	21.62
19990705	21.69
19990706	22.18
19990707	20.52
19990708	20.09
19990709	20.02
19990712	20.26
19990713	20.75
19990714	19.81
19990715	19.56
19990716	20.24
19990719	19.66
19990720	19.86
19990721	19.87
19990722	19.74
19990723	21.12
19990726	21.35
19990727	20.43
19990728	20.55
19990729	22.16
19990730	21.9
19990802	22.19
19990803	23.52
19990804	22.12
19990805	21.5
19990806	21.5
19990809	21.61
19990810	21.32
19990811	19.99
19990812	20.05
19990813	20.19
19990816	20.28
19990817	19.79
19990818	19.94
19990819	19.82
19990820	20.48
19990823	19.89
19990824	19.15
19990825	19.31
19990826	20.18
19990827	19.83
19990830	19.17
19990831	19.51
19990902	20.05
19990903	21.31
19990906	20.23
19990907	19.9
19990908	20.51
19990909	20.58
19990910	20.81
19990913	20.43
19990914	20.38
19990915	20.88
19990917	21.55
19990920	19.98
19990921	20.16
19990922	19.51
19990923	19.01
19990924	20.77
19990927	20.42
19990928	20.4
19990929	19.04
19990930	18.9
19991001	19.73
19991004	19.04
19991005	18.93
19991006	18.56
19991007	18.37
19991008	18.08
19991011	17.68
19991012	17.27
19991013	17.4
19991014	18.17
19991015	19.19
19991018	18.92
19991019	18.53
19991020	18.38
19991021	18.22
19991022	18.1
19991025	18.51
19991026	18.64
19991027	16.91
19991028	17.42
19991029	17.78
19991101	19.45
19991103	17.91
19991104	16.93
19991105	16.51
19991108	16.44
19991109	16.09
19991110	17.02
19991111	16.54
19991112	16.69
19991115	16.93
19991116	17.13
19991117	16.8
19991118	16.9
19991119	18.02
19991122	19.75
19991123	20.96
19991124	18.86
19991125	18.78
19991126	19.72
19991129	19.74
19991130	19.97
19991201	17.97
19991202	17.76
19991203	17.71
19991206	17.29
19991207	17.21
19991208	17.13
19991209	16.91
19991210	17.03
19991213	17.8
19991214	17.07
19991215	16.96
19991216	16.91
19991217	17.75
19991220	17.08
19991221	16.79
19991222	15.95
19991223	16.64
19991224	17.49
19991227	17.17
19991228	17.08
19991229	17.21
19991230	18.39
20000103	17.14
20000104	17.07
20000105	17.13
20000106	17.07
20000107	17.23
20000110	16.69
20000111	16.77
20000112	16.52
20000113	16.63
20000114	17.13
20000117	17.03
20000118	17.96
20000119	17.74
20000120	18.52
20000121	19.07
20000124	18.44
20000125	18.39
20000126	18.39
20000127	18.37
20000128	19.19
20000131	19.25
20000201	19.32
20000202	19.12
20000203	18.14
20000204	17.77
20000207	17.45
20000208	17.12
20000209	16.83
20000210	16.79
20000211	17
20000214	17.14
20000215	17.17
20000216	17.56
20000217	16.88
20000218	16.86
20000221	16.92
20000222	16.87
20000223	17
20000224	16.67
20000225	16.99
20000228	17.21
20000229	17.38
20000301	16.49
20000302	16.19
20000303	16.14
20000306	15.88
20000307	15.52
20000308	15.27
20000309	15.05
20000310	15.45
20000313	15.61
20000314	15.02
20000315	14.42
20000316	14.48
20000317	15.12
20000320	14.83
20000322	14.34
20000323	14.06
20000324	13.63
20000327	13.95
20000328	14.08
20000329	14.32
20000330	13.79
20000331	13.87
20000403	13.88
20000404	13.89
20000405	14.39
20000406	13.84
20000407	13.62
20000410	13.4
20000411	14.02
20000412	14.24
20000413	13.48
20000414	14.34
20000417	14.66
20000418	14.23
20000419	14.56
20000424	14.69
20000425	13.96
20000426	13.66
20000427	14.19
20000428	14.46
20000502	13.97
20000503	14.39
20000504	14.3
20000508	14.5
20000509	14.56
20000510	14.28
20000511	14.2
20000512	14.18
20000515	14.09
20000516	14.11
20000517	14.47
20000518	14.45
20000519	14.27
20000522	14.34
20000523	14.92
20000524	16.21
20000525	16.31
20000526	16.74
20000529	16.67
20000530	16.73
20000531	16.23
20000601	15.69
20000602	15.18
20000605	14.96
20000606	15.6
20000607	16.66
20000608	16.16
20000609	17.04
20000612	16.58
20000613	16.29
20000614	16.04
20000615	16.03
20000616	16.82
20000619	16.36
20000620	16.37
20000621	16.38
20000622	16.35
20000623	16.82
20000626	17.14
20000627	18.14
20000628	18.08
20000629	18.06
20000630	18.06
20000703	15.92
20000704	16.06
20000705	15.2
20000706	14.37
20000707	14
20000710	14.09
20000711	14.06
20000712	14.06
20000713	13.91
20000714	14.07
20000717	13.94
20000718	13.86
20000719	13.92
20000720	13.7
20000721	13.85
20000724	13.61
20000725	13.59
20000726	13.6
20000727	13.41
20000728	13.39
20000731	13.75
20000801	16
20000802	17.62
20000803	17.66
20000804	17.01
20000807	16.56
20000808	16.51
20000809	16.51
20000810	16.66
20000811	16.61
20000814	16.65
20000815	16.34
20000816	16.15
20000817	16.1
20000818	16.22
20000821	15.97
20000822	15.85
20000823	15.67
20000824	15.62
20000825	15.64
20000828	15.64
20000829	15.78
20000830	16.6
20000831	15.51
20000901	15.35
20000904	15.44
20000905	15.78
20000906	15.99
20000907	15.76
20000908	15.99
20000911	15.82
20000912	15.79
20000913	15.76
20000914	15.92
20000915	16.43
20000918	15.81
20000919	15.88
20000920	15.99
20000921	16.4
20000922	16.84
20000925	15.96
20000926	15.92
20000927	16.58
20000928	15.76
20000929	15.89
20001002	15.76
20001003	15.72
20001004	15.71
20001005	15.72
20001006	15.72
20001009	15.71
20001010	15.67
20001011	15.75
20001012	15.72
20001013	15.98
20001016	15.78
20001017	15.88
20001018	16.99
20001019	17.19
20001020	17.62
20001023	17.59
20001024	17.54
20001025	17.52
20001026	17.12
20001027	17.11
20001030	17.11
20001031	17.09
20001101	17.12
20001103	17.15
20001106	17.12
20001107	17.12
20001108	17.18
20001109	17.31
20001110	17.38
20001113	18.05
20001114	18.31
20001115	18.2
20001116	18.19
20001117	18.79
20001121	19.09
20001122	19.27
20001123	18.21
20001124	18.2
20001127	18.05
20001128	17.88
20001129	17.84
20001130	17.9
20001204	17.32
20001205	17.19
20001206	17.15
20001207	17.25
20001208	17.28
20001211	17.3
20001213	17.32
20001214	17.25
20001215	17.6
20001218	17.44
20001219	17.31
20001220	17.74
20001221	17.74
20001222	18.68
20001226	18.27
20001227	18
20001228	18.31
20001229	18.79
20010102	17.87
20010103	17.87
20010104	17.2
20010105	17.07
20010108	16.95
20010109	16.92
20010110	17.01
20010111	17.09
20010112	17.22
20010115	18.03
20010116	18.34
20010117	18.44
20010118	18.32
20010119	18.15
20010122	18.1
20010123	18.12
20010124	18.08
20010125	17.87
20010126	17.6
20010129	17.69
20010130	17.71
20010131	17.72
20010201	17.71
20010202	17.85
20010206	17.84
20010207	17.83
20010208	17.74
20010209	17.6
20010212	17.63
20010213	17.61
20010214	16.9
20010215	17.5
20010216	17.6
20010219	17.45
20010220	17.35
20010221	17.39
20010222	17.45
20010223	17.16
20010226	17.07
20010227	16.96
20010228	16.86
20010301	16.9
20010302	17.23
20010305	17.13
20010306	17.05
20010307	16.84
20010308	16.69
20010309	16.64
20010312	16.64
20010313	16.61
20010314	15.79
20010315	16.71
20010316	17.33
20010319	17.08
20010320	17.33
20010322	16.61
20010323	16.55
20010326	16.39
20010327	16.21
20010328	16.13
20010329	16.18
20010330	16.32
20010402	16.28
20010403	16.4
20010404	16.17
20010405	16
20010406	16.32
20010409	16.71
20010410	16.03
20010411	16.18
20010416	15.92
20010417	15.8
20010418	15.65
20010419	15.57
20010420	15.68
20010423	15.64
20010424	15.59
20010425	15.46
20010426	15.06
20010427	14.97
20010430	15
20010502	14.89
20010503	14.85
20010504	14.86
20010507	14.92
20010508	14.93
20010509	14.66
20010510	14.58
20010511	14.36
20010514	14.28
20010515	14.27
20010516	14.22
20010517	13.76
20010518	13.39
20010521	11.9
20010522	11.38
20010523	11.18
20010524	11.22
20010525	11.27
20010528	11.34
20010529	11.35
20010530	11.34
20010531	11.47
20010601	11.52
20010604	11.66
20010605	11.59
20010606	11.1
20010607	11.26
20010608	11.38
20010611	11.09
20010612	11.08
20010613	11.11
20010614	11
20010615	10.96
20010618	10.65
20010619	10.39
20010620	10.43
20010621	10.71
20010622	10.65
20010625	10.61
20010626	10.39
20010627	10.17
20010628	10.17
20010629	10.25
20010702	10.14
20010703	10.12
20010704	9.7
20010705	9.96
20010706	10.33
20010709	10.18
20010710	10.08
20010711	10.31
20010712	10.3
20010713	10.31
20010716	10.14
20010717	10.04
20010718	9.84
20010719	9.8
20010720	9.83
20010723	9.8
20010724	9.68
20010725	9.39
20010726	9.29
20010727	9.34
20010730	9.28
20010731	9.27
20010801	9.77
20010802	8.64
20010803	8.59
20010806	8.34
20010807	8.28
20010808	8.23
20010809	8.22
20010810	8.21
20010813	8.22
20010814	8.22
20010815	8.21
20010816	8.21
20010817	8.21
20010820	8.24
20010821	8.23
20010822	8.11
20010823	8.1
20010824	8.53
20010827	9.28
20010828	10.42
20010829	9.45
20010830	8.99
20010831	8.94
20010903	8.83
20010904	8.84
20010905	8.85
20010906	8.87
20010907	8.92
20010910	8.94
20010911	9.84
20010912	9.65
20010913	9.5
20010914	9.65
20010917	9.66
20010918	9.65
20010919	9.63
20010920	9.79
20010921	10.18
20010924	9.9
20010925	9.94
20010926	9.23
20010927	10.41
20010928	10.36
20011001	10.33
20011002	10.36
20011003	10.33
20011004	10.37
20011005	10.37
20011008	10.4
20011009	10.38
20011010	10.08
20011011	9.8
20011012	9.81
20011015	9.57
20011016	9.4
20011017	9.05
20011018	8.79
20011019	8.52
20011022	8.42
20011023	8.21
20011024	7.4
20011025	7.86
20011026	7.94
20011029	7.93
20011030	8.12
20011031	8.08
20011101	8.12
20011102	8.17
20011105	7.93
20011106	7.87
20011107	7.94
20011108	8.01
20011109	8.09
20011112	8.1
20011113	8.11
20011114	8.12
20011115	8.11
20011116	8.14
20011119	8.29
20011121	7.45
20011122	7.56
20011123	7.26
20011126	6.9
20011127	6.66
20011128	6.78
20011129	6.96
20011130	7.24
20011203	6.98
20011204	6.78
20011205	6.85
20011206	6.88
20011207	6.89
20011210	6.76
20011211	6.73
20011213	6.21
20011214	5.94
20011217	5.78
20011218	5.75
20011219	4.89
20011220	7.39
20011221	7.3
20011224	7.35
20011226	7.22
20011227	7.12
20011228	7.17
20011231	8.04
20020102	7.2
20020103	6.96
20020104	6.92
20020107	6.73
20020108	6.67
20020109	6.73
20020110	6.99
20020111	8.17
20020114	7.27
20020115	6.96
20020116	6.19
20020117	6.59
20020118	6.59
20020121	6.78
20020122	7.27
20020123	7.32
20020124	7.51
20020125	7.62
20020128	7.6
20020129	8
20020130	8.15
20020131	8.08
20020201	8.16
20020204	8.12
20020206	7.91
20020207	7.51
20020208	7.27
20020211	8.27
20020212	8.27
20020213	8.08
20020214	8.37
20020215	9.47
20020218	8.99
20020219	8.5
20020220	8.4
20020221	8.39
20020222	8.4
20020225	7.85
20020226	7.58
20020227	7.61
20020228	7.63
20020301	7.38
20020304	7.34
20020305	7.34
20020306	7.07
20020307	7.06
20020308	7.07
20020311	7.07
20020312	7.07
20020313	6.21
20020314	8.74
20020315	9.36
20020318	8.17
20020319	8.09
20020320	7.96
20020322	7.9
20020325	7.83
20020326	7.79
20020327	7.11
20020401	6.17
20020402	5.89
20020403	5.88
20020404	5.87
20020405	5.82
20020408	5.62
20020409	5.31
20020410	4.24
20020411	5.34
20020412	5.39
20020415	5.11
20020416	5.4
20020417	5.51
20020418	5.25
20020419	5.17
20020422	5.15
20020423	5.15
20020424	5.15
20020425	5.41
20020426	5.53
20020429	5.49
20020430	5.47
20020502	5.54
20020503	6.26
20020506	6.7
20020507	6.84
20020508	6.66
20020509	7.23
20020510	7.66
20020513	7.67
20020514	7.72
20020515	7.5
20020516	7.17
20020517	7.06
20020520	7.08
20020521	7.15
20020522	7.19
20020523	7.19
20020524	7.2
20020527	7.17
20020528	7.2
20020529	7.16
20020530	7.4
20020531	7.33
20020603	7
20020604	6.83
20020605	6.1
20020606	7.24
20020607	7.31
20020610	7.22
20020611	7.12
20020612	7.06
20020613	6.88
20020614	6.85
20020617	6.79
20020618	6.72
20020619	6.73
20020620	7.02
20020621	7.89
20020624	7.92
20020625	7.79
20020626	8.53
20020627	8.12
20020628	8.13
20020701	8.02
20020702	7.92
20020703	6.59
20020704	7.57
20020705	7.49
20020708	7.49
20020709	7.49
20020710	7.36
20020711	7.11
20020712	6.9
20020715	6.88
20020716	6.89
20020717	6.82
20020718	6.65
20020719	6.59
20020722	6.56
20020723	6.56
20020724	6.57
20020725	6.57
20020726	6.58
20020729	6.59
20020730	6.56
20020731	5.37
20020801	6.57
20020802	6.58
20020805	6.58
20020806	6.48
20020807	6.46
20020808	6.33
20020809	6.33
20020812	6.33
20020813	6.59
20020814	6.59
20020815	6.63
20020816	6.68
20020819	6.69
20020820	6.7
20020821	6.58
20020822	6.6
20020823	6.59
20020826	6.6
20020827	6.55
20020828	5.93
20020829	6.68
20020830	6.64
20020902	6.58
20020903	6.58
20020904	6.77
20020905	6.77
20020906	6.77
20020909	6.72
20020910	6.59
20020911	6.58
20020912	6.69
20020913	6.71
20020917	6.7
20020918	6.75
20020919	7.02
20020920	7.71
20020923	8.05
20020924	8.5
20020925	6.24
20020926	8.5
20020927	8.19
20020930	8.05
20021001	8.07
20021002	7.82
20021003	7.79
20021004	7.81
20021007	7.88
20021008	7.85
20021009	7.97
20021010	8.05
20021011	8.07
20021014	8.04
20021015	7.88
20021016	7.86
20021017	7.6
20021018	7.59
20021021	7.61
20021022	7.56
20021023	6.18
20021024	7.59
20021025	7.6
20021028	7.6
20021029	7.62
20021030	7.92
20021031	7.72
20021101	7.73
20021104	7.73
20021105	7.59
20021106	7.57
20021107	7.47
20021108	7.79
20021111	8.05
20021112	8.04
20021113	7.96
20021114	7.67
20021115	7.09
20021118	6.26
20021119	7.08
20021121	6.88
20021122	6.89
20021125	6.97
20021126	6.98
20021127	6.98
20021128	6.98
20021129	7
20021202	6.98
20021203	6.98
20021204	6.99
20021205	7.14
20021206	7.38
20021209	7.56
20021210	7.72
20021211	7.8
20021213	7.75
20021216	7.65
20021217	7.65
20021218	6.39
20021219	7.62
20021220	7.65
20021223	7.64
20021224	7.64
20021226	7.66
20021227	7.68
20021230	7.87
20021231	8.25
20030102	7.83
20030103	7.82
20030106	7.7
20030107	7.83
20030108	7.8
20030109	7.75
20030110	7.82
20030113	8.07
20030114	8.16
20030115	6.06
20030116	8.12
20030117	8.26
20030120	8.25
20030121	8.36
20030122	9.11
20030123	9.08
20030124	9.11
20030127	9.09
20030128	9.1
20030129	9.05
20030130	8.98
20030131	9.01
20030203	8.83
20030204	9
20030206	8.83
20030207	9.04
20030210	9.89
20030211	9.38
20030212	8.04
20030213	9.44
20030214	9.43
20030217	9.16
20030218	9.16
20030219	9.09
20030220	8.86
20030221	9.03
20030224	9.02
20030225	9.27
20030226	9.26
20030227	9.27
20030228	9.27
20030303	9.27
20030304	9.43
20030305	9.53
20030306	9.77
20030307	9.86
20030310	9.87
20030311	9.8
20030312	8.18
20030313	9.21
20030314	9.05
20030317	9.12
20030318	8.97
20030319	9.04
20030320	8.96
20030324	8.68
20030325	8.55
20030326	8.34
20030327	8.36
20030328	8.72
20030331	8.92
20030401	8.93
20030402	8.56
20030403	8.46
20030404	8.46
20030407	8.28
20030408	8.29
20030409	7.28
20030410	8.37
20030411	8.09
20030414	7.94
20030415	7.94
20030416	7.71
20030421	7.62
20030422	7.59
20030423	7.59
20030424	7.33
20030425	6.86
20030428	6.78
20030429	6.32
20030430	5.85
20030502	5.72
20030505	5.52
20030506	5.56
20030507	5.6
20030508	5.59
20030509	5.06
20030512	4.8
20030513	4.8
20030514	4.58
20030515	5.06
20030516	5.56
20030519	5.57
20030520	5.54
20030521	5.28
20030522	5.05
20030523	4.79
20030526	4.8
20030527	4.82
20030528	4.88
20030529	4.81
20030530	4.79
20030602	4.7
20030603	4.56
20030604	4.59
20030605	5.56
20030606	5.51
20030609	5.71
20030610	5.98
20030611	5.77
20030612	5.65
20030613	5.62
20030616	5.63
20030617	5.61
20030618	5.69
20030619	5.72
20030620	5.27
20030623	5.13
20030624	5.05
20030625	4.92
20030626	4.63
20030627	4.6
20030630	4.36
20030701	4.36
20030702	4.36
20030703	4.39
20030704	4.37
20030707	4.37
20030708	4.89
20030709	4.96
20030710	4.97
20030711	5.12
20030714	4.96
20030715	4.94
20030716	4.94
20030717	4.54
20030718	4.51
20030721	4.43
20030722	4.27
20030723	4.33
20030724	4.35
20030725	4.13
20030728	4.08
20030729	4.07
20030730	4.07
20030731	4.07
20030801	4.09
20030804	4.08
20030805	4.18
20030806	4.28
20030807	4.28
20030808	4.15
20030811	4.05
20030812	4.15
20030813	4.16
20030814	4.16
20030815	4.15
20030818	4.15
20030819	4.2
20030820	4.22
20030821	4.24
20030822	4.24
20030825	4.25
20030826	4.24
20030827	4.34
20030828	4.35
20030829	4.57
20030901	4.57
20030902	4.58
20030903	4.48
20030904	4.43
20030905	4.3
20030908	4.31
20030909	4.3
20030910	4.34
20030911	4.33
20030912	4.34
20030915	4.37
20030917	4.25
20030918	4.33
20030919	4.35
20030922	4.26
20030923	4.17
20030924	4.18
20030925	4.23
20030926	4.23
20030929	4.32
20030930	4.3
20031001	4.27
20031002	4.4
20031003	4.73
20031006	5.03
20031007	5.46
20031008	5.38
20031009	5.44
20031010	5.38
20031013	5.31
20031014	5.44
20031015	5.45
20031016	5.45
20031017	5.46
20031020	5.45
20031021	5.31
20031022	5.31
20031023	5.31
20031024	5.15
20031027	5.03
20031028	5.02
20031029	4.66
20031030	4.79
20031031	4.73
20031103	4.62
20031104	4.53
20031105	4.44
20031106	4.44
20031107	4.45
20031110	4.45
20031111	4.45
20031112	4.46
20031113	4.8
20031114	4.89
20031117	5.16
20031118	5.09
20031119	5.14
20031121	5.23
20031124	5.26
20031125	5.52
20031126	5.77
20031127	5.85
20031128	6.26
20031201	6.39
20031202	6.37
20031203	6.35
20031204	6.19
20031205	6.11
20031208	6.03
20031209	5.81
20031210	5.82
20031211	5.8
20031215	5.91
20031216	6.06
20031217	6.01
20031218	6.02
20031219	6.02
20031222	6.11
20031223	6.1
20031224	6.12
20031226	6.11
20031229	6.11
20031230	6.1
20031231	6.12
20040102	6.12
20040105	5.84
20040106	5.66
20040107	5.29
20040108	5.05
20040109	5.1
20040112	5.04
20040113	4.87
20040114	4.84
20040115	4.85
20040116	4.75
20040119	4.73
20040120	4.74
20040121	4.79
20040122	4.99
20040123	5.18
20040126	4.86
20040127	4.85
20040128	4.8
20040129	5.01
20040130	5.2
20040202	4.91
20040203	5.09
20040204	5.2
20040206	5.35
20040209	5.21
20040210	5.51
20040211	5.51
20040212	5.49
20040213	5.38
20040216	5.42
20040217	5.44
20040218	5.45
20040219	5.5
20040220	5.98
20040223	6.01
20040224	6.25
20040225	6.74
20040226	6.66
20040227	6.71
20040301	6.66
20040302	6.6
20040303	6.43
20040304	6.6
20040305	6.35
20040308	6.16
20040309	6.25
20040310	6.26
20040311	6.35
20040312	6.55
20040315	6.61
20040316	6.66
20040317	6.7
20040318	6.6
20040319	6.56
20040322	6.55
20040323	6.41
20040324	6.35
20040325	6.27
20040326	6.08
20040329	6.11
20040330	6.26
20040331	6.13
20040401	6.04
20040402	6.12
20040405	6.12
20040406	6.07
20040407	5.91
20040412	5.87
20040413	5.9
20040414	6.03
20040415	6.02
20040416	6
20040419	5.98
20040420	5.98
20040421	6.04
20040422	6.01
20040423	5.68
20040426	5.51
20040427	5.52
20040428	6.01
20040429	6.13
20040430	6.26
20040503	6.26
20040504	6.26
20040505	6.17
20040506	6.1
20040507	6.31
20040510	6.52
20040511	6.52
20040512	6.52
20040513	6.52
20040514	6.51
20040517	6.52
20040518	6.52
20040519	6.52
20040520	6.52
20040521	6.51
20040524	6.52
20040525	6.38
20040526	6.35
20040527	6.35
20040528	6.36
20040531	6.35
20040601	6.35
20040602	6.35
20040603	6.35
20040604	6.36
20040607	6.35
20040608	6.35
20040609	6.35
20040610	6.34
20040611	6.36
20040614	6.35
20040615	6.35
20040616	6.35
20040617	6.35
20040618	6.36
20040621	6.35
20040622	6.35
20040623	6.35
20040624	6.35
20040625	6.36
20040628	6.35
20040629	6.35
20040630	6.53
20040701	6.6
20040702	6.61
20040705	6.6
20040706	6.6
20040707	6.6
20040708	6.6
20040709	6.61
20040712	6.61
20040713	6.6
20040714	6.6
20040715	6.6
20040716	6.61
20040719	6.61
20040720	6.6
20040721	6.61
20040722	6.61
20040723	6.76
20040726	6.75
20040727	6.75
20040728	6.74
20040729	6.75
20040730	6.76
20040802	6.75
20040803	6.78
20040804	6.76
20040805	6.76
20040806	6.85
20040809	6.77
20040810	6.76
20040811	6.98
20040812	7
20040813	7.01
20040816	7
20040817	7
20040818	7
20040819	7
20040820	7.01
20040823	7
20040824	7
20040825	7.09
20040826	7.1
20040827	7.15
20040830	7.17
20040831	7.17
20040901	7.17
20040902	7.17
20040903	7.15
20040906	7.16
20040907	7.16
20040908	7.16
20040909	7.16
20040910	7.16
20040913	7.16
20040914	7.16
20040915	7.16
20040917	7.19
20040920	7.16
20040921	7.16
20040922	7.41
20040923	7.41
20040924	7.61
20040927	7.61
20040928	7.61
20040929	7.61
20040930	7.62
20041001	7.61
20041004	7.61
20041005	7.61
20041006	7.61
20041007	7.61
20041008	7.61
20041011	7.61
20041012	7.62
20041013	7.62
20041014	7.62
20041015	7.62
20041018	7.62
20041019	7.62
20041020	7.62
20041021	7.63
20041022	7.76
20041025	7.82
20041026	7.82
20041027	7.81
20041028	7.81
20041029	7.81
20041101	7.81
20041102	7.81
20041103	7.81
20041104	7.82
20041105	7.83
20041108	7.83
20041109	7.85
20041110	7.85
20041111	8.08
20041112	8.07
20041115	8.06
20041116	8.06
20041117	8.06
20041118	8.06
20041119	8.06
20041122	8.06
20041123	8.07
20041124	8.07
20041125	8.06
20041126	8.27
20041129	8.27
20041130	8.27
20041201	8.27
20041202	8.26
20041203	8.26
20041206	8.26
20041207	8.27
20041208	8.27
20041209	8.26
20041210	8.38
20041213	8.41
20041214	8.47
20041215	8.72
20041216	8.74
20041217	8.74
20041220	8.74
20041221	8.74
20041222	8.74
20041223	8.72
20041224	8.75
20041227	8.73
20041228	8.74
20041229	8.74
20041230	8.74
20041231	8.75
20050103	8.73
20050104	8.73
20050105	8.73
20050106	8.72
20050107	8.73
20050110	8.73
20050111	8.72
20050112	8.73
20050113	8.72
20050114	8.72
20050117	8.72
20050118	8.72
20050119	8.72
20050120	8.72
20050121	8.73
20050124	8.73
20050125	8.72
20050126	8.72
20050127	8.72
20050128	8.81
20050131	8.82
20050201	8.9
20050202	8.9
20050203	9.06
20050204	9.09
20050207	9.1
20050208	9.12
20050209	9.15
20050210	9.15
20050211	9.15
20050214	9.15
20050215	9.15
20050216	9.15
20050217	9.16
20050218	9.15
20050221	9.15
20050222	9.15
20050223	9.15
20050224	9.16
20050225	9.28
20050228	9.21
20050301	9.21
20050302	9.2
20050303	9.21
20050304	9.2
20050307	9.2
20050308	9.2
20050309	9.2
20050310	9.2
20050311	9.2
20050314	9.2
20050315	9.2
20050316	9.2
20050317	9.2
20050318	9.21
20050322	9.2
20050323	9.5
20050328	9.5
20050329	9.5
20050330	9.5
20050331	9.51
20050401	9.5
20050404	9.5
20050405	9.5
20050406	9.5
20050407	9.5
20050408	9.5
20050411	9.5
20050412	9.51
20050413	9.52
20050414	9.53
20050415	9.55
20050418	9.52
20050419	9.53
20050420	9.52
20050421	9.51
20050422	9.52
20050425	9.51
20050426	9.52
20050427	9.52
20050428	9.53
20050429	9.6
20050502	9.53
20050503	9.54
20050504	9.78
20050505	9.78
20050506	9.79
20050509	9.79
20050510	9.88
20050511	9.88
20050512	9.78
20050513	9.76
20050516	9.75
20050517	9.75
20050518	9.75
20050519	9.75
20050520	9.74
20050523	9.74
20050524	9.75
20050525	9.75
20050526	9.75
20050527	9.75
20050530	9.75
20050531	9.75
20050601	9.75
20050602	9.75
20050603	9.75
20050606	9.75
20050607	9.75
20050608	9.75
20050609	9.75
20050610	9.75
20050613	9.75
20050614	9.75
20050615	9.75
20050616	9.75
20050617	9.75
20050620	9.75
20050621	9.75
20050622	9.75
20050623	9.75
20050624	9.75
20050627	9.75
20050628	9.75
20050629	9.75
20050630	9.76
20050701	9.75
20050704	9.75
20050705	9.75
20050706	9.75
20050707	9.75
20050708	9.75
20050711	9.75
20050712	9.75
20050713	9.75
20050714	9.75
20050715	9.75
20050718	9.75
20050719	9.75
20050720	9.75
20050721	9.75
20050722	9.75
20050725	9.75
20050726	9.75
20050727	9.75
20050728	9.75
20050729	9.75
20050801	9.75
20050802	9.75
20050803	9.75
20050804	9.75
20050805	9.75
20050808	9.75
20050809	9.75
20050810	9.75
20050811	9.75
20050812	9.75
20050815	9.75
20050816	9.75
20050817	9.75
20050818	9.75
20050819	9.75
20050822	9.75
20050823	9.75
20050824	9.75
20050825	9.75
20050826	9.53
20050829	9.51
20050830	9.51
20050831	9.51
20050901	9.51
20050902	9.5
20050905	9.5
20050906	9.5
20050907	9.5
20050908	9.5
20050909	9.5
20050912	9.51
20050913	9.5
20050914	9.5
20050915	9.5
20050919	9.5
20050920	9.51
20050921	9.51
20050922	9.51
20050923	9.26
20050926	9.26
20050927	9.26
20050928	9.26
20050929	9.26
20050930	9.26
20051003	9.26
20051004	9.26
20051005	9.26
20051006	9.26
20051007	9.26
20051010	9.26
20051011	9.26
20051012	9.25
20051013	9.26
20051014	9.25
20051017	9.26
20051018	9.26
20051019	9.26
20051020	9.26
20051021	9.25
20051024	9.26
20051025	9.26
20051026	9.26
20051027	9.26
20051028	9.01
20051031	9.01
20051101	9.01
20051102	9
20051103	9.01
20051104	9.01
20051107	9.01
20051108	9.01
20051109	9.01
20051110	9.01
20051111	9.01
20051114	9.01
20051115	9.01
20051116	9.01
20051117	9.01
20051118	9.01
20051121	9.01
20051122	9.01
20051123	9.01
20051124	9.01
20051125	8.75
20051128	8.75
20051129	8.75
20051130	8.76
20051201	8.75
20051202	8.75
20051205	8.75
20051206	8.75
20051207	8.75
20051208	8.75
20051209	8.26
20051213	8.26
20051214	8.25
20051215	8.26
20051216	8.28
20051219	8.28
20051220	8.28
20051221	8.27
20051222	8.27
20051223	8.27
20051226	8.26
20051227	8.26
20051228	8.26
20051229	8.26
20051230	8.27
20060102	8.26
20060103	8.26
20060104	8.26
20060105	8.26
20060106	8.26
20060109	8.26
20060110	8.26
20060111	8.26
20060112	8.27
20060113	8.26
20060116	8.26
20060117	8.26
20060118	8.26
20060119	8.25
20060120	8.27
20060123	8.26
20060124	8.27
20060125	8.27
20060126	8.27
20060127	7.77
20060130	7.77
20060131	7.77
20060201	7.77
20060202	7.76
20060203	7.77
20060207	7.77
20060208	7.76
20060209	7.76
20060210	7.77
20060213	7.76
20060214	7.76
20060215	7.77
20060216	7.76
20060217	7.77
20060220	7.78
20060221	7.76
20060222	7.77
20060223	7.78
20060224	7.51
20060227	7.51
20060228	7.51
20060301	7.52
20060302	7.52
20060303	7.53
20060306	7.52
20060307	7.52
20060308	7.53
20060309	7.53
20060310	7.53
20060313	7.52
20060314	7.51
20060315	7.51
20060316	7.51
20060317	7.51
20060320	7.51
20060322	7.51
20060323	7.52
20060324	7.26
20060327	7.26
20060328	7.26
20060329	7.26
20060330	7.26
20060331	7.27
20060403	7.26
20060404	7.26
20060405	7.26
20060406	7.26
20060407	7.26
20060410	7.25
20060411	7.25
20060412	7.25
20060417	7.26
20060418	7.26
20060419	7.26
20060420	7.26
20060421	7.01
20060424	7.01
20060425	7.01
20060426	7.02
20060427	7.02
20060428	7.05
20060502	7.01
20060503	7.01
20060504	7.02
20060505	7.02
20060508	7.01
20060509	7.01
20060510	7.02
20060511	7.01
20060512	7.01
20060515	7.01
20060516	7.02
20060517	7.02
20060518	7.02
20060519	7.02
20060522	7.02
20060523	7.02
20060524	7.02
20060525	7.02
20060526	7.02
20060529	7.02
20060530	7.02
20060531	7.02
20060601	7.01
20060602	7.02
20060605	7.02
20060606	7.02
20060607	7.02
20060608	7.02
20060609	7.01
20060612	7.01
20060613	7.01
20060614	7.01
20060615	7.01
20060616	7.01
20060619	7.01
20060620	7.01
20060621	7.02
20060622	7.01
20060623	7.02
20060626	7.02
20060627	7.02
20060628	7.02
20060629	7.02
20060630	7.03
20060703	7.01
20060704	7.01
20060705	7.01
20060706	7.01
20060707	7.01
20060710	7.01
20060711	7.01
20060712	7.01
20060713	7.01
20060714	7.01
20060717	7.01
20060718	7.01
20060719	7.01
20060720	7.01
20060721	7.01
20060724	7.01
20060725	7.01
20060726	7.01
20060727	7.02
20060728	7.01
20060731	7.03
20060801	7.01
20060802	7.01
20060803	7.01
20060804	7.01
20060807	7.01
20060808	7.01
20060809	7.01
20060810	7.02
20060811	7.02
20060814	7.01
20060815	7.01
20060816	7.01
20060817	7.01
20060818	7.01
20060821	7.02
20060822	7.02
20060823	7.01
20060824	7.01
20060825	7.01
20060828	7.02
20060829	7.01
20060830	7.01
20060831	7.03
20060901	7.02
20060904	7.02
20060905	7.07
20060906	7.03
20060907	7.03
20060908	7.02
20060911	7.03
20060912	7.05
20060913	7.06
20060914	7.02
20060915	7.02
20060918	7.02
20060919	7.02
20060920	7.02
20060921	7.02
20060922	7.02
20060925	7.01
20060926	7.01
20060927	7.01
20060928	7.01
20060929	7.05
20061002	7.01
20061003	7.01
20061004	7.01
20061005	7.01
20061006	7.01
20061009	7.01
20061010	7.01
20061011	7.02
20061012	7.02
20061013	7.01
20061016	7.01
20061017	7.01
20061018	7.01
20061019	7.01
20061020	7.01
20061023	7.02
20061024	7.02
20061025	7.01
20061026	7.01
20061027	7.01
20061030	7.01
20061031	7.04
20061101	7.01
20061103	7.01
20061106	7.01
20061107	7.01
20061108	7.01
20061109	7.01
20061110	7.02
20061113	7.02
20061114	7.02
20061115	7.02
20061116	7.02
20061117	7.04
20061121	7.03
20061122	7.02
20061123	7.01
20061124	7.01
20061127	7.01
20061128	7.01
20061129	7.01
20061130	7.05
20061204	7.01
20061205	7.03
20061206	7.02
20061207	7.02
20061208	7.01
20061211	7.01
20061213	7.14
20061214	7.25
20061215	7.09
20061218	7.04
20061219	7.04
20061220	7.04
20061221	7.03
20061222	7.04
20061226	7.04
20061227	7.04
20061228	7.04
20061229	7.02
20070102	7.04
20070103	7.03
20070104	7.03
20070105	7.02
20070108	7.01
20070109	7.02
20070110	7.02
20070111	7.02
20070112	7.02
20070115	7.02
20070116	7.02
20070117	7.02
20070118	7.02
20070119	7.02
20070122	7.02
20070123	7.02
20070124	7.02
20070125	7.02
20070126	7.02
20070129	7.02
20070130	7.02
20070131	7.02
20070201	7.02
20070202	7.02
20070206	7.02
20070207	7.02
20070208	7.02
20070209	7.02
20070212	7.02
20070213	7.02
20070214	7.02
20070215	7.02
20070216	7.02
20070219	7.02
20070220	7.02
20070221	7.02
20070222	7.02
20070223	7.02
20070226	7.02
20070227	7.02
20070228	7.08
20070301	7.02
20070302	7.02
20070305	7.02
20070306	7.02
20070307	7.02
20070308	7.02
20070309	7.02
20070312	7.02
20070313	7.02
20070314	7.01
20070315	7.02
20070316	7.04
20070320	7.02
20070321	7.02
20070322	7.02
20070323	7.02
20070326	7.02
20070327	7.02
20070328	7.02
20070329	7.02
20070330	7.04
20070402	7.02
20070403	7.02
20070404	7.02
20070409	7.02
20070410	7.02
20070411	7.02
20070412	7.02
20070413	7.02
20070416	7.02
20070417	7.02
20070418	7.02
20070419	7.02
20070420	7.02
20070423	7.02
20070424	7.02
20070425	7.02
20070426	7.01
20070427	7.25
20070430	7.26
20070502	7.26
20070503	7.26
20070504	7.26
20070507	7.26
20070508	7.26
20070509	7.26
20070510	7.29
20070511	7.26
20070514	7.26
20070515	7.28
20070516	7.31
20070517	7.3
20070518	7.3
20070521	7.3
20070522	7.3
20070523	7.29
20070524	7.28
20070525	7.26
20070528	7.25
20070529	7.26
20070530	7.26
20070531	7.3
20070601	7.26
20070604	7.26
20070605	7.26
20070606	7.27
20070607	7.27
20070608	7.27
20070611	7.27
20070612	7.28
20070613	7.27
20070614	7.27
20070615	7.27
20070618	7.27
20070619	7.28
20070620	7.27
20070621	7.27
20070622	7.26
20070625	7.26
20070626	7.26
20070627	7.25
20070628	7.26
20070629	7.3
20070702	7.25
20070703	7.27
20070704	7.26
20070705	7.27
20070706	7.28
20070709	7.27
20070710	7.28
20070711	7.28
20070712	7.28
20070713	7.27
20070716	7.26
20070717	7.27
20070718	7.27
20070719	7.28
20070720	7.27
20070723	7.26
20070724	7.25
20070725	7.25
20070726	7.25
20070727	7.25
20070730	7.26
20070731	7.29
20070801	7.26
20070802	7.26
20070803	7.26
20070806	7.28
20070807	7.29
20070808	7.28
20070809	7.27
20070810	7.27
20070813	7.26
20070814	7.26
20070815	7.25
20070816	7.26
20070817	7.25
20070820	7.26
20070821	7.26
20070822	7.26
20070823	7.25
20070824	7.25
20070827	7.25
20070828	7.25
20070829	7.25
20070830	7.26
20070831	7.29
20070903	7.25
20070904	7.26
20070905	7.25
20070906	7.25
20070907	7.25
20070910	7.25
20070911	7.25
20070912	7.25
20070913	7.25
20070914	7.24
20070917	7.25
20070918	7.25
20070919	7.25
20070920	7.24
20070921	7.23
20070924	7.17
20070925	7.16
20070926	7.19
20070927	7.25
20070928	7.28
20071001	7.25
20071002	7.25
20071003	7.25
20071004	7.25
20071005	7.25
20071008	7.24
20071009	7.23
20071010	7.23
20071011	7.25
20071012	7.25
20071015	7.26
20071016	7.26
20071017	7.26
20071018	7.26
20071019	7.26
20071022	7.25
20071023	7.26
20071024	7.25
20071025	7.23
20071026	7.45
20071029	7.43
20071030	7.46
20071031	7.49
20071101	7.48
20071105	7.47
20071106	7.47
20071107	7.5
20071108	7.5
20071109	7.51
20071112	7.51
20071113	7.52
20071114	7.52
20071115	7.52
20071116	7.52
20071120	7.52
20071121	7.51
20071122	7.52
20071123	7.5
20071126	7.5
20071127	7.5
20071128	7.5
20071129	7.49
20071130	7.51
20071203	7.5
20071204	7.5
20071205	7.5
20071206	7.51
20071207	7.5
20071210	7.51
20071211	7.51
20071213	7.51
20071214	7.51
20071217	7.52
20071218	7.52
20071219	7.52
20071220	7.52
20071221	7.52
20071224	7.53
20071226	7.53
20071227	7.53
20071228	7.53
20071231	7.57
20080102	7.51
20080103	7.51
20080104	7.51
20080107	7.51
20080108	7.5
20080109	7.5
20080110	7.5
20080111	7.5
20080114	7.51
20080115	7.51
20080116	7.51
20080117	7.51
20080118	7.51
20080121	7.51
20080122	7.51
20080123	7.5
20080124	7.51
20080125	7.51
20080128	7.5
20080129	7.51
20080130	7.51
20080131	7.52
20080201	7.51
20080205	7.51
20080206	7.51
20080207	7.5
20080208	7.5
20080211	7.5
20080212	7.5
20080213	7.5
20080214	7.5
20080215	7.5
20080218	7.5
20080219	7.5
20080220	7.5
20080221	7.5
20080222	7.5
20080225	7.5
20080226	7.5
20080227	7.5
20080228	7.5
20080229	7.51
20080303	7.5
20080304	7.5
20080305	7.5
20080306	7.5
20080307	7.5
20080310	7.5
20080311	7.5
20080312	7.5
20080313	7.51
20080314	7.52
20080318	7.52
20080319	7.55
20080324	7.5
20080325	7.49
20080326	7.49
20080327	7.49
20080328	7.49
20080331	7.52
20080401	7.49
20080402	7.5
20080403	7.51
20080404	7.51
20080407	7.51
20080408	7.5
20080409	7.5
20080410	7.5
20080411	7.51
20080414	7.5
20080415	7.5
20080416	7.51
20080417	7.51
20080418	7.51
20080421	7.51
20080422	7.51
20080423	7.5
20080424	7.51
20080425	7.51
20080428	7.51
20080429	7.51
20080430	7.52
20080502	7.51
20080505	7.51
20080506	7.51
20080507	7.51
20080508	7.51
20080509	7.51
20080512	7.51
20080513	7.51
20080514	7.51
20080515	7.51
20080516	7.51
20080519	7.51
20080520	7.51
20080521	7.51
20080522	7.5
20080523	7.51
20080526	7.51
20080527	7.51
20080528	7.51
20080529	7.51
20080530	7.52
20080602	7.51
20080603	7.51
20080604	7.51
20080605	7.51
20080606	7.51
20080609	7.51
20080610	7.51
20080611	7.51
20080612	7.51
20080613	7.52
20080616	7.52
20080617	7.53
20080618	7.54
20080619	7.53
20080620	7.76
20080623	7.75
20080624	7.76
20080625	7.75
20080626	7.76
20080627	7.76
20080630	7.78
20080701	7.76
20080702	7.76
20080703	7.76
20080704	7.76
20080707	7.76
20080708	7.76
20080709	7.76
20080710	7.75
20080711	7.76
20080714	7.76
20080715	7.76
20080716	7.76
20080717	7.78
20080718	8.01
20080721	8
20080722	7.98
20080723	8
20080724	7.99
20080725	8
20080728	8
20080729	8
20080730	8
20080731	8.05
20080801	8
20080804	8
20080805	8
20080806	8
20080807	7.99
20080808	8
20080811	8
20080812	8
20080813	8
20080814	8
20080815	8.25
20080818	8.25
20080819	8.26
20080820	8.26
20080821	8.25
20080822	8.24
20080825	8.24
20080826	8.25
20080827	8.25
20080828	8.26
20080829	8.28
20080901	8.25
20080902	8.25
20080903	8.25
20080904	8.26
20080905	8.25
20080908	8.25
20080909	8.25
20080910	8.26
20080911	8.26
20080912	8.26
20080915	8.27
20080917	8.26
20080918	8.27
20080919	8.26
20080922	8.25
20080923	8.25
20080924	8.25
20080925	8.26
20080926	8.25
20080929	8.26
20080930	8.27
20081001	8.25
20081002	8.25
20081003	8.25
20081006	8.23
20081007	8.23
20081008	8.17
20081009	8.12
20081010	8.07
20081013	8.11
20081014	8.14
20081015	8.07
20081016	7.89
20081017	7.63
20081020	7.69
20081021	8.06
20081022	7.84
20081023	7.6
20081024	7.43
20081027	7.72
20081028	8.01
20081029	8
20081030	7.9
20081031	8.12
20081103	7.93
20081104	7.99
20081105	7.98
20081106	7.98
20081107	8.05
20081110	8.06
20081111	8.1
20081112	8.15
20081113	8.19
20081114	8.2
20081118	8.22
20081119	8.23
20081120	8.23
20081121	8.18
20081124	8.17
20081125	8.17
20081126	8.19
20081127	8.16
20081128	8.2
20081201	8.2
20081202	8.18
20081203	8.17
20081204	8.2
20081205	8.22
20081208	8.24
20081209	8.24
20081210	8.26
20081211	8.25
20081215	8.27
20081216	8.3
20081217	8.31
20081218	8.32
20081219	8.3
20081222	8.31
20081223	8.31
20081224	8.31
20081226	8.3
20081229	8.33
20081230	8.33
20081231	8.34
20090102	8.3
20090105	8.3
20090106	8.29
20090107	8.3
20090108	8.3
20090109	8.29
20090112	8.31
20090113	8.31
20090114	8.3
20090115	8.31
20090116	7.79
20090119	7.79
20090120	7.81
20090121	7.8
20090122	7.8
20090123	7.73
20090126	7.75
20090127	7.76
20090128	7.76
20090129	7.76
20090130	7.76
20090203	7.77
20090204	7.76
20090205	7.77
20090206	7.75
20090209	7.77
20090210	7.75
20090211	7.75
20090212	7.75
20090213	7.76
20090216	7.76
20090217	7.76
20090218	7.76
20090219	7.77
20090220	7.52
20090223	7.52
20090224	7.51
20090225	7.51
20090226	7.5
20090227	7.53
20090302	7.5
20090303	7.5
20090304	7.5
20090305	7.5
20090306	7.5
20090309	7.5
20090310	7.5
20090311	7.5
20090312	7.5
20090313	7.51
20090317	7.5
20090318	7.51
20090319	7.54
20090320	6.77
20090323	6.77
20090324	6.77
20090325	6.76
20090326	6.76
20090327	6.76
20090330	6.76
20090331	6.79
20090401	6.76
20090402	6.76
20090403	6.76
20090406	6.76
20090407	6.77
20090408	6.78
20090413	6.77
20090414	6.79
20090415	6.78
20090416	6.79
20090417	6.04
20090420	6.03
20090421	6.04
20090422	6.01
20090423	6
20090424	5.99
20090427	6
20090428	6
20090429	6.01
20090430	6.03
20090504	6
20090505	6
20090506	6
20090507	6
20090508	6.02
20090511	6.01
20090512	6.03
20090513	6.03
20090514	6.03
20090515	5.27
20090518	5.27
20090519	5.26
20090520	5.26
20090521	5.25
20090522	5.25
20090525	5.25
20090526	5.25
20090527	5.24
20090528	5.25
20090529	5.27
20090601	5.25
20090602	5.25
20090603	5.25
20090604	5.25
20090605	5.25
20090608	5.25
20090609	5.25
20090610	5.25
20090611	5.25
20090612	5.25
20090615	5.25
20090616	5.25
20090617	5.25
20090618	5.27
20090619	4.77
20090622	4.77
20090623	4.76
20090624	4.76
20090625	4.77
20090626	4.77
20090629	4.79
20090630	4.86
20090701	4.78
20090702	4.77
20090703	4.79
20090706	4.79
20090707	4.8
20090708	4.79
20090709	4.79
20090710	4.79
20090713	4.78
20090714	4.78
20090715	4.79
20090716	4.79
20090717	4.53
20090720	4.52
20090721	4.52
20090722	4.52
20090723	4.51
20090724	4.48
20090727	4.51
20090728	4.51
20090729	4.51
20090730	4.52
20090731	4.58
20090803	4.51
20090804	4.52
20090805	4.53
20090806	4.52
20090807	4.51
20090810	4.51
20090811	4.5
20090812	4.51
20090813	4.53
20090814	4.53
20090817	4.54
20090818	4.54
20090819	4.52
20090820	4.52
20090821	4.52
20090824	4.52
20090825	4.51
20090826	4.51
20090827	4.51
20090828	4.52
20090831	4.55
20090901	4.52
20090902	4.54
20090903	4.52
20090904	4.53
20090907	4.51
20090908	4.52
20090909	4.52
20090910	4.53
20090911	4.52
20090914	4.52
20090915	4.53
20090917	4.55
20090918	4.55
20090921	4.53
20090922	4.52
20090923	4.52
20090924	4.51
20090925	4.52
20090928	4.53
20090929	4.57
20090930	4.66
20091001	4.52
20091002	4.54
20091005	4.52
20091006	4.52
20091007	4.52
20091008	4.53
20091009	4.53
20091012	4.53
20091013	4.52
20091014	4.52
20091015	4.55
20091016	4.59
20091019	4.55
20091020	4.55
20091021	4.53
20091022	4.52
20091023	4.5
20091026	4.52
20091027	4.53
20091028	4.55
20091029	4.56
20091030	4.6
20091103	4.54
20091104	4.59
20091105	4.65
20091106	4.69
20091109	4.62
20091110	4.69
20091111	4.69
20091112	4.63
20091113	4.53
20091117	4.53
20091118	4.57
20091119	4.56
20091120	4.54
20091123	4.53
20091124	4.53
20091125	4.55
20091126	4.54
20091127	4.54
20091130	4.6
20091201	4.55
20091202	4.58
20091203	4.59
20091204	4.58
20091207	4.57
20091208	4.57
20091209	4.57
20091210	4.59
20091211	4.61
20091214	4.64
20091215	4.72
20091216	4.6
20091217	4.61
20091218	4.61
20091221	4.61
20091222	4.62
20091223	4.96
20091224	4.71
20091228	4.61
20091229	4.61
20091230	4.64
20091231	4.68
20100104	4.58
20100105	4.6
20100106	4.6
20100107	4.6
20100108	4.61
20100111	4.61
20100112	4.61
20100113	4.59
20100114	4.59
20100115	4.61
20100118	4.62
20100119	4.62
20100120	4.61
20100121	4.6
20100122	4.61
20100125	4.59
20100126	4.59
20100127	4.6
20100128	4.6
20100129	4.74
20100202	4.62
20100203	4.6
20100204	4.63
20100205	4.71
20100208	4.63
20100209	4.69
20100210	4.79
20100211	4.67
20100212	4.64
20100215	4.63
20100216	4.61
20100217	4.63
20100218	4.64
20100219	4.62
20100222	4.64
20100223	4.62
20100224	4.63
20100225	4.58
20100226	4.59
20100301	4.58
20100302	4.57
20100303	4.57
20100304	4.57
20100305	4.57
20100308	4.56
20100309	4.56
20100310	4.56
20100311	4.56
20100312	4.57
20100316	4.57
20100317	4.58
20100318	4.58
20100319	4.57
20100322	4.57
20100323	4.57
20100324	4.57
20100325	4.57
20100326	4.58
20100329	4.58
20100330	4.59
20100331	4.61
20100405	4.59
20100406	4.59
20100407	4.58
20100408	4.59
20100409	4.59
20100412	4.6
20100413	4.6
20100414	4.6
20100415	4.6
20100416	4.61
20100419	4.61
20100420	4.61
20100421	4.6
20100422	4.61
20100423	4.62
20100426	4.61
20100427	4.6
20100428	4.6
20100429	4.61
20100430	4.66
20100503	4.61
20100504	4.61
20100505	4.61
20100506	4.63
20100507	4.64
20100510	4.59
20100511	4.61
20100512	4.61
20100513	4.61
20100514	4.63
20100517	4.63
20100518	4.61
20100519	4.59
20100520	4.58
20100521	4.58
20100524	4.59
20100525	4.59
20100526	4.59
20100527	4.59
20100528	4.59
20100531	4.61
20100601	4.59
20100602	4.59
20100603	4.59
20100604	4.58
20100607	4.58
20100608	4.59
20100609	4.59
20100610	4.59
20100611	4.59
20100614	4.58
20100615	4.57
20100616	4.58
20100617	4.59
20100618	4.59
20100621	4.58
20100622	4.58
20100623	4.59
20100624	4.59
20100625	4.58
20100628	4.59
20100629	4.6
20100630	4.63
20100701	4.59
20100702	4.6
20100705	4.6
20100706	4.6
20100707	4.6
20100708	4.61
20100709	4.62
20100712	4.62
20100713	4.61
20100714	4.62
20100715	4.61
20100716	4.63
20100719	4.63
20100720	4.63
20100721	4.63
20100722	4.63
20100723	4.62
20100726	4.63
20100727	4.62
20100728	4.61
20100729	4.57
20100730	4.6
20100802	4.58
20100803	4.58
20100804	4.58
20100805	4.59
20100806	4.59
20100809	4.6
20100810	4.6
20100811	4.61
20100812	4.62
20100813	4.63
20100816	4.62
20100817	4.63
20100818	4.63
20100819	4.62
20100820	4.63
20100823	4.63
20100824	4.63
20100825	4.62
20100826	4.61
20100827	4.6
20100830	4.6
20100831	4.6
20100901	4.58
20100902	4.57
20100903	4.57
20100906	4.57
20100907	4.57
20100908	4.56
20100909	4.56
20100910	4.57
20100913	4.57
20100914	4.55
20100915	4.57
20100920	4.58
20100921	4.58
20100922	4.57
20100923	4.57
20100924	4.56
20100927	4.56
20100928	4.56
20100929	4.57
20100930	4.6
20101001	4.57
20101004	4.58
20101005	4.59
20101006	4.57
20101007	4.56
20101008	4.56
20101011	4.56
20101012	4.55
20101013	4.51
20101014	4.46
20101015	4.45
20101018	4.52
20101019	4.51
20101020	4.51
20101021	4.54
20101022	4.54
20101025	4.53
20101026	4.54
20101027	4.54
20101028	4.52
20101029	4.57
20101101	4.54
20101103	4.55
20101104	4.58
20101105	4.56
20101108	4.55
20101109	4.55
20101110	4.55
20101111	4.55
20101112	4.56
20101116	4.55
20101117	4.57
20101118	4.57
20101119	4.56
20101122	4.56
20101123	4.57
20101124	4.55
20101125	4.56
20101126	4.57
20101129	4.57
20101130	4.61
20101201	4.59
20101202	4.63
20101203	4.62
20101206	4.57
20101207	4.57
20101208	4.56
20101209	4.58
20101210	4.61
20101213	4.59
20101214	4.63
20101215	4.65
20101216	4.66
20101217	4.63
20101220	4.66
20101221	4.65
20101222	4.61
20101223	4.58
20101224	4.76
20101227	4.66
20101228	4.6
20101229	4.57
20101230	4.58
20101231	4.6
20110103	4.58
20110104	4.57
20110105	4.57
20110106	4.57
20110107	4.57
20110110	4.59
20110111	4.58
20110112	4.57
20110113	4.58
20110114	4.58
20110117	4.58
20110118	4.58
20110119	4.57
20110120	4.57
20110121	4.57
20110124	4.57
20110125	4.57
20110126	4.58
20110127	4.57
20110128	4.57
20110131	4.59
20110201	4.57
20110202	4.56
20110203	4.57
20110204	4.57
20110208	4.58
20110209	4.57
20110210	4.57
20110211	4.57
20110214	4.57
20110215	4.56
20110216	4.55
20110217	4.54
20110218	4.46
20110221	4.55
20110222	4.54
20110223	4.54
20110224	4.53
20110225	4.5
20110228	4.54
20110301	4.51
20110302	4.52
20110303	4.51
20110304	4.5
20110307	4.51
20110308	4.5
20110309	4.5
20110310	4.5
20110311	4.51
20110314	4.51
20110315	4.5
20110316	4.5
20110317	4.5
20110318	4.51
20110322	4.5
20110323	4.5
20110324	4.51
20110325	4.51
20110328	4.51
20110329	4.52
20110330	4.52
20110331	4.52
20110401	4.52
20110404	4.51
20110405	4.51
20110406	4.51
20110407	4.52
20110408	4.52
20110411	4.52
20110412	4.52
20110413	4.52
20110414	4.52
20110415	4.52
20110418	4.52
20110419	4.52
20110420	4.53
20110425	4.52
20110426	4.51
20110427	4.51
20110428	4.51
20110429	4.52
20110502	4.51
20110503	4.51
20110504	4.51
20110505	4.51
20110506	4.5
20110509	4.49
20110510	4.49
20110511	4.5
20110512	4.5
20110513	4.5
20110516	4.5
20110517	4.5
20110518	4.51
20110519	4.51
20110520	4.51
20110523	4.5
20110524	4.48
20110525	4.43
20110526	4.38
20110527	4.39
20110530	4.45
20110531	4.51
20110601	4.46
20110602	4.47
20110603	4.46
20110606	4.47
20110607	4.48
20110608	4.49
20110609	4.5
20110610	4.51
20110613	4.51
20110614	4.51
20110615	4.51
20110616	4.52
20110617	4.54
20110620	4.52
20110621	4.52
20110622	4.52
20110623	4.51
20110624	4.52
20110627	4.52
20110628	4.52
20110629	4.52
20110630	4.53
20110701	4.51
20110704	4.5
20110705	4.49
20110706	4.47
20110707	4.47
20110708	4.47
20110711	4.47
20110712	4.48
20110713	4.48
20110714	4.48
20110715	4.49
20110718	4.49
20110719	4.5
20110720	4.51
20110721	4.51
20110722	4.5
20110725	4.5
20110726	4.49
20110727	4.48
20110728	4.48
20110729	4.49
20110801	4.47
20110802	4.47
20110803	4.47
20110804	4.47
20110805	4.48
20110808	4.47
20110809	4.47
20110810	4.47
20110811	4.46
20110812	4.47
20110815	4.48
20110816	4.47
20110817	4.47
20110818	4.46
20110819	4.46
20110822	4.46
20110823	4.46
20110824	4.46
20110825	4.45
20110826	4.42
20110829	4.42
20110830	4.41
20110831	4.38
20110901	4.38
20110902	4.37
20110905	4.37
20110906	4.37
20110907	4.37
20110908	4.36
20110909	4.37
20110912	4.33
20110913	4.35
20110914	4.33
20110915	4.29
20110919	4.31
20110920	4.33
20110921	4.42
20110922	4.52
20110923	4.53
20110926	4.48
20110927	4.4
20110928	4.37
20110929	4.37
20110930	4.42
20111003	4.39
20111004	4.42
20111005	4.42
20111006	4.4
20111007	4.38
20111010	4.38
20111011	4.38
20111012	4.37
20111013	4.37
20111014	4.36
20111017	4.35
20111018	4.34
20111019	4.33
20111020	4.32
20111021	4.37
20111024	4.39
20111025	4.42
20111026	4.42
20111027	4.38
20111028	4.37
20111031	4.42
20111101	4.4
20111103	4.4
20111104	4.4
20111107	4.4
20111108	4.39
20111109	4.38
20111110	4.37
20111111	4.38
20111114	4.38
20111115	4.37
20111116	4.37
20111117	4.42
20111118	4.38
20111122	4.39
20111123	4.4
20111124	4.42
20111125	4.42
20111128	4.42
20111129	4.47
20111130	4.52
20111201	4.42
20111202	4.42
20111205	4.41
20111206	4.41
20111207	4.4
20111208	4.39
20111209	4.46
20111213	4.44
20111214	4.49
20111215	4.54
20111216	4.54
20111219	4.54
20111220	4.54
20111221	4.54
20111222	4.54
20111223	4.51
20111226	4.53
20111227	4.52
20111228	4.52
20111229	4.51
20111230	4.51
20120102	4.51
20120103	4.51
20120104	4.5
20120105	4.49
20120106	4.49
20120109	4.48
20120110	4.48
20120111	4.47
20120112	4.45
20120113	4.45
20120116	4.45
20120117	4.45
20120118	4.41
20120119	4.41
20120120	4.41
20120123	4.48
20120124	4.51
20120125	4.5
20120126	4.49
20120127	4.49
20120130	4.5
20120131	4.51
20120201	4.5
20120202	4.5
20120203	4.48
20120207	4.5
20120208	4.5
20120209	4.5
20120210	4.5
20120213	4.5
20120214	4.5
20120215	4.49
20120216	4.49
20120217	4.48
20120220	4.49
20120221	4.5
20120222	4.49
20120223	4.49
20120224	4.49
20120227	4.49
20120228	4.49
20120229	4.49
20120301	4.49
20120302	4.49
20120305	4.5
20120306	4.5
20120307	4.5
20120308	4.49
20120309	4.5
20120312	4.5
20120313	4.49
20120314	4.5
20120315	4.49
20120316	4.5
20120320	4.49
20120321	4.5
20120322	4.49
20120323	4.49
20120326	4.49
20120327	4.49
20120328	4.49
20120329	4.49
20120330	4.5
20120402	4.49
20120403	4.5
20120404	4.5
20120409	4.49
20120410	4.49
20120411	4.49
20120412	4.5
20120413	4.49
20120416	4.49
20120417	4.48
20120418	4.39
20120419	4.33
20120420	4.47
20120423	4.5
20120424	4.5
20120425	4.5
20120426	4.5
20120427	4.5
20120430	4.51
20120502	4.5
20120503	4.49
20120504	4.5
20120507	4.5
20120508	4.5
20120509	4.51
20120510	4.5
20120511	4.5
20120514	4.5
20120515	4.51
20120516	4.5
20120517	4.48
20120518	4.48
20120521	4.5
20120522	4.5
20120523	4.5
20120524	4.5
20120525	4.5
20120528	4.5
20120529	4.5
20120530	4.5
20120531	4.49
20120601	4.51
20120604	4.5
20120605	4.5
20120606	4.5
20120607	4.49
20120608	4.5
20120611	4.5
20120612	4.5
20120613	4.49
20120614	4.49
20120615	4.49
20120618	4.47
20120619	4.48
20120620	4.49
20120621	4.48
20120622	4.47
20120625	4.48
20120626	4.48
20120627	4.48
20120628	4.47
20120629	4.47
20120702	4.48
20120703	4.47
20120704	4.47
20120705	4.47
20120706	4.48
20120709	4.48
20120710	4.47
20120711	4.47
20120712	4.46
20120713	4.46
20120716	4.46
20120717	4.46
20120718	4.46
20120719	4.46
20120720	4.46
20120723	4.46
20120724	4.49
20120725	4.48
20120726	4.48
20120727	4.48
20120730	4.49
20120731	4.49
20120801	4.48
20120802	4.48
20120803	4.48
20120806	4.48
20120807	4.48
20120808	4.48
20120809	4.48
20120810	4.48
20120813	4.48
20120814	4.48
20120815	4.47
20120816	4.48
20120817	4.48
20120820	4.48
20120821	4.47
20120822	4.48
20120823	4.5
20120824	4.5
20120827	4.49
20120828	4.5
20120829	4.5
20120830	4.5
20120831	4.5
20120903	4.5
20120904	4.49
20120905	4.49
20120906	4.49
20120907	4.49
20120910	4.49
20120911	4.49
20120912	4.49
20120913	4.49
20120914	4.49
20120917	4.49
20120918	4.49
20120919	4.5
20120920	4.5
20120921	4.49
20120924	4.49
20120925	4.49
20120926	4.5
20120927	4.5
20120928	4.51
20121001	4.5
20121002	4.5
20121003	4.5
20121004	4.5
20121005	4.5
20121008	4.5
20121009	4.5
20121010	4.5
20121011	4.5
20121012	4.5
20121015	4.5
20121016	4.5
20121017	4.5
20121018	4.5
20121019	4.5
20121022	4.5
20121023	4.5
20121024	4.5
20121025	4.5
20121026	4.5
20121029	4.5
20121030	4.5
20121031	4.5
20121101	4.52
20121105	4.5
20121106	4.5
20121107	4.5
20121108	4.5
20121109	4.5
20121112	4.5
20121113	4.5
20121114	4.5
20121115	4.5
20121116	4.51
20121120	4.5
20121121	4.49
20121122	4.5
20121123	4.5
20121126	4.5
20121127	4.5
20121128	4.5
20121129	4.5
20121130	4.5
20121203	4.5
20121204	4.5
20121205	4.49
20121206	4.5
20121207	4.5
20121210	4.5
20121211	4.5
20121213	4.5
20121214	4.51
20121217	4.51
20121218	4.53
20121219	4.54
20121220	4.52
20121221	4.52
20121224	4.52
20121226	4.52
20121227	4.51
20121228	4.51
20121231	4.54
20130102	4.51
20130103	4.51
20130104	4.51
20130107	4.5
20130108	4.48
20130109	4.48
20130110	4.47
20130111	4.5
20130114	4.51
20130115	4.51
20130116	4.51
20130117	4.51
20130118	4.51
20130121	4.51
20130122	4.51
20130123	4.51
20130124	4.51
20130125	4.51
20130128	4.5
20130129	4.49
20130130	4.48
20130131	4.5
20130201	4.5
20130205	4.5
20130206	4.51
20130207	4.51
20130208	4.5
20130211	4.5
20130212	4.5
20130213	4.5
20130214	4.49
20130215	4.5
20130218	4.49
20130219	4.49
20130220	4.49
20130221	4.5
20130222	4.5
20130225	4.5
20130226	4.51
20130227	4.51
20130228	4.52
20130301	4.51
20130304	4.51
20130305	4.5
20130306	4.51
20130307	4.51
20130308	4.01
20130311	4.01
20130312	4.01
20130313	4
20130314	4
20130315	4.03
20130319	4.01
20130320	4.01
20130321	4.01
20130322	4.01
20130325	4.02
20130326	4.04
20130327	4.08
20130401	4.02
20130402	4.02
20130403	4.03
20130404	4.03
20130405	4.02
20130408	4.03
20130409	4.03
20130410	4.02
20130411	4.02
20130412	4.02
20130415	4.02
20130416	4.03
20130417	4.02
20130418	4.01
20130419	4.02
20130422	4.02
20130423	4.02
20130424	4.02
20130425	4.01
20130426	4.01
20130429	4.01
20130430	4.02
20130502	4.02
20130503	4.01
20130506	4.02
20130507	4.02
20130508	4.01
20130509	4.01
20130510	4
20130513	4.01
20130514	4.02
20130515	4.02
20130516	4.03
20130517	4.02
20130520	4.01
20130521	4.03
20130522	4.02
20130523	4
20130524	4.01
20130527	4.01
20130528	4.01
20130529	4.01
20130530	4.02
20130531	4.04
20130603	4.02
20130604	4.02
20130605	4.02
20130606	4.01
20130607	4.01
20130610	4.02
20130611	4.02
20130612	4.02
20130613	4.02
20130614	4.02
20130617	4.02
20130618	4.02
20130619	4.01
20130620	4.02
20130621	4.02
20130624	4.01
20130625	4
20130626	3.99
20130627	4
20130628	4.02
20130701	4.01
20130702	4.01
20130703	4.01
20130704	4.01
20130705	4.01
20130708	4.01
20130709	4.01
20130710	4.01
20130711	4.01
20130712	4.01
20130715	4.01
20130716	4.01
20130717	4.01
20130718	4.01
20130719	4.01
20130722	4.01
20130723	4.01
20130724	4.01
20130725	4.01
20130726	4
20130729	4
20130730	4
20130731	4.01
20130801	4
20130802	4.01
20130805	4.01
20130806	4.01
20130807	4.01
20130808	4.01
20130809	4.01
20130812	4
20130813	3.99
20130814	3.99
20130815	3.99
20130816	3.99
20130819	4
20130820	4
20130821	4
20130822	4
20130823	4
20130826	4
20130827	4
20130828	4
20130829	4
20130830	4.01
20130902	4
20130903	4.01
20130904	4.01
20130905	4.01
20130906	3.76
20130909	3.76
20130910	3.76
20130911	3.76
20130912	3.76
20130913	3.75
20130917	3.76
20130918	3.75
20130919	3.75
20130920	3.76
20130923	3.75
20130924	3.75
20130925	3.76
20130926	3.76
20130927	3.76
20130930	3.77
20131001	3.76
20131002	3.76
20131003	3.76
20131004	3.75
20131007	3.75
20131008	3.75
20131009	3.75
20131010	3.75
20131011	3.75
20131014	3.75
20131015	3.75
20131016	3.75
20131017	3.75
20131018	3.75
20131021	3.75
20131022	3.75
20131023	3.75
20131024	3.77
20131025	3.51
20131028	3.51
20131029	3.51
20131030	3.52
20131031	3.55
20131101	3.52
20131104	3.52
20131105	3.52
20131106	3.53
20131107	3.53
20131108	3.54
20131111	3.54
20131112	3.55
20131113	3.55
20131114	3.55
20131115	3.57
20131119	3.55
20131120	3.55
20131121	3.54
20131122	3.51
20131125	3.5
20131126	3.5
20131127	3.51
20131128	3.51
20131129	3.55
20131202	3.52
20131203	3.53
20131204	3.55
20131205	3.57
20131206	3.53
20131209	3.54
20131210	3.55
20131211	3.58
20131213	3.59
20131216	3.59
20131217	3.58
20131218	3.52
20131219	3.53
20131220	3.52
20131223	3.55
20131224	3.6
20131226	3.58
20131227	3.61
20131230	3.6
20131231	3.64
20140102	3.55
20140103	3.54
20140106	3.5
20140107	3.49
20140108	3.46
20140109	3.46
20140110	3.46
20140113	3.46
20140114	3.46
20140115	3.46
20140116	3.46
20140117	3.48
20140120	3.47
20140121	3.47
20140122	3.49
20140123	3.51
20140124	3.52
20140127	3.52
20140128	3.5
20140129	3.48
20140130	3.48
20140131	3.5
20140204	3.49
20140205	3.49
20140206	3.48
20140207	3.48
20140210	3.48
20140211	3.48
20140212	3.48
20140213	3.49
20140214	3.48
20140217	3.48
20140218	3.48
20140219	3.48
20140220	3.49
20140221	3.49
20140224	3.49
20140225	3.49
20140226	3.5
20140227	3.5
20140228	3.52
20140303	3.5
20140304	3.48
20140305	3.49
20140306	3.49
20140307	3.49
20140310	3.49
20140311	3.49
20140312	3.49
20140313	3.49
20140314	3.51
20140318	3.48
20140319	3.48
20140320	3.49
20140321	3.49
20140324	3.49
20140325	3.48
20140326	3.48
20140327	3.48
20140328	3.49
20140331	3.51
20140401	3.49
20140402	3.49
20140403	3.51
20140404	3.52
20140407	3.52
20140408	3.51
20140409	3.51
20140410	3.51
20140411	3.51
20140414	3.51
20140415	3.52
20140416	3.54
20140421	3.5
20140422	3.5
20140423	3.49
20140424	3.48
20140425	3.48
20140428	3.49
20140429	3.49
20140430	3.51
20140502	3.5
20140505	3.49
20140506	3.49
20140507	3.5
20140508	3.5
20140509	3.5
20140512	3.5
20140513	3.5
20140514	3.5
20140515	3.5
20140516	3.51
20140519	3.5
20140520	3.49
20140521	3.5
20140522	3.5
20140523	3.5
20140526	3.5
20140527	3.5
20140528	3.5
20140529	3.5
20140530	3.51
20140602	3.5
20140603	3.51
20140604	3.51
20140605	3.51
20140606	3.01
20140609	3.01
20140610	3.01
20140611	3.02
20140612	3.03
20140613	3.06
20140616	3.04
20140617	3.05
20140618	3.05
20140619	3.04
20140620	3.02
20140623	3
20140624	3
20140625	2.99
20140626	3
20140627	3
20140630	3.01
20140701	3.01
20140702	3.01
20140703	3
20140704	3
20140707	3
20140708	3
20140709	2.99
20140710	2.99
20140711	2.99
20140714	2.99
20140715	2.99
20140716	2.99
20140717	3
20140718	2.99
20140721	3
20140722	3
20140723	3
20140724	3
20140725	3
20140728	3
20140729	3
20140730	3
20140731	3.01
20140801	3
20140804	2.99
20140805	3.01
20140806	3.02
20140807	3.03
20140808	3.01
20140811	3.01
20140812	3.01
20140813	3.01
20140814	3.01
20140815	3.01
20140818	3.01
20140819	3.01
20140820	3.02
20140821	3.02
20140822	3.02
20140825	3.02
20140826	3.02
20140827	3
20140828	3
20140829	3.01
20140901	3.01
20140902	3.01
20140903	3.01
20140904	3
20140905	3.01
20140908	3.01
20140909	3
20140910	3
20140911	3
20140912	3
20140915	3
20140917	3
20140918	2.99
20140919	3.02
20140922	2.99
20140923	2.98
20140924	2.97
20140925	2.98
20140926	2.97
20140929	2.96
20140930	3
20141001	2.99
20141002	3
20141003	3.01
20141006	3
20141007	3
20141008	3
20141009	3.01
20141010	3
20141013	3
20141014	3
20141015	3.01
20141016	3.01
20141017	3.01
20141020	3.03
20141021	3.01
20141022	3.01
20141023	3
20141024	3
20141027	3.01
20141028	3.03
20141029	3.01
20141030	3.02
20141031	3.02
20141103	3.02
20141104	3.05
20141105	3.02
20141106	3.01
20141107	3.02
20141110	3.01
20141111	3.02
20141112	3.03
20141113	3.03
20141114	3.04
20141118	3.04
20141119	3.04
20141120	3.04
20141121	3.02
20141124	3.02
20141125	3.01
20141126	3.01
20141127	3.02
20141128	3.02
20141201	3.01
20141202	3.02
20141203	3.01
20141204	3.02
20141205	3.02
20141208	3.01
20141209	3.02
20141210	3.02
20141211	3.03
20141215	3.04
20141216	3.04
20141217	3.05
20141218	3.05
20141219	3.06
20141222	3.06
20141223	3.07
20141224	3.09
20141226	3.09
20141229	3.09
20141230	3.08
20141231	3.12
20150102	3.11
20150105	3.08
20150106	3.03
20150107	3.01
20150108	3
20150109	3
20150112	3
20150113	2.99
20150114	3
20150115	3
20150116	3.01
20150119	3.01
20150120	3
20150121	3.01
20150122	3
20150123	2.99
20150126	3
20150127	3
20150128	3.01
20150129	3.01
20150130	3.03
20150203	3.01
20150204	3.04
20150205	3.02
20150206	3.03
20150209	3.02
20150210	3.02
20150211	3.03
20150212	3.04
20150213	3.04
20150216	3.05
20150217	3.03
20150218	3.04
20150219	3.04
20150220	3.03
20150223	3.01
20150224	3.01
20150225	3.01
20150226	3.01
20150227	3.05
20150302	3.02
20150303	3.07
20150304	3.03
20150305	3.04
20150306	3.04
20150309	3.02
20150310	3.04
20150311	3.07
20150312	3.04
20150313	3.07
20150317	3.08
20150318	3.07
20150319	3.06
20150320	3.02
20150323	3.03
20150324	3.06
20150325	3.03
20150326	3.04
20150327	3.03
20150330	3.07
20150331	3.06
20150401	3.08
20150406	3.06
20150407	3.03
20150408	3.04
20150409	3.05
20150410	3.03
20150413	3.03
20150414	3.03
20150415	3.03
20150416	3.03
20150417	3.03
20150420	3.03
20150421	3.02
20150422	3.02
20150423	2.98
20150424	2.97
20150427	2.97
20150428	2.97
20150429	2.97
20150430	3.02
20150504	2.99
20150505	3.03
20150506	2.99
20150507	2.99
20150508	2.98
20150511	2.98
20150512	2.99
20150513	3
20150514	3
20150515	3
20150518	3
20150519	3
20150520	3
20150521	2.99
20150522	2.98
20150525	2.99
20150526	2.98
20150527	2.98
20150528	2.99
20150529	3.05
20150601	3
20150602	3.05
20150603	3.04
20150604	3.06
20150605	3.06
20150608	3.07
20150609	3.07
20150610	3.07
20150611	3.02
20150612	3.03
20150615	3.07
20150616	3.1
20150617	3.1
20150618	3.08
20150619	3.11
20150622	3.04
20150623	3.04
20150624	3.05
20150625	3.06
20150626	3.08
20150629	3.1
20150630	3.21
20150701	3.06
20150702	3.03
20150703	3.09
20150706	3.13
20150707	3.09
20150708	3.13
20150709	3.06
20150710	3.03
20150713	3.03
20150714	3.07
20150715	3.05
20150716	3.04
20150717	3.08
20150720	3.06
20150721	3.06
20150722	3.08
20150723	3.03
20150724	3.04
20150727	3.04
20150728	3.06
20150729	3.06
20150730	3.07
20150731	3.14
20150803	3.05
20150804	3.03
20150805	3.03
20150806	3.04
20150807	3.04
20150810	3.08
20150811	3.1
20150812	3.16
20150813	3.04
20150814	3
20150817	3.01
20150818	2.99
20150819	2.99
20150820	2.99
20150821	2.98
20150824	3
20150825	3
20150826	3.01
20150827	3.03
20150828	3.04
20150831	3.08
20150901	3.05
20150902	3.09
20150903	3.13
20150904	3.04
20150907	3
20150908	3.01
20150909	3.01
20150910	3.02
20150911	3.03
20150914	3.04
20150915	3.07
20150917	3.03
20150918	3.01
20150921	3.01
20150922	3.01
20150923	3.01
20150924	3.02
20150925	3.01
20150928	3.02
20150929	3.02
20150930	3.05
20151001	3.01
20151002	3.05
20151005	3.02
20151006	3.02
20151007	3.02
20151008	3.01
20151009	2.98
20151012	2.98
20151013	2.98
20151014	3.01
20151015	3.01
20151016	3.01
20151019	3.01
20151020	3.01
20151021	3.04
20151022	3.01
20151023	3.01
20151026	3
20151027	3.03
20151028	3.05
20151029	3.07
20151030	3.15
20151103	3.05
20151104	3.03
20151105	3.11
20151106	3.07
20151109	3.05
20151110	3.06
20151111	3.11
20151112	3.11
20151113	3.04
20151117	3.03
20151118	3.04
20151119	3.03
20151120	3.02
20151123	3.02
20151124	3.01
20151125	3.01
20151126	3.01
20151127	3.01
20151130	3.1
20151201	3.04
20151202	3.11
20151203	3.08
20151204	3.08
20151207	3.1
20151208	3.3
20151209	3.14
20151210	3.05
20151211	3
20151214	2.99
20151215	3.03
20151216	3.29
20151217	3.48
20151218	3.29
20151221	3.31
20151222	3.31
20151223	3.36
20151224	3.43
20151228	3.33
20151229	3.26
20151230	3.27
20151231	3.37
20160104	3.28
20160105	3.33
20160106	3.31
20160107	3.28
20160108	3.26
20160111	3.23
20160112	3.23
20160113	3.24
20160114	3.23
20160115	3.22
20160118	3.23
20160119	3.25
20160120	3.33
20160121	3.27
20160122	3.25
20160125	3.25
20160126	3.27
20160127	3.3
20160128	3.24
20160129	3.34
20160202	3.27
20160203	3.26
20160204	3.25
20160205	3.26
20160208	3.25
20160209	3.25
20160210	3.25
20160211	3.26
20160212	3.27
20160215	3.26
20160216	3.25
20160217	3.25
20160218	3.79
20160219	3.8
20160222	3.82
20160223	3.78
20160224	3.76
20160225	3.77
20160226	3.8
20160229	3.92
20160301	3.8
20160302	3.84
20160303	3.79
20160304	3.77
20160307	3.76
20160308	3.75
20160309	3.74
20160310	3.74
20160311	3.75
20160314	3.75
20160315	3.75
20160316	3.76
20160317	3.79
20160318	3.8
20160322	3.82
20160323	3.78
20160328	3.75
20160329	3.74
20160330	3.73
20160331	3.79
20160401	3.73
20160404	3.74
20160405	3.7
20160406	3.61
20160407	3.62
20160408	3.64
20160411	3.72
20160412	3.74
20160413	3.74
20160414	3.73
20160415	3.72
20160418	3.73
20160419	3.73
20160420	3.75
20160421	3.71
20160422	3.72
20160425	3.75
20160426	3.81
20160427	3.83
20160428	3.8
20160429	3.94
20160502	3.81
20160503	3.84
20160504	3.81
20160505	3.76
20160506	3.74
20160509	3.69
20160510	3.76
20160511	3.79
20160512	3.8
20160513	3.81
20160516	3.8
20160517	3.8
20160518	3.77
20160519	3.77
20160520	3.77
20160523	3.72
20160524	3.66
20160525	3.69
20160526	3.72
20160527	3.78
20160530	3.81
20160531	3.93
20160601	3.8
20160602	3.91
20160603	4.02
20160606	3.81
20160607	3.76
20160608	3.76
20160609	3.74
20160610	3.79
20160613	3.79
20160614	3.81
20160615	3.81
20160616	3.77
20160617	3.72
20160620	3.75
20160621	3.76
20160622	3.76
20160623	3.76
20160624	3.8
20160627	3.81
20160628	3.78
20160629	3.79
20160630	3.93
20160701	4.25
20160704	4.24
20160705	4.23
20160706	4.23
20160707	4.23
20160708	4.24
20160711	4.24
20160712	4.24
20160713	4.24
20160714	4.24
20160715	4.23
20160718	4.23
20160719	4.23
20160720	4.23
20160721	4.23
20160722	4.23
20160725	4.24
20160726	4.24
20160727	4.24
20160728	4.26
20160729	4.34
20160801	4.3
20160802	4.29
20160803	4.26
20160804	4.26
20160805	4.27
20160808	4.27
20160809	4.27
20160810	4.28
20160811	4.27
20160812	4.26
20160815	4.27
20160816	4.27
20160817	4.26
20160818	4.25
20160819	4.26
20160822	4.25
20160823	4.24
20160824	4.27
20160825	4.26
20160826	4.25
20160829	4.25
20160830	4.26
20160831	4.31
20160901	4.27
20160902	4.28
20160905	4.27
20160906	4.28
20160907	4.28
20160908	4.29
20160909	4.28
20160912	4.28
20160913	4.27
20160914	4.28
20160915	4.35
20160919	4.28
20160920	4.25
20160921	4.24
20160922	4.24
20160923	4.22
20160926	4.23
20160927	4.23
20160928	4.23
20160929	4.33
20160930	4.89
20161003	4.76
20161004	4.75
20161005	4.75
20161006	4.72
20161007	4.74
20161010	4.74
20161011	4.74
20161012	4.75
20161013	4.74
20161014	4.74
20161017	4.74
20161018	4.74
20161019	4.76
20161020	4.74
20161021	4.74
20161024	4.74
20161025	4.74
20161026	4.74
20161027	4.74
20161028	4.74
20161031	4.81
20161101	4.76
20161103	4.77
20161104	4.79
20161107	4.76
20161108	4.87
20161109	4.86
20161110	4.73
20161111	4.76
20161114	4.76
20161115	4.75
20161116	4.75
20161117	5.08
20161118	5.26
20161122	5.26
20161123	5.19
20161124	5.24
20161125	5.25
20161128	5.25
20161129	5.26
20161130	5.3
20161201	5.25
20161202	5.26
20161205	5.25
20161206	5.26
20161207	5.25
20161208	5.26
20161209	5.26
20161213	5.28
20161214	5.4
20161215	5.81
20161216	5.81
20161219	5.79
20161220	5.79
20161221	5.79
20161222	5.78
20161223	5.75
20161226	5.78
20161227	5.78
20161228	5.78
20161229	5.79
20161230	5.78
20170102	5.76
20170103	5.77
20170104	5.76
20170105	5.76
20170106	5.76
20170109	5.75
20170110	5.75
20170111	5.75
20170112	5.76
20170113	5.8
20170116	5.78
20170117	5.76
20170118	5.75
20170119	5.77
20170120	5.77
20170123	5.77
20170124	5.77
20170125	5.77
20170126	5.77
20170127	5.75
20170130	5.75
20170131	5.82
20170201	5.77
20170202	5.8
20170203	5.79
20170207	5.77
20170208	5.79
20170209	6.14
20170210	6.27
20170213	6.27
20170214	6.27
20170215	6.26
20170216	6.2
20170217	6.2
20170220	6.22
20170221	6.25
20170222	6.26
20170223	6.26
20170224	6.26
20170227	6.27
20170228	6.28
20170301	6.29
20170302	6.28
20170303	6.28
20170306	6.27
20170307	6.27
20170308	6.28
20170309	6.28
20170310	6.3
20170313	6.3
20170314	6.35
20170315	6.45
20170316	6.3
20170317	6.26
20170321	6.19
20170322	6.26
20170323	6.21
20170324	6.1
20170327	6.21
20170328	6.24
20170329	6.25
20170330	6.46
20170331	6.59
20170403	6.61
20170404	6.66
20170405	6.63
20170406	6.42
20170407	6.44
20170410	6.5
20170411	6.57
20170412	6.57
20170417	6.44
20170418	6.42
20170419	6.5
20170420	6.5
20170421	6.58
20170424	6.62
20170425	6.69
20170426	6.51
20170427	6.48
20170428	6.67
20170502	6.66
20170503	6.5
20170504	6.47
20170505	6.47
20170508	6.47
20170509	6.53
20170510	6.52
20170511	6.53
20170512	6.53
20170515	6.53
20170516	6.5
20170517	6.48
20170518	6.52
20170519	6.76
20170522	6.71
20170523	6.64
20170524	6.78
20170525	6.8
20170526	6.76
20170529	6.79
20170530	6.77
20170531	6.84
20170601	6.81
20170602	6.77
20170605	6.8
20170606	6.79
20170607	6.75
20170608	6.73
20170609	6.74
20170612	6.74
20170613	6.75
20170614	6.75
20170615	6.83
20170616	6.86
20170619	6.74
20170620	6.71
20170621	6.73
20170622	6.91
20170623	6.98
20170626	6.98
20170627	6.95
20170628	6.95
20170629	6.98
20170630	7.11
20170703	7.07
20170704	7.12
20170705	6.99
20170706	7.02
20170707	7.02
20170710	7.02
20170711	7.05
20170712	7.06
20170713	7.09
20170714	7.07
20170717	7.02
20170718	7.03
20170719	7.07
20170720	7.05
20170721	7.03
20170724	7.01
20170725	7.02
20170726	7.03
20170727	7.07
20170728	7.06
20170731	7.08
20170801	7.08
20170802	7.07
20170803	7.02
20170804	7.03
20170807	7.03
20170808	7.03
20170809	7
20170810	7.01
20170811	7.01
20170814	7.02
20170815	7.05
20170816	7.06
20170817	7.02
20170818	7.06
20170821	7.06
20170822	7.03
20170823	7.04
20170824	7.02
20170825	7.01
20170828	7.02
20170829	6.99
20170830	6.99
20170831	7.08
20170901	7.06
20170904	7.05
20170905	7.02
20170906	7.02
20170907	7.03
20170908	7.02
20170911	7.04
20170912	7.09
20170913	7.02
20170914	7.09
20170915	7
20170918	7.01
20170919	7.11
20170920	7
20170921	7.08
20170922	6.99
20170925	6.99
20170926	6.94
20170927	6.98
20170928	7
20170929	7.06
20171002	7.06
20171003	7.03
20171004	7.02
20171005	7.02
20171006	7.09
20171009	7.03
20171010	7.02
20171011	7.08
20171012	7.08
20171013	7.01
20171016	7.02
20171017	7.02
20171018	7.01
20171019	7.04
20171020	7
20171023	7
20171024	7.04
20171025	6.99
20171026	7
20171027	7
20171030	6.96
20171031	7.02
20171101	7.02
20171103	7.1
20171106	7.01
20171107	7
20171108	7.01
20171109	7.01
20171110	7.01
20171113	7.01
20171114	7.02
20171115	7.01
20171116	7.01
20171117	7
20171121	7.01
20171122	7.02
20171123	6.99
20171124	7
20171127	7.02
20171128	7.05
20171129	7
20171130	7.06
20171201	7.1
20171204	7.03
20171205	7.04
20171206	7.04
20171207	7.07
20171208	7.05
20171211	7.08
20171213	7.17
20171214	7.33
20171215	7.3
20171218	7.31
20171219	7.3
20171220	7.3
20171221	7.3
20171222	7.31
20171226	7.29
20171227	7.3
20171228	7.35
20171229	7.38
20180102	7.31
20180103	7.36
20180104	7.3
20180105	7.26
20180108	7.26
20180109	7.26
20180110	7.26
20180111	7.27
20180112	7.28
20180115	7.28
20180116	7.28
20180117	7.27
20180118	7.31
20180119	7.39
20180122	7.26
20180123	7.26
20180124	7.28
20180125	7.28
20180126	7.29
20180129	7.27
20180130	7.27
20180131	7.4
20180201	7.35
20180202	7.37
20180206	7.28
20180207	7.27
20180208	7.41
20180209	7.45
20180212	7.53
20180213	7.53
20180214	7.54
20180215	7.56
20180216	7.57
20180219	7.54
20180220	7.51
20180221	7.53
20180222	7.58
20180223	7.52
20180226	7.54
20180227	7.54
20180228	7.62
20180301	7.61
20180302	7.58
20180305	7.54
20180306	7.59
20180307	7.62
20180308	7.57
20180309	7.51
20180312	7.51
20180313	7.57
20180314	7.56
20180315	7.57
20180316	7.56
20180320	7.52
20180321	7.52
20180322	7.59
20180323	7.53
20180326	7.53
20180327	7.55
20180328	7.65
20180402	7.55
20180403	7.6
20180404	7.53
20180405	7.54
20180406	7.53
20180409	7.53
20180410	7.51
20180411	7.53
20180412	7.65
20180413	7.53
20180416	7.52
20180417	7.5
20180418	7.52
20180419	7.51
20180420	7.51
20180423	7.5
20180424	7.5
20180425	7.49
20180426	7.52
20180427	7.53
20180430	7.57
20180502	7.59
20180503	7.56
20180504	7.5
20180507	7.5
20180508	7.5
20180509	7.5
20180510	7.5
20180511	7.57
20180514	7.59
20180515	7.59
20180516	7.55
20180517	7.65
20180518	7.52
20180521	7.53
20180522	7.53
20180523	7.54
20180524	7.59
20180525	7.58
20180528	7.62
20180529	7.56
20180530	7.57
20180531	7.67
20180601	7.59
20180604	7.57
20180605	7.57
20180606	7.62
20180607	7.55
20180608	7.54
20180611	7.55
20180612	7.57
20180613	7.56
20180614	7.57
20180615	7.51
20180618	7.53
20180619	7.53
20180620	7.53
20180621	7.71
20180622	7.75
20180625	7.75
20180626	7.76
20180627	7.77
20180628	7.79
20180629	7.9
20180702	7.77
20180703	7.8
20180704	7.87
20180705	7.84
20180706	7.79
20180709	7.76
20180710	7.78
20180711	7.77
20180712	7.77
20180713	7.76
20180716	7.76
20180717	7.75
20180718	7.75
20180719	7.77
20180720	7.75
20180723	7.76
20180724	7.76
20180725	7.77
20180726	7.81
20180727	7.89
20180730	7.89
20180731	7.9
20180801	7.82
20180802	7.87
20180803	7.78
20180806	7.8
20180807	7.79
20180808	7.79
20180809	7.82
20180810	7.82
20180813	7.82
20180814	7.8
20180815	7.79
20180816	7.79
20180817	7.78
20180820	7.77
20180821	7.78
20180822	7.75
20180823	7.75
20180824	7.75
20180827	7.78
20180828	7.82
20180829	7.78
20180830	7.75
20180831	7.83
20180903	7.77
20180904	7.78
20180905	7.78
20180906	7.77
20180907	7.77
20180910	7.77
20180911	7.82
20180912	7.81
20180913	7.78
20180914	7.77
20180917	7.75
20180918	7.75
20180919	7.75
20180920	7.75
20180921	7.75
20180924	7.77
20180925	7.79
20180926	7.81
20180927	7.85
20180928	8.02
20181001	7.82
20181002	7.87
20181003	7.87
20181004	7.99
20181005	7.81
20181008	7.85
20181009	7.85
20181010	7.78
20181011	7.78
20181012	7.81
20181015	7.86
20181016	7.85
20181017	7.78
20181018	7.76
20181019	7.78
20181022	7.77
20181023	7.77
20181024	7.77
20181025	7.77
20181026	7.76
20181029	7.78
20181030	7.78
20181031	7.88
20181101	7.86
20181105	7.82
20181106	7.84
20181107	7.8
20181108	7.78
20181109	7.77
20181112	7.78
20181113	7.79
20181114	7.78
20181115	8.06
20181116	8.06
20181120	8.03
20181121	8.01
20181122	8.01
20181123	8
20181126	7.99
20181127	8.01
20181128	8.02
20181129	8.03
20181130	8.12
20181203	8.06
20181204	8.12
20181205	8.15
20181206	8.12
20181207	8.09
20181210	8.16
20181211	8.15
20181213	8.06
20181214	7.98
20181217	8.01
20181218	8.01
20181219	8.03
20181220	8.3
20181221	8.32
20181224	8.37
20181226	8.39
20181227	8.48
20181228	8.35
20181231	8.3
20190102	8.32
20190103	8.3
20190104	8.26
20190107	8.28
20190108	8.28
20190109	8.26
20190110	8.26
20190111	8.29
20190114	8.29
20190115	8.32
20190116	8.29
20190117	8.25
20190118	8.26
20190121	8.31
20190122	8.27
20190123	8.24
20190124	8.24
20190125	8.25
20190128	8.25
20190129	8.28
20190130	8.26
20190131	8.35
20190201	8.3
20190205	8.28
20190206	8.32
20190207	8.29
20190208	8.27
20190211	8.28
20190212	8.29
20190213	8.28
20190214	8.29
20190215	8.29
20190218	8.28
20190219	8.28
20190220	8.27
20190221	8.27
20190222	8.27
20190225	8.28
20190226	8.28
20190227	8.27
20190228	8.36
20190301	8.28
20190304	8.28
20190305	8.28
20190306	8.28
20190307	8.28
20190308	8.27
20190311	8.27
20190312	8.27
20190313	8.27
20190314	8.27
20190315	8.3
20190319	8.26
20190320	8.27
20190321	8.27
20190322	8.27
20190325	8.28
20190326	8.27
20190327	8.28
20190328	8.29
20190329	8.3
20190401	8.3
20190402	8.31
20190403	8.29
20190404	8.28
20190405	8.28
20190408	8.28
20190409	8.3
20190410	8.29
20190411	8.3
20190412	8.3
20190415	8.29
20190416	8.27
20190417	8.29
20190422	8.29
20190423	8.29
20190424	8.26
20190425	8.24
20190426	8.25
20190429	8.27
20190430	8.35
20190502	8.3
20190503	8.29
20190506	8.29
20190507	8.29
20190508	8.28
20190509	8.28
20190510	8.29
20190513	8.29
20190514	8.32
20190515	8.29
20190516	8.29
20190517	8.28
20190520	8.27
20190521	8.26
20190522	8.32
20190523	8.33
20190524	8.32
20190527	8.3
20190528	8.32
20190529	8.29
20190530	8.33
20190531	8.35
20190603	8.32
20190604	8.37
20190605	8.37
20190606	8.38
20190607	8.31
20190610	8.28
20190611	8.26
20190612	8.26
20190613	8.27
20190614	8.15
20190617	8.09
20190618	8.09
20190619	8.28
20190620	8.5
20190621	8.34
20190624	8.29
20190625	8.29
20190626	8.28
20190627	8.25
20190628	8.29
20190701	8.27
20190702	8.34
20190703	8.28
20190704	8.28
20190705	8.28
20190708	8.29
20190709	8.3
20190710	8.3
20190711	8.3
20190712	8.3
20190715	8.29
20190716	8.29
20190717	8.27
20190718	8.27
20190719	8.26
20190722	8.25
20190723	8.26
20190724	8.26
20190725	8.29
20190726	8.31
20190729	8.27
20190730	8.26
20190731	8.31
20190801	8.31
20190802	8.31
20190805	8.29
20190806	8.29
20190807	8.29
20190808	8.29
20190809	8.28
20190812	8.28
20190813	8.29
20190814	8.3
20190815	8.28
20190816	8.02
20190819	8.04
20190820	8.01
20190821	8.06
20190822	8.01
20190823	7.99
20190826	7.98
20190827	7.99
20190828	7.98
20190829	7.99
20190830	8.16
20190902	8.23
20190903	8.17
20190904	8.07
20190905	8.02
20190906	8.01
20190909	8
20190910	8
20190911	8.04
20190912	8.06
20190913	8.02
20190917	8
20190918	7.99
20190919	7.99
20190920	8.12
20190923	8.05
20190924	8.06
20190925	8.08
20190926	8.37
20190927	7.96
20190930	8
20191001	7.84
20191002	7.82
20191003	7.78
20191004	7.74
20191007	7.71
20191008	7.76
20191009	7.78
20191010	7.78
20191011	7.77
20191014	7.77
20191015	7.79
20191016	7.81
20191017	7.76
20191018	7.78
20191021	7.8
20191022	7.79
20191023	7.79
20191024	7.79
20191025	7.76
20191028	7.76
20191029	7.79
20191030	7.8
20191031	7.84
20191101	7.8
20191104	7.86
20191105	7.85
20191106	7.78
20191107	7.84
20191108	7.83
20191111	7.78
20191112	7.83
20191113	8.06
20191114	8.14
20191115	7.91
20191119	7.79
20191120	7.7
20191121	7.76
20191122	7.6
20191125	7.57
20191126	7.58
20191127	7.53
20191128	7.53
20191129	7.63
20191202	7.62
20191203	7.59
20191204	7.55
20191205	7.53
20191206	7.53
20191209	7.53
20191210	7.53
20191211	7.55
20191213	7.52
20191216	7.59
20191217	7.61
20191218	7.59
20191219	7.61
20191220	7.35
20191223	7.32
20191224	7.29
20191226	7.31
20191227	7.32
20191230	7.29
20191231	7.28
20200102	7.31
20200103	7.3
20200106	7.32
20200107	7.3
20200108	7.29
20200109	7.26
20200110	7.25
20200113	7.27
20200114	7.29
20200115	7.29
20200116	7.26
20200117	7.25
20200120	7.26
20200121	7.26
20200122	7.21
20200123	7.23
20200124	7.23
20200127	7.25
20200128	7.24
20200129	7.22
20200130	7.25
20200131	7.34
20200204	7.3
20200205	7.29
20200206	7.28
20200207	7.32
20200210	7.29
20200211	7.3
20200212	7.27
20200213	7.26
20200214	7.05
20200217	7
20200218	6.96
20200219	6.98
20200220	6.98
20200221	6.99
20200224	6.99
20200225	6.97
20200226	6.99
20200227	7.12
20200228	7.12
20200302	7.05
20200303	7.07
20200304	7.05
20200305	7.06
20200306	7.04
20200309	7.05
20200310	6.98
20200311	7.02
20200312	7.1
20200313	7.06
20200317	7.05
20200318	7.04
20200319	7.07
20200320	7.06
20200323	6.57
20200324	6.58
20200325	6.59
20200326	6.57
20200327	6.58
20200330	6.59
20200331	6.7
20200401	6.58
20200402	6.62
20200403	6.53
20200406	6.57
20200407	6.54
20200408	6.53
20200413	6.5
20200414	6.48
20200415	6.44
20200416	6.43
20200417	6.47
20200420	6.5
20200421	6.65
20200422	6.11
20200423	6.24
20200424	6.25
20200427	6.02
20200428	6.06
20200429	6.04
20200430	6.05
20200504	6.04
20200505	6.05
20200506	6.05
20200507	6.05
20200508	6.04
20200511	6.04
20200512	6.05
20200513	6.1
20200514	6.72
20200515	5.99
20200518	5.57
20200519	5.54
20200520	5.54
20200521	5.53
20200522	5.55
20200525	5.54
20200526	5.56
20200527	5.55
20200528	5.55
20200529	5.78
20200601	5.61
20200602	5.68
20200603	5.58
20200604	5.53
20200605	5.54
20200608	5.54
20200609	5.53
20200610	5.53
20200611	5.55
20200612	5.71
20200615	5.52
20200616	5.55
20200617	5.52
20200618	5.54
20200619	5.68
20200622	5.6
20200623	5.6
20200624	5.59
20200625	5.56
20200626	5.12
20200629	5.08
20200630	5.11
20200701	5.08
20200702	5.12
20200703	5.08
20200706	5.09
20200707	5.06
20200708	5.04
20200709	5.03
20200710	5.02
20200713	5.02
20200714	5.11
20200715	5.04
20200716	5.03
20200717	5.02
20200720	5.01
20200721	5
20200722	4.99
20200723	5
20200724	4.98
20200727	4.98
20200728	5.07
20200729	5.03
20200730	5.03
20200731	5.13
20200803	5.05
20200804	5.17
20200805	5.03
20200806	5.02
20200807	5.02
20200810	5.03
20200811	5.03
20200812	5.06
20200813	5.17
20200814	4.57
20200817	4.51
20200818	4.45
20200819	4.52
20200820	4.49
20200821	4.53
20200824	4.58
20200825	4.62
20200826	4.5
20200827	4.49
20200828	4.5
20200831	4.59
20200901	4.53
20200902	4.51
20200903	4.5
20200904	4.48
20200907	4.5
20200908	4.51
20200909	4.49
20200910	4.5
20200911	4.52
20200914	4.53
20200915	4.55
20200917	4.5
20200918	4.5
20200921	4.53
20200922	4.57
20200923	4.63
20200924	4.56
20200925	4.27
20200928	4.26
20200929	4.3
20200930	4.29
20201001	4.25
20201002	4.24
20201005	4.24
20201006	4.25
20201007	4.25
20201008	4.25
20201009	4.26
20201012	4.25
20201013	4.25
20201014	4.25
20201015	4.25
20201016	4.25
20201019	4.23
20201020	4.24
20201021	4.25
20201022	4.25
20201023	4.28
20201026	4.28
20201027	4.27
20201028	4.25
20201029	4.25
20201030	4.28
20201103	4.27
20201104	4.28
20201105	4.28
20201106	4.26
20201109	4.27
20201110	4.27
20201111	4.25
20201112	4.27
20201113	4.27
20201117	4.27
20201118	4.25
20201119	4.25
20201120	4.24
20201123	4.25
20201124	4.32
20201125	4.31
20201126	4.3
20201127	4.3
20201130	4.42
20201201	4.37
20201202	4.3
20201203	4.27
20201204	4.24
20201207	4.27
20201208	4.29
20201209	4.27
20201210	4.3
20201211	4.22
20201214	4.27
20201215	4.32
20201216	4.28
20201217	4.25
20201218	4.23
20201221	4.28
20201222	4.29
20201223	4.3
20201224	4.37
20201228	4.45
20201229	4.4
20201230	4.4
20201231	4.4
20210104	4.31
20210105	4.3
20210106	4.24
20210107	4.22
20210108	4.24
20210111	4.24
20210112	4.26
20210113	4.32
20210114	4.29
20210115	4.29
20210118	4.26
20210119	4.26
20210120	4.33
20210121	4.29
20210122	4.32
20210125	4.39
20210126	4.48
20210127	4.37
20210128	4.35
20210129	4.39
20210202	4.27
20210203	4.26
20210204	4.22
20210205	4.25
20210208	4.3
20210209	4.3
20210210	4.26
20210211	4.25
20210212	4.02
20210215	4
20210216	3.97
20210217	3.95
20210218	3.95
20210219	4.03
20210222	4.1
20210223	4.02
20210224	4.07
20210225	4.04
20210226	4.07
20210301	4.05
20210302	4.05
20210303	4.02
20210304	3.94
20210305	3.95
20210308	4
20210309	4.02
20210310	4.07
20210311	4.08
20210312	4.03
20210316	4.01
20210317	3.99
20210318	4
20210319	4.03
20210322	4.01
20210323	4.1
20210324	3.98
20210325	4
20210326	3.98
20210329	3.97
20210330	3.97
20210331	4.22
20210405	4.05
20210406	4.03
20210407	4.01
20210408	4.03
20210409	4.03
20210412	4.01
20210413	4
20210414	4
20210415	3.98
20210416	4
20210419	3.97
20210420	4
20210421	4.01
20210422	4.02
20210423	4.01
20210426	4
20210427	4
20210428	4.02
20210429	4.07
20210430	4.05
20210503	4.04
20210504	4.07
20210505	4.02
20210506	4.02
20210507	4.02
20210510	4.03
20210511	4.03
20210512	4.01
20210513	4.02
20210514	4.01
20210517	4.01
20210518	4.02
20210519	4.04
20210520	4.07
20210521	4.03
20210524	4.04
20210525	4.05
20210526	4.04
20210527	4.05
20210528	4.05
20210531	4.06
20210601	4.05
20210602	4.04
20210603	4
20210604	4
20210607	4.02
20210608	4.01
20210609	4.01
20210610	3.93
20210611	3.83
20210614	3.85
20210615	3.98
20210616	4.04
20210617	3.96
20210618	3.95
20210621	4.03
20210622	4.05
20210623	4.04
20210624	4.04
20210625	4.31
20210628	4.26
20210629	4.25
20210630	4.23
20210701	4.24
20210702	4.24
20210705	4.24
20210706	4.24
20210707	4.24
20210708	4.25
20210709	4.27
20210712	4.28
20210713	4.27
20210714	4.27
20210715	4.27
20210716	4.25
20210719	4.23
20210720	4.24
20210721	4.3
20210722	4.33
20210723	4.28
20210726	4.34
20210727	4.28
20210728	4.27
20210729	4.28
20210730	4.42
20210802	4.3
20210803	4.24
20210804	4.24
20210805	4.24
20210806	4.24
20210809	4.25
20210810	4.24
20210811	4.27
20210812	4.29
20210813	4.51
20210816	4.5
20210817	4.49
20210818	4.48
20210819	4.54
20210820	4.57
20210823	4.6
20210824	4.58
20210825	4.55
20210826	4.55
20210827	4.53
20210830	4.53
20210831	4.65
20210901	4.57
20210902	4.55
20210903	4.55
20210906	4.57
20210907	4.55
20210908	4.57
20210909	4.55
20210910	4.65
20210913	4.6
20210914	4.6
20210915	4.65
20210917	4.58
20210920	4.6
20210921	4.7
20210922	4.6
20210923	4.62
20210924	4.6
20210927	4.58
20210928	4.58
20210929	4.65
20210930	4.66
20211001	5.04
20211004	4.93
20211005	4.9
20211006	4.83
20211007	4.8
20211008	4.78
20211011	4.77
20211012	4.74
20211013	4.73
20211014	4.75
20211015	4.74
20211018	4.77
20211019	4.83
20211020	4.84
20211021	4.8
20211022	4.79
