DATE 	1	7	30	90	180	270	360	720	1080	1440	1800	2160	2520	2880	3240	3600
20200306	7.818577	7.818577	7.839789	8.067963	8.239547	8.343793	8.472818	8.635362	8.693331	8.897879	9.218722	9.62058	10.054788	10.527379	11.051139	11.633033
20200305	7.784638655	7.80531618	7.838284285	8.068495264	8.24725749	8.343650355	8.47287261	8.616668361	8.674524442	8.848459578	9.134522256	9.519984869	9.937430152	10.40274714	10.91928546	11.49299138
20200304	7.817476919	7.829912015	7.837795741	8.076634399	8.247079868	8.343621486	8.472850424	8.616802233	8.655219803	8.84844388	9.135206041	9.52061493	9.938002398	10.39882901	10.90994863	11.47754337
20200303	7.77035401	7.795126149	7.840694435	8.067389022	8.231022832	8.342563536	8.463998585	8.616986309	8.645677544	8.858648017	9.135735474	9.537703621	9.974763693	10.42992413	10.93228611	11.49002471
20200302	7.799087491	7.816851322	7.834035579	8.059198163	8.230909491	8.333644828	8.455073363	8.598359605	8.636357011	8.85919119	9.157834241	9.55591343	9.987178625	10.43349151	10.92575177	11.47212264
20200228	7.781643806	7.792078326	7.834035579	8.059198163	8.230909491	8.333644828	8.455073363	8.598359605	8.636357011	8.859133105	9.168375029	9.584607628	10.03604286	10.49969928	11.01094571	11.57871797
20200227	7.782668359	7.804714161	7.834035579	8.059198163	8.230909491	8.333644828	8.455073363	8.598505192	8.617143955	8.850172303	9.147776577	9.562523777	10.01300809	10.4753984	10.98519342	11.5513228
20200226	7.799087491	7.816851322	7.834035579	8.059198163	8.233133997	8.350174665	8.464102685	8.617028143	8.635866964	8.878494279	9.189231252	9.606328847	10.0587538	10.52369177	11.03640416	11.60583168
20200225	7.799087491	7.816851322	7.834035579	8.059198163	8.233133997	8.350174665	8.464053194	8.626141524	8.674084203	8.918365767	9.230496072	9.660882717	10.12857083	10.58927989	11.09540575	11.65742989
20200224	7.766249228	7.792575361	7.834035579	8.059428421	8.243065609	8.367933967	8.481755166	8.691225376	8.750031848	8.976504232	9.290383623	9.712111022	10.16978145	10.63221561	11.1414371	11.70695745
20200221	7.810369076	7.810371827	7.83164497	8.060029096	8.243070684	8.366563556	8.472838478	8.681864331	8.750243934	8.976937516	9.280114494	9.683558859	10.12089356	10.58841178	11.10575879	11.68043821
20200220	7.807297056	7.819818767	7.827539572	8.058986258	8.223236217	8.341373129	8.455107494	8.616715216	8.693793732	8.898770684	9.198125091	9.609491233	10.05598129	10.51152381	11.01346159	11.5707484
20200219	7.831925754	7.841128924	7.834035579	8.058966236	8.22154627	8.319183342	8.411007006	8.542576553	8.599243582	8.821373088	9.096937219	9.537020678	10.01793799	10.45572153	10.93282025	11.46214274
20200218	7.815506623	7.828990123	7.834035579	8.058966236	8.22154627	8.320718475	8.41947658	8.542526351	8.599113438	8.821037137	9.139189901	9.571708761	10.04122857	10.49720459	10.99738776	11.55269557
20200217	7.807297056	7.825053215	7.842138897	8.05917814	8.227700453	8.303876176	8.410447259	8.514603867	8.580387216	8.802055872	9.098080978	9.539167719	10.01991349	10.47555624	10.97422371	11.52781333
20200214	7.781643806	7.792078326	7.834035579	8.059198163	8.227710603	8.301379889	8.392479065	8.523951523	8.599407466	8.862206906	9.140291984	9.6107574	10.12671361	10.60399076	11.12538063	11.70462259
20200213	7.786773142	7.803319839	7.823917832	8.059757124	8.229813309	8.321956429	8.428350604	8.551417168	8.655872128	8.941022092	9.265373752	9.760982261	10.30329232	10.81929931	11.3851141	12.01465985
20200212	7.780533872	7.801266086	7.834107232	8.058739315	8.212863087	8.311911844	8.410233942	8.588770977	8.7133924	9.000565589	9.327167565	9.825707763	10.37140298	10.90078062	11.48254294	12.13020549
20200211	7.778563576	7.800613214	7.829902496	8.042112321	8.205923984	8.310502375	8.402151753	8.607605184	8.722921805	9.020185791	9.369352332	9.882565816	10.4438964	10.98302624	11.57513398	12.2345636
20200210	7.772816881	7.794873532	7.824228871	8.042819783	8.232391366	8.338540608	8.436973767	8.653582066	8.808337801	9.098834571	9.472386268	10.00349664	10.58418552	11.13281537	11.7346289	12.4051164
20200207	7.7652296	7.775672901	7.817745891	8.042836468	8.232398133	8.341293316	8.454812263	8.672161913	8.827062417	9.128432848	9.49279178	10.02438533	10.60632124	11.16578407	11.78069643	12.46610145
20200206	7.761323488	7.782040849	7.815120782	8.043226905	8.223584694	8.333865587	8.454981211	8.635166211	8.750796644	9.018658309	9.366979921	9.880358333	10.44184547	10.98102552	11.57318121	12.23266095
20200205	7.774458794	7.795122868	7.828234932	8.060132546	8.239739846	8.339710636	8.445847791	8.653625573	8.788949614	9.078693173	9.41922235	9.940350068	10.51151464	11.03682633	11.61117128	12.25042947
20200204	7.772816881	7.793461165	7.826647164	8.058991264	8.222398856	8.331050047	8.437146127	8.606875578	8.7707761	8.999581281	9.334886776	9.846294268	10.40617249	10.9155441	11.47160364	12.09011217
20200203	7.766249228	7.786819273	7.820297719	8.05900795	8.221566569	8.319196927	8.411015538	8.598108594	8.7134165	8.980130626	9.305358982	9.803002919	10.34764956	10.83428058	11.36425315	11.95322679
20200131	7.785746946	7.793134729	7.824085565	8.058997939	8.221561495	8.320726966	8.419334936	8.570142602	8.675171947	8.940609218	9.264351933	9.748443	10.27741999	10.76824965	11.30483177	11.90127102
20200130	7.782668359	7.800450817	7.817745891	8.041216316	8.168706236	8.259010929	8.356812313	8.487009371	8.600374708	8.883395405	9.26940546	9.750651989	10.27232744	10.7663717	11.30757781	11.90924489
20200129	7.77035401	7.786917695	7.807629772	8.041248018	8.168721461	8.257647311	8.347960474	8.46843287	8.581672585	8.844260183	9.163943546	9.631556952	10.14155801	10.6188858	11.14093333	11.720925
20200128	7.755905175	7.776561985	7.809883588	8.041243011	8.167879025	8.254191567	8.374659342	8.487178385	8.571534236	8.843440713	9.16359162	9.6312321	10.14125785	10.61859496	11.14065395	11.72065216
20200127	7.778563576	7.791166276	7.79893043	8.025330153	8.184233789	8.257506365	8.347765928	8.49650094	8.591216451	8.823432755	9.141551507	9.585367622	10.06792306	10.53503258	11.04739992	11.61644483
20200124	7.800028307	7.799432143	7.803402236	8.025313468	8.184499378	8.25750127	8.347762515	8.496499268	8.591214844	8.823431185	9.141549963	9.585367622	10.06792306	10.53503258	11.04739992	11.6164434
20200123	7.786773142	7.799264824	7.807282906	8.041710203	8.182756989	8.248574071	8.338678585	8.49649592	8.600779598	8.853544378	9.184058872	9.630147252	10.11464617	10.58429928	11.09956896	11.67190433
20200122	7.766249228	7.782765897	7.803661166	8.041720214	8.182762063	8.248577467	8.338779271	8.477720283	8.601073627	8.834150238	9.141872562	9.585116807	10.06769386	10.54383192	11.0671144	11.64847384
20200121	7.782668359	7.795114667	7.803314299	8.041026101	8.159202608	8.239901595	8.329980334	8.459694334	8.525048859	8.744834209	9.03844348	9.470970089	9.941901659	10.41497357	10.93561696	11.51395922
20200120	7.766249228	7.788312017	7.817745891	8.041448242	8.175034657	8.248626714	8.338767326	8.487416009	8.562697323	8.803898896	9.100312927	9.552702686	10.04648673	10.52226542	11.04399523	11.62359733
20200117	7.78985173	7.790380534	7.809601861	8.033267394	8.175222429	8.248662375	8.338792924	8.48743107	8.562706963	8.803734059	9.132026363	9.598867845	10.10729273	10.59172195	11.1225014	11.71234229
20200116	7.758039662	7.780111765	7.809601861	8.033037136	8.167919624	8.248726905	8.338939687	8.468680535	8.562578426	8.844731144	9.10123133	9.562839565	10.06995918	10.54800143	11.07116181	11.65238826
20200115	7.766249228	7.784048673	7.801456203	8.024854619	8.168812809	8.256377091	8.339461888	8.487134876	8.600657489	8.883966836	9.205827322	9.669492041	10.17493907	10.66284454	11.19816743	11.7931622
20200114	7.749994287	7.770584447	7.804169251	8.043031686	8.211308471	8.293975934	8.392357902	8.560937184	8.694362509	9.041738498	9.414803213	9.901647437	10.43111327	10.95314996	11.5276348	12.16704064
20200113	7.782668359	7.796187474	7.801456203	8.0255504	8.195273426	8.286867459	8.392465414	8.551512552	8.713991703	9.021788624	9.414212041	9.884720406	10.39392464	10.91706108	11.49488639	12.13807596
20200110	7.699569493	7.705745207	7.801456203	8.0255504	8.195273426	8.286867459	8.392564393	8.532720181	8.714075252	9.032466862	9.414786236	9.88469926	10.39390394	10.91704354	11.49486612	12.13805442
20200109	7.725201398	7.74996981	7.796007308	8.026005912	8.195281884	8.285502142	8.383558965	8.542238525	8.704394815	9.042215737	9.458025235	9.919724277	10.41737787	10.92702082	11.48960708	12.11550849
20200108	7.729306182	7.755673407	7.797324748	8.008696486	8.175909234	8.248759171	8.338963578	8.468114923	8.638611226	8.994719403	9.398129967	9.856255878	10.35054332	10.85143645	11.40370094	12.01790224
20200107	7.724216251	7.750588233	7.792299258	8.007354981	8.144877809	8.189401872	8.294101971	8.403648558	8.563868615	8.866798768	9.231027047	9.668627779	10.14137466	10.62026686	11.14789182	11.73418031
20200106	7.760666723	7.778473027	7.795785835	7.989548328	8.123223139	8.194554072	8.276869298	8.394777822	8.51682571	8.767231506	9.104696562	9.536003818	10.00288066	10.48305051	11.01271899	11.60127253
20200103	7.748813753	7.756915172	7.785086719	7.99030084	8.130942088	8.195951653	8.285415667	8.395000385	8.478147344	8.777145217	9.106096547	9.536748709	10.00356528	10.47471152	10.99347931	11.56972313
20200102	7.78529542	7.798810439	7.803889152	7.991583947	8.149095066	8.216040824	8.321003918	8.450147541	8.582011601	8.905252666	9.271899811	9.711357068	10.18621542	10.66775498	11.19839904	11.78810908
20200101	7.762144444	7.779949367	7.797244953	7.991600633	8.149103524	8.213544537	8.303291705	8.413156861	8.525442504	8.816462543	9.136014853	9.538877619	9.974411766	10.43753387	10.9496671	11.51841787
20191231	7.749830097	7.76764817	7.785086719	7.991632334	8.14912044	8.213554726	8.303298533	8.413160208	8.525951831	8.746339711	9.082279827	9.478541392	9.905159588	10.35956589	10.86200359	11.41980646
20191230	7.737515748	7.759610314	7.789219802	8.007431732	8.144881192	8.188153728	8.285197229	8.395045568	8.469170648	8.687301713	8.999902996	9.368969786	9.765828654	10.20209832	10.68549391	11.22181684
20191227	7.740607471	7.743400095	7.793273089	8.006368873	8.131688101	8.20329957	8.285767214	8.367099655	8.440532622	8.688136883	8.980463738	9.358881263	9.767801207	10.20497445	10.68827615	11.22449345
20191226	7.765756654	7.78355656	7.800770613	7.980801846	8.111242952	8.157576755	8.232217594	8.25773241	8.280811041	8.492887779	8.777021412	9.158408696	9.570816805	10.00226792	10.47819726	11.00604147
20191225	7.758039662	7.77584842	7.793152582	7.980516525	8.103547687	8.156355781	8.223084176	8.265676077	8.318880461	8.532486112	8.817934307	9.200952136	9.615215442	10.04470384	10.5181242	11.04317385
20191224	7.766905993	7.780441481	7.785695771	7.980705071	8.103557837	8.156360876	8.223089296	8.265823338	8.299738101	8.532453144	8.818579505	9.207184748	9.627849229	10.07154178	10.56144568	11.10501905
20191223	7.731440669	7.753540914	7.78310323	7.981252351	8.111264944	8.152103602	8.196108847	8.247292019	8.290370974	8.572844259	8.882972629	9.280560358	9.710202451	10.15413376	10.64350563	11.18652391
20191220	7.744710611	7.746379022	7.780995976	7.981305744	8.111266636	8.154849518	8.214066802	8.29334253	8.375422246	8.650877652	9.005904253	9.42215324	9.870480269	10.3150781	10.80352314	11.34556465
20191219	7.751800392	7.769614983	7.787032754	7.989289704	8.111082248	8.152073035	8.196084956	8.265774808	8.319094154	8.552508199	8.860120617	9.313752612	9.807698763	10.21689396	10.65821876	11.14735964
20191218	7.737515748	7.759610314	7.789140006	7.989236313	8.111080555	8.152071337	8.196084956	8.247496174	8.262245488	8.493266118	8.819852919	9.272744284	9.76451116	10.17126188	10.6098438	11.09590503
20191217	7.74162053	7.763709621	7.793191665	7.989132862	8.112186888	8.159636616	8.196084956	8.238242228	8.24316097	8.493228441	8.862664359	9.307995944	9.788437564	10.20417942	10.65468958	11.15411581
20191216	7.71288705	7.743534605	7.797165158	7.974738374	8.128465529	8.149091076	8.17875501	8.20228404	8.16814843	8.375775681	8.697422942	9.145036908	9.630729685	10.03914304	10.48025572	10.96910581
20191213	7.707777417	7.71282672	7.79311187	7.971898521	8.091574267	8.111161093	8.124405022	8.154886434	8.227293087	8.289403153	8.56091131	8.984301971	9.444758444	9.83407628	10.25465019	10.72045997
20191212	7.70155785	7.732217634	7.78606055	7.986433166	8.058189772	8.096545076	8.125266826	8.138030198	8.226733952	8.398339383	8.697924591	9.144424979	9.630163353	10.06490829	10.53765773	11.06196621
20191211	7.745725314	7.763547224	7.781036688	7.989443211	8.112202112	8.162391022	8.21404803	8.265644282	8.318883674	8.542186322	8.880881141	9.30292373	9.758586114	10.20680855	10.69883474	11.24485819
20191210	7.718962128	7.745339021	7.787032754	7.988810834	8.100044303	8.130878366	8.205100623	8.247462707	8.281207897	8.513002489	8.861488188	9.271795416	9.713349069	10.14931684	10.62792977	11.15885591
20191209	7.723066912	7.749439967	7.79108604	7.988226846	8.090110999	8.111765635	8.178536573	8.193264371	8.263187021	8.475297417	8.800432183	9.190173115	9.609526986	10.03432029	10.50159437	11.01974048
20191206	7.728296405	7.732215994	7.797244953	7.988070003	8.095659575	8.156466162	8.22310636	8.275189401	8.299683473	8.532205105	8.81842052	9.190127787	9.591465001	10.00135889	10.45247247	10.95249754
20191205	7.708782267	7.739433659	7.793191665	7.987691245	8.090851937	8.173529219	8.2321408	8.265870193	8.280301712	8.551917929	8.882254885	9.280980399	9.710586904	10.12806601	10.58560711	11.09288379
20191204	7.749830097	7.76764817	7.785086719	7.98933976	8.11441985	8.18846449	8.285379828	8.40468607	8.450118262	8.667095951	8.989544344	9.387140309	9.816008906	10.2703024	10.77232217	11.32961836
20191203	7.753934879	7.771747474	7.789140006	7.989236313	8.114414776	8.18575933	8.267933837	8.376940967	8.412471406	8.628306101	8.928104	9.322077872	9.748152594	10.18545688	10.66722411	11.20171058
20191202	7.771995925	7.789789998	7.806968608	7.988303598	8.105575963	8.178394432	8.267865576	8.321224852	8.355526337	8.610064243	8.878659996	9.285757981	9.728907667	10.18400858	10.685533	11.24223469
20191129	7.721730394	7.729847287	7.758182596	7.955550173	8.078787168	8.143288482	8.232082778	8.302983033	8.356374681	8.610571309	8.984810328	9.367191414	9.77536314	10.23886823	10.75401328	11.32607299
20191128	7.725201398	7.743045773	7.760613918	7.955007897	8.068857247	8.125627672	8.214259641	8.265743014	8.356818133	8.631883828	8.986063676	9.401391463	9.848678714	10.29200922	10.77901864	11.31943457
20191127	7.714528964	7.732384953	7.750077651	7.956716482	8.09642927	8.155246887	8.214240869	8.321090979	8.431845133	8.790275587	9.110625274	9.528919036	9.982257605	10.45558999	10.97830731	11.55900229
20191126	7.704677484	7.726807666	7.75656063	7.956552964	8.096420812	8.15798601	8.23219541	8.320998942	8.431586452	8.789952194	9.131634305	9.551870161	10.0060879	10.49418817	11.03470906	11.63552151
20191125	7.708946459	7.73107101	7.760856561	7.97368052	8.113692446	8.179679936	8.276647447	8.357648249	8.488063967	8.808132828	9.192071354	9.605772826	10.04972945	10.53048311	11.06315239	11.65510939
20191122	7.732399546	7.734072902	7.76879866	7.973478627	8.113683988	8.180922986	8.285400307	8.39480125	8.525402336	8.907659273	9.233371675	9.645554274	10.09179623	10.60246648	11.17119772	11.80398069
20191121	7.708946459	7.73107101	7.760856561	7.97368052	8.113692446	8.180929777	8.285207468	8.431596142	8.621030589	8.96637074	9.400278565	9.859907814	10.35389843	10.89156767	11.48855905	12.1535168
20191120	7.706483589	7.728610442	7.75842524	7.972781177	8.097175284	8.172192772	8.27636416	8.413844632	8.505927385	8.947281153	9.319398962	9.760222266	10.23670176	10.77565478	11.37587136	12.04445738
20191119	7.721096617	7.74320817	7.772850319	7.973375178	8.112565815	8.173306761	8.285415667	8.37623981	8.506767696	8.847508239	9.255069123	9.695522451	10.16886615	10.7127952	11.31932775	11.99506911
20191118	7.754755836	7.76830432	7.773741097	7.989628419	8.11221057	8.170747642	8.267462831	8.376311767	8.506576497	8.907944989	9.319780215	9.809217401	10.33908213	10.91523866	11.55555847	12.26987088
20191115	7.731578589	7.739691199	7.767907881	7.955783768	8.08647905	8.145718541	8.249637988	8.358054886	8.488202145	8.868638651	9.278103271	9.765637458	10.29331425	10.8480649	11.46246367	12.14720721
20191114	7.733410964	7.74698268	7.752508971	7.956656414	8.094203073	8.14316961	8.231895059	8.320942045	8.450569748	8.82974676	9.23754539	9.711526287	10.22357262	10.80076968	11.44404042	12.16167016
20191113	7.728649417	7.742225584	7.747809178	7.954854392	8.064196782	8.140921253	8.214420056	8.339864943	8.45061313	8.849425047	9.280105233	9.780222529	10.32110886	10.8874464	11.51467035	12.21403947
20191112	7.729306182	7.747146719	7.764667205	7.955384987	8.081537774	8.156005962	8.214322783	8.339290963	8.507910068	8.889411136	9.342346672	9.881518736	10.46627611	11.0629394	11.72291949	12.4597373
20191111	7.675123047	7.705810821	7.759804563	7.956469537	8.09641743	8.155238396	8.214234043	8.339244108	8.507442514	8.949439721	9.460795877	10.04935054	10.68812292	11.32074087	12.01949369	12.80079552
20191108	7.699569493	7.702377509	7.752508971	7.955695335	8.081552997	8.161018914	8.249858132	8.357561231	8.54481141	9.019066475	9.534589119	10.13869827	10.79561358	11.4506617	12.17520321	12.98616738
20191107	7.708782267	7.730906971	7.760613918	7.955968977	8.088712014	8.160947592	8.24975574	8.366689671	8.573258238	9.069215885	9.598505293	10.21233678	10.87991127	11.5458674	12.28280991	13.10806139
20191106	7.775443941	7.780443121	7.761586121	7.956424487	8.099744882	8.188928087	8.285523177	8.412571168	8.658645312	9.127869266	9.680732404	10.30022342	10.97298634	11.6454209	12.38987233	13.22378796
20191105	7.774458794	7.779458894	7.760613918	7.956928385	8.106342275	8.179798807	8.276538228	8.394319308	8.601618301	9.047780916	9.57456972	10.17559836	10.82819171	11.4996025	12.24474022	13.07942555
20191104	7.790877925	7.787334351	7.744405653	7.958470116	8.131977371	8.197352631	8.294583216	8.375538652	8.572620374	9.027895408	9.543283842	10.14804189	10.80568926	11.46636344	12.19776218	13.01661684
20191101	7.781643806	7.777957948	7.736219284	7.941165695	8.101247058	8.193915566	8.268189819	8.394548565	8.573095959	9.007507542	9.532145706	10.14289263	10.80683228	11.46801633	12.19939938	13.01823803
20191031	7.789236012	7.789957316	7.758873072	7.928237854	8.031270722	8.127560173	8.223109774	8.339309371	8.545518363	9.030163866	9.55721423	10.15694433	10.80806845	11.50681618	12.28579191	13.15952749
20191030	7.795803664	7.79651883	7.765235545	7.904624686	8.044580537	8.109510486	8.20511257	8.321025717	8.507895607	8.970202785	9.537132861	10.14985652	10.81337984	11.50344609	12.27045924	13.13037614
20191029	7.79284822	7.793566148	7.762278225	7.895602893	8.024911851	8.075479467	8.178149187	8.302663412	8.508445102	8.991474487	9.538032742	10.20905956	10.94221516	11.65543471	12.44403903	13.32894158
20191028	7.786773142	7.787496749	7.756280531	7.894795321	8.009512861	8.075608527	8.178243047	8.302424114	8.54656112	9.051956763	9.623657167	10.30036091	11.03880948	11.77842829	12.59921729	13.52142718
20191025	7.773435882	7.774462301	7.760413614	7.913845034	8.059818821	8.110612588	8.213754504	8.357675022	8.602620889	9.130618104	9.707075885	10.35246707	11.05419064	11.80224835	12.63725804	13.57597771
20191024	7.766249228	7.766995299	7.736300708	7.957564099	8.096446187	8.163408218	8.266991825	8.487305564	8.734850032	9.247285929	9.872981021	10.54211076	11.26879047	11.99382453	12.79789799	13.70073501
20191023	7.716991833	7.734843881	7.752508971	7.955695335	8.078793934	8.145794957	8.249298386	8.431795278	8.658921666	9.168445625	9.724527066	10.35812401	11.04739614	11.73550863	12.49765274	13.35198149
20191022	7.708782267	7.730906971	7.760613918	7.955488437	8.078783785	8.145786466	8.249392246	8.413319182	8.621038624	9.087883177	9.660586202	10.30394788	11.00325479	11.67934391	12.42561578	13.26163258
20191021	7.758039662	7.763058389	7.744364941	7.947764769	8.078981707	8.148330303	8.267034489	8.468817755	8.71605472	9.207309259	9.830308499	10.48505627	11.1948642	11.8742668	12.62364507	13.4632408
20191018	7.761124817	7.762159463	7.748418229	7.947661319	8.078976631	8.148326906	8.267031076	8.468817755	8.71590851	9.227621773	9.852280693	10.52021426	11.24549988	11.93911394	12.70447314	13.56251131
20191017	7.834881197	7.831289933	7.787804652	7.944738038	8.04144593	8.096631681	8.222184828	8.422844219	8.669310663	9.169012348	9.768250737	10.44238895	11.17639558	11.86604472	12.62559205	13.47692546
20191016	7.796953003	7.797665455	7.766570898	7.944799774	8.033767581	8.096709796	8.222096088	8.450811885	8.698096506	9.168061007	9.788183924	10.46470547	11.2000854	11.91608452	12.70805733	13.59687805
20191015	7.794982708	7.795698642	7.764667205	7.953464498	8.04240678	8.104230924	8.222358895	8.40410707	8.660059219	9.12900114	9.725280317	10.37310948	11.07625392	11.75723005	12.50917832	13.35174312
20191014	7.778563576	7.779296497	7.748377517	7.936643955	8.02626347	8.095566939	8.213568491	8.385953942	8.602945446	9.069283389	9.619062064	10.28288995	11.00758729	11.68573042	12.43195615	13.26791633
20191011	7.773435882	7.774462301	7.760534123	7.936335274	8.031225048	8.126159195	8.213841538	8.395005406	8.622041211	9.069016511	9.596299583	10.2818459	11.03339753	11.72014301	12.47424842	13.31930632
20191010	7.774458794	7.775195551	7.744405653	7.954941156	8.062283538	8.137064744	8.240460199	8.413029682	8.67888827	9.128607102	9.680397452	10.38380088	11.1549696	11.85595491	12.62569339	13.48879795
20191009	7.815506623	7.808053972	7.751878749	7.954734257	8.064191707	8.143420937	8.231586174	8.412884096	8.697736603	9.209445849	9.832795129	10.53573611	11.30220108	12.00227751	12.77144072	13.63386541
20191008	7.766249228	7.766995299	7.736300708	7.957101915	8.07992564	8.157170896	8.275758337	8.523909688	8.869134158	9.388545727	10.02104909	10.74727176	11.54113249	12.23927534	13.00330699	13.85974273
20191007	7.749830097	7.754201987	7.737466699	7.974428026	8.116216372	8.201667642	8.320323007	8.59809186	8.925235702	9.467307538	10.0828321	10.7628057	11.50355054	12.2158601	13.00283653	13.88582543
20191004	7.812996137	7.809290817	7.767300457	7.963455712	8.081492099	8.16921251	8.302566425	8.542636796	8.849246283	9.367346239	9.977129391	10.6268335	11.33206584	12.02043741	12.78140291	13.63435506
20191003	7.799087491	7.799797946	7.76863744	7.939009943	8.079128879	8.145837411	8.248837619	8.524261104	8.85060556	9.328093279	9.890279398	10.55732891	11.28576859	11.96304069	12.70792705	13.54233039
20191002	7.799087491	7.799797946	7.768596728	7.930872477	8.079306501	8.14586628	8.248858098	8.524562316	8.812396355	9.246273365	9.891278067	10.50253328	11.15993055	11.87291496	12.66909738	13.56278989
20191001	7.762144444	7.767157696	7.748336805	7.931386386	8.079331876	8.149634485	8.27573274	8.52442175	8.81199789	9.246301623	9.825379998	10.46605777	11.16213969	11.8193443	12.5427533	13.35242521
20190930	7.782668359	7.783395803	7.752347751	7.92218773	8.061874162	8.133311823	8.267220503	8.431591122	8.69787478	9.107530066	9.657249084	10.29965531	10.99920322	11.63648856	12.33499199	13.116041
20190927	7.740607471	7.738910378	7.727995458	7.91612259	8.080118488	8.150959045	8.285188696	8.440759724	8.69730279	9.127213061	9.678733521	10.2864059	10.94533072	11.59576691	12.31452188	13.11884686
20190926	7.753934879	7.758957443	7.740152063	7.916092557	8.078425158	8.13072723	8.249347875	8.412890789	8.698127033	9.128749962	9.636524066	10.25164983	10.92208745	11.56231594	12.26734406	13.0558888
20190925	7.721096617	7.734681483	7.740352367	7.956963425	8.09643942	8.160903439	8.249626042	8.384474649	8.69845159	9.088817248	9.614923859	10.27782983	11.00279492	11.63243013	12.31897027	13.08628225
20190924	7.75753067	7.756801987	7.744405653	7.957342183	8.106364266	8.182315472	8.293717999	8.533578639	8.792060207	9.245781998	9.803651678	10.47819058	11.21541037	11.8789551	12.60601075	13.41987349
20190923	7.711880557	7.716919464	7.734748766	7.990839777	8.113372726	8.178394432	8.266978173	8.48697925	8.754369969	9.206645205	9.806246354	10.48898472	11.23304207	11.91262091	12.65874868	13.49458773
20190920	7.692363136	7.701714796	7.69477446	7.738383113	7.796873846	7.81857074	7.857459003	8.119729809	8.438941977	9.001419597	9.636599691	10.35213013	11.13213889	11.82076775	12.57434367	13.41878936
20190919	7.692363136	7.701714796	7.694894968	7.764227118	7.821658049	7.845941597	7.936683565	8.174969003	8.475579818	9.018931466	9.654699165	10.34750516	11.1007644	11.81520403	12.60336748	13.48777698
20190918	7.708782267	7.713853597	7.694815172	7.745557831	7.789296996	7.883346851	7.981806273	8.20278439	8.474848766	8.99748394	9.609925891	10.29937125	11.05005331	11.76114818	12.5454096	13.42530141
20190917	7.700572701	7.705651704	7.686589719	7.720401265	7.766448028	7.830058757	7.928248121	8.129300029	8.380995928	8.899524221	9.528649603	10.22639603	10.98544416	11.69251736	12.47091755	13.34402773
20190916	7.658533158	7.666691075	7.69477446	7.735024343	7.740779099	7.809988266	7.892494336	8.120394151	8.362462511	8.900164727	9.551706904	10.23969984	10.98592473	11.69194155	12.47034286	13.34345336
20190913	7.49943834	7.555898272	7.68237684	7.686049379	7.737568368	7.825419398	7.89376571	8.082893081	8.381788036	8.921149143	9.617070913	10.32275903	11.08698908	11.81058734	12.60894497	13.50515636
20190912	7.62668661	7.653164514	7.694653953	7.711102495	7.753095923	7.827708511	7.910638302	8.101409339	8.381053769	8.96080713	9.638490526	10.33217821	11.08371086	11.81120115	12.61566895	13.51895733
20190911	7.696467919	7.71434243	7.731123768	7.710178125	7.753051939	7.827679642	7.91081237	8.064191075	8.362393422	8.92129671	9.639824137	10.32372604	11.06097331	11.77092524	12.55515465	13.43500846
20190910	7.721096617	7.734681483	7.739549526	7.780805724	7.853229106	7.917707312	8.017368926	8.211186569	8.521310042	9.107498668	9.78211784	10.50793336	11.2979292	12.0082022	12.78755218	13.66175741
20190909	7.725340962	7.731103817	7.744736236	7.783553809	7.901638738	7.937538362	8.053117593	8.192298815	8.492095207	9.077047952	9.761136593	10.48630582	11.2748338	11.98340151	12.76078948	13.63272526
20190906	7.716991833	7.730580537	7.735657457	7.814408436	7.870145495	7.929786285	8.000327386	8.174050302	8.47394258	9.05814832	9.719112353	10.47698485	11.30550149	12.01891604	12.79820921	13.67234759
20190905	7.716991833	7.730580537	7.735416443	7.764160377	7.845887393	7.909773533	7.964716949	8.099973556	8.436973756	9.020429119	9.679221279	10.410345	11.20732202	11.91185511	12.6833632	13.54850644
20190904	7.732590008	7.746162492	7.751215958	7.849439418	7.922280117	7.987807137	8.089021556	8.209857884	8.567949663	9.116307193	9.800902643	10.5772234	11.42611833	12.13915042	12.91592142	13.78711924
20190903	7.71288705	7.730744574	7.747815691	7.815059167	7.89130959	7.962964832	8.018179536	8.117678211	8.473797976	9.079566019	9.764094001	10.50124143	11.30392079	12.03513805	12.83910167	13.74180479
20190902	7.714977206	7.716821041	7.752429175	7.938460994	8.065956087	8.164106159	8.267404808	8.448922608	8.86002571	9.421200537	10.13390762	10.89478147	11.72460772	12.45708881	13.25994123	14.16124466
20190830	7.733410964	7.74698268	7.752429175	7.939422072	8.083319069	8.178800291	8.268266614	8.449222148	8.801928629	9.390622662	10.09179539	10.84950021	11.67631278	12.40528065	13.20408522	14.10071194
20190829	7.733410964	7.74698268	7.752588767	7.974850166	8.135240543	8.234402971	8.338856066	8.52298262	8.867625455	9.407737355	10.06417078	10.80627534	11.6174542	12.32176064	13.09163784	13.95480301
20190828	7.748813753	7.754013343	7.770668155	8.001249794	8.182655491	8.313413013	8.4636897	8.708585309	9.037343995	9.584115083	10.25061417	10.96740463	11.74856223	12.44997596	13.21936578	14.08190522
20190827	7.733410964	7.749961609	7.771085047	8.011789957	8.226577204	8.367040737	8.570700198	8.85736633	9.179430313	9.700867681	10.37323555	11.06076541	11.80725816	12.48036959	13.21832787	14.04453446
20190826	7.739978617	7.752346719	7.761216455	8.0120369	8.226589046	8.364299916	8.552854876	8.83881995	9.150589841	9.701839434	10.36408702	11.03799407	11.76917789	12.45383418	13.20762309	14.05212493
20190823	7.723559486	7.739999589	7.761563322	8.0120369	8.223253134	8.338817406	8.534717735	8.829852158	9.122210496	9.640945849	10.26538888	10.96909234	11.73761561	12.41788121	13.16242555	13.99627055
20190822	7.711409328	7.73176489	7.766453648	8.027243967	8.209699722	8.352825485	8.526002419	8.820184881	9.151251806	9.70263692	10.39835038	11.07573726	11.80883739	12.51120605	13.28669815	14.15627195
20190821	7.713194088	7.72271328	7.76934583	8.02717389	8.209694647	8.351448281	8.517026001	8.82009117	9.171085053	9.682208241	10.35295816	11.03919678	11.78419381	12.47580842	13.23678443	14.08958041
20190820	7.730619712	7.746936751	7.768803545	8.02717389	8.209694647	8.351448281	8.517075491	8.810656495	9.170882607	9.723842693	10.37574225	11.06196508	11.8083923	12.49665591	13.2533403	14.10116714
20190819	7.764278932	7.77246268	7.768901253	8.027153867	8.209694647	8.356945208	8.552772962	8.847600322	9.247615935	9.804540149	10.46080174	11.12724963	11.85028458	12.55510194	13.33465911	14.20891409
20190821	7.749830097	7.761905205	7.771568704	8.0453009	8.242392338	8.375589247	8.57927387	8.912742744	9.324161277	9.884361622	10.5675772	11.24138727	11.971521	12.69529816	13.49761806	14.3981731
20190820	7.805750374	7.801731953	7.762284739	8.045507798	8.242402487	8.371471223	8.552648383	8.856971406	9.228078323	9.762855465	10.41636495	11.08046046	11.80075347	12.51226704	13.30039797	14.1846048
20190819	7.790877925	7.790647916	7.762589264	8.045507798	8.242402487	8.372845031	8.561623094	8.85691451	9.228083144	9.742219558	10.37160249	11.03220567	11.74986051	12.44782034	13.21944396	14.08456892
20190808	7.807297056	7.802995046	7.76224077	8.045507798	8.242402487	8.376969848	8.588403876	8.884783445	9.266236114	9.782139714	10.41360357	11.10138844	11.85102392	12.5580219	13.33755569	14.2117774
20190807	7.758039662	7.766153783	7.762869363	8.027791248	8.219633026	8.369214375	8.535236524	8.792143584	9.093766883	9.560042739	10.15644474	10.82846344	11.56111823	12.24757926	13.00343582	13.8504248
20190806	7.764114741	7.768040219	7.752521999	8.028051541	8.216310647	8.340991045	8.499511748	8.718110346	8.959967984	9.399611722	9.965221028	10.63750978	11.37198263	12.03621221	12.76442724	13.57959489
20190805	7.77179561	7.7722888	7.761017781	8.027832962	8.216298806	8.340984252	8.49940765	8.736661746	8.998406951	9.439806603	10.00735023	10.68203104	11.41930608	12.0868366	12.81884435	13.63836713
20190804	7.748188183	7.756190125	7.753346011	8.028038192	8.215197549	8.327916952	8.463802332	8.671567853	8.922544461	9.340277017	9.924158412	10.5830662	11.30042372	11.94883693	12.65930456	13.45405786
20190801	7.78890763	7.792911639	7.776903605	8.045144057	8.242383879	8.360463784	8.481756874	8.689421441	8.998954838	9.441075056	10.05255414	10.74398849	11.49813563	12.16165956	12.88702209	13.69885678
20190731	7.766249228	7.778509115	7.787441502	8.044888771	8.242372037	8.363202908	8.499489563	8.726407102	9.075233465	9.582912566	10.20365062	10.89125645	11.64085568	12.35352072	13.14005766	14.0224911
20190730	7.758039662	7.77020716	7.779505918	8.045094	8.240159373	8.353552294	8.534828659	8.801126438	9.151206819	9.703272716	10.35407567	11.06378576	11.83793176	12.5656141	13.36825725	14.26925871
20190729	7.738637174	7.745962365	7.777699933	8.028869125	8.240518	8.35361173	8.534973716	8.782285539	9.151560296	9.68344687	10.29903635	10.97315072	11.70751426	12.44406296	13.26177096	14.18031703
20190728	7.758039662	7.774665708	7.795310318	8.027926401	8.231674113	8.343414312	8.517133514	8.754610719	9.094173381	9.602528056	10.202175	10.87643417	11.61173912	12.33171453	13.12876516	14.0233857
20190725	7.774458794	7.787014477	7.794961824	8.027926401	8.231674113	8.340666697	8.499339387	8.726591178	9.075660851	9.54204264	10.14817758	10.85063643	11.61846266	12.31089335	13.07053802	13.92187798
20190724	7.749830097	7.766363754	7.787373106	8.028133299	8.231684262	8.340671792	8.499295018	8.736163071	9.056218036	9.521248178	10.13761827	10.80946492	11.54052327	12.24527164	13.02389437	13.8972025
20190723	7.755248409	7.771842617	7.792611926	8.027996479	8.232790594	8.350993177	8.517263211	8.745432076	9.055816358	9.520706574	10.1370271	10.84560351	11.61992506	12.34307726	13.14006491	14.03460914
20190722	7.757021676	7.764452712	7.795476424	8.02840694	8.239382911	8.344643775	8.526106517	8.745105762	9.093961295	9.623005406	10.26879236	10.97349823	11.74178991	12.47259617	13.27970204	14.18593161
20190721	7.758039662	7.774665708	7.795310318	8.027445861	8.222853907	8.333232176	8.499504922	8.689126921	9.05627909	9.58427207	10.20552447	10.91759208	11.69606046	12.42441824	13.22744469	14.12895864
20190718	7.733410964	7.753813217	7.788136863	8.043927692	8.222507121	8.327686003	8.463589014	8.689903383	8.979415621	9.512923172	10.16440783	10.85115015	11.59763555	12.3269473	13.13441503	14.04111833
20190717	7.753934879	7.770312144	7.791756975	8.043825911	8.222502047	8.331804029	8.490345905	8.717782358	9.007713023	9.542581105	10.16239352	10.84749218	11.59417693	12.31343918	13.1084369	14.00068899
20190716	7.733575156	7.753978894	7.788296453	8.043924355	8.222507121	8.330433617	8.481475294	8.699215897	8.979418834	9.461407977	10.07542313	10.74359565	11.47038685	12.17999336	12.96504477	13.84581251
20190715	7.736502687	7.738383817	7.792299258	8.043825911	8.222502047	8.330430221	8.481473587	8.699068638	8.998586902	9.50229988	10.11900171	10.78950848	11.5190278	12.24209154	13.04353501	13.94327803
20190714	7.708782267	7.737419275	7.796771065	8.042204091	8.205996725	8.330715511	8.48146676	8.717665219	9.037546442	9.481197724	10.09477595	10.76424411	11.49252554	12.19386246	12.96853632	13.8372973
20190711	7.733410964	7.753813217	7.788136863	8.042225781	8.206005183	8.330720606	8.481323411	8.74623364	8.99818201	9.501015729	10.09577308	10.75184234	11.46581332	12.18438645	12.98184818	13.87698856
20190710	7.774458794	7.787014477	7.794961824	8.025340164	8.18871325	8.317281409	8.4903186	8.73720895	8.959704483	9.450153598	10.05314686	10.71352348	11.43186445	12.12345013	12.88707855	13.74308278
20190709	7.774458794	7.787014477	7.794961824	8.025340164	8.190393047	8.331061935	8.481606697	8.719124431	8.853958767	9.338559583	9.969231128	10.62658419	11.33929064	12.03404489	12.80213214	13.66331399
20190708	7.830888065	7.828035423	7.801456203	8.025318473	8.192062695	8.348958787	8.499554413	8.746392613	8.959421702	9.43889608	10.14057876	10.85364924	11.62756389	12.36074902	13.17021204	14.07921855
20190707	7.823716189	7.824059145	7.793917967	8.025340164	8.191233792	8.341386714	8.499875243	8.671735194	8.873322854	9.359945885	10.01347806	10.6924701	11.42917622	12.14636118	12.93976293	13.83021229
20190704	7.823716189	7.824059145	7.793917967	8.025340164	8.191233792	8.341386714	8.499677284	8.709042149	8.920932928	9.440140985	10.14326451	10.83169533	11.57659994	12.29406922	13.08702442	13.97691817
20190703	7.819611405	7.819907347	7.789949361	8.025350175	8.191238866	8.334521075	8.454933427	8.690761841	8.883390508	9.380314913	10.03536536	10.66690807	11.347898	12.0458139	12.82105045	13.69049089
20190702	7.772925246	7.776150251	7.793273089	8.00847457	8.174740312	8.308011183	8.428623651	8.560282882	8.770252312	9.181706294	9.779598798	10.40733824	11.08683678	11.75771965	12.49963158	13.33062452
20190701	7.793997561	7.803241101	7.796352546	8.008466227	8.172512424	8.28736332	8.392851093	8.514466647	8.655835174	9.102778077	9.676399697	10.28534673	10.94433706	11.62387046	12.37845099	13.22404212
20190630	7.823716189	7.824400343	7.793273089	8.00847457	8.168070181	8.251328479	8.356933479	8.468190226	8.619001313	9.003724161	9.570351243	10.18576695	10.85233105	11.50708509	12.23032675	13.03980034
20190627	7.834881197	7.835553276	7.804294644	8.008446204	8.171392558	8.277033445	8.374891432	8.505651135	8.599065238	9.002477686	9.54830187	10.16155269	10.82697033	11.480158	12.20157797	13.00895027
20190626	7.819611405	7.824564382	7.805428066	8.008444536	8.171390866	8.277031747	8.375285644	8.430717604	8.580671604	8.964458641	9.485855141	10.10652287	10.781995	11.44263983	12.17217634	12.98888565
20190625	7.814473859	7.812750376	7.801376407	8.008454547	8.172507349	8.287358226	8.393194109	8.4489042	8.637499382	9.04383898	9.656528254	10.27850522	10.94994862	11.59169094	12.2984929	13.08907518
20190624	7.799087491	7.804061291	7.785166515	8.008494592	8.169760128	8.269474959	8.375021129	8.467425479	8.695178718	9.104269451	9.698007625	10.32110758	10.99524185	11.64018017	12.35066484	13.14547954
20190623	7.807297056	7.807657001	7.777629908	8.008516283	8.169771968	8.269481752	8.37472931	8.52303617	8.790292824	9.264763262	9.868461553	10.48843776	11.15885851	11.80910543	12.52655497	13.32937236
20190620	7.844240103	7.844613088	7.814174634	8.042152366	8.205969658	8.3252033	8.445929705	8.652534512	8.960980212	9.463469213	10.05599623	10.68526292	11.36783347	12.01798071	12.73413099	13.53541052
20190619	7.779220342	7.79274268	7.798013595	8.017127614	8.192194642	8.32559048	8.44595189	8.680723068	8.979944228	9.503686074	10.07686634	10.69401275	11.36378487	12.003074	12.70716418	13.49456762
20190618	7.654428374	7.660359214	7.777515915	8.025391889	8.18957937	8.319380328	8.454882231	8.671587934	8.941903728	9.38142481	9.924067343	10.52637737	11.18025048	11.83154005	12.55195986	13.35819488
20190617	7.725201398	7.74996981	7.796007308	8.027445861	8.225078412	8.353885133	8.535156315	8.76434828	9.036180737	9.479497558	10.00528806	10.56894348	11.1789803	11.85202948	12.6037149	13.44597056
20190616	7.708782267	7.733364258	7.78013451	8.027859659	8.225098712	8.348401792	8.499477618	8.72701455	9.017616792	9.481255809	9.985361053	10.60698282	11.2862388	11.95135207	12.68625834	13.50915118
20190613	7.700572701	7.729117319	7.788833852	8.044408231	8.232438734	8.356437459	8.552720059	8.820199941	9.112730899	9.559381824	10.06670527	10.7173945	11.43068152	12.12770439	12.89856358	13.76292626
20190612	7.749830097	7.771911513	7.801456203	8.026474771	8.23277537	8.35648331	8.552655211	8.839022433	9.12202251	9.599592404	10.15412019	10.82393668	11.55684487	12.26338769	13.04404312	13.91969964
20190611	7.7652296	7.773320597	7.801456203	8.026474771	8.23277537	8.35648331	8.552556231	8.857685951	9.150830848	9.640025908	10.19686834	10.86908044	11.6047938	12.31477494	13.0994055	13.97964648
20190610	7.723066912	7.747811072	7.793944023	8.027979793	8.235011715	8.370274023	8.543846034	8.839060921	9.112191044	9.6202236	10.17678079	10.84772184	11.58196604	12.28017527	13.0503965	13.91397447
20190609	7.667734438	7.70441978	7.789529213	8.045849849	8.257789634	8.373911471	8.570140452	8.922635931	9.266083477	9.781450536	10.35708401	11.0513432	11.81224424	12.52283913	13.30566713	14.18372599
20190606	7.696467919	7.729222303	7.801086538	8.045539501	8.259998914	8.395933141	8.614831405	8.98800259	9.323410942	9.778593381	10.34114857	11.0468119	11.8218438	12.51920743	13.28421702	14.14164961
20190605	7.659524872	7.704427981	7.814449847	8.06342791	8.294914342	8.432480827	8.659406313	9.062747026	9.370264256	9.837125881	10.42571569	11.1252567	11.8915514	12.60322142	13.38682525	14.26573775
20190604	7.650325233	7.657130949	7.790626809	8.062605321	8.268479101	8.407444932	8.641369858	9.063101789	9.370641833	9.848074141	10.39274118	11.08809975	11.85236952	12.55637778	13.33070868	14.19890548
20190603	7.68661644	7.719056877	7.791978447	8.061584174	8.250831924	8.391196988	8.632726217	8.988084587	9.30347808	9.788901125	10.33078684	11.02230602	11.78210002	12.48089863	13.24924658	14.11056404
20190602	7.733410964	7.759772711	7.801456203	8.026706698	8.24382008	8.387321799	8.606110969	8.950494826	9.304133618	9.821238822	10.41022941	11.08348837	11.81886427	12.52820261	13.31209724	14.19138682
20190530	7.749830097	7.776174856	7.817666096	8.026434727	8.234979575	8.378499885	8.597189161	8.931784452	9.294870926	9.801353319	10.38890858	11.06093915	11.79488315	12.51770654	13.31845209	14.21727711
20190529	7.725201398	7.760099147	7.825850837	8.044436597	8.297477176	8.446312296	8.650813868	9.024486229	9.418995816	9.962544146	10.55968511	11.20439956	11.90601726	12.66515737	13.51432739	14.46935632
20190528	7.721730394	7.739261419	7.823419516	8.04444327	8.297480559	8.446313994	8.650815574	9.024486229	9.418995816	9.962545717	10.55968511	11.20439956	11.90601726	12.66515737	13.51432739	14.46935632
20190527	7.700572701	7.733272397	7.805261962	8.055015136	8.288504723	8.441618596	8.668744518	9.024436026	9.418754809	9.962347914	10.55943661	11.22897644	11.95983062	12.74538913	13.62444274	14.61426725
20190526	7.794982708	7.807365014	7.815635381	8.063805001	8.305957362	8.459202988	8.686639329	9.043233417	9.398632353	9.94060839	10.55926836	11.24242379	11.98787364	12.76604809	13.63439769	14.61172418
20190523	7.760009958	7.776355298	7.79783772	8.055171978	8.288513182	8.445751905	8.695600387	9.043338841	9.398608254	9.940707292	10.53691645	11.20528043	11.9347597	12.69789369	13.54916466	14.50662368
20190522	7.804834187	7.812565013	7.809974783	8.104660853	8.31174615	8.503186892	8.678659533	8.920865465	9.283601451	9.7378773	10.36554875	11.01418474	11.7176964	12.44326648	13.25052477	14.1569411
20190521	7.784599249	7.791717443	7.824013911	8.104320471	8.311729234	8.503173307	8.678651	8.920860445	9.283598238	9.737875729	10.36554566	11.01418322	11.7176964	12.44326356	13.25052332	14.15693823
20190520	7.782668359	7.799168042	7.819949225	8.063701551	8.307063694	8.466781853	8.687211021	8.949159446	9.322133606	9.798759898	10.44144119	11.11335053	11.84346643	12.57944958	13.39690759	14.31510305
20190519	7.799087491	7.808324634	7.801456203	8.026244513	8.226179669	8.362831012	8.544103722	8.78207971	9.170593399	9.734571167	10.39839976	11.11733487	11.90164333	12.65989325	13.49943621	14.44326356
20190516	7.829134502	7.833593025	7.815793343	8.042691305	8.219210116	8.373233908	8.56193198	8.819361565	9.208497331	9.805119429	10.50754764	11.24077384	12.03973219	12.81369844	13.67128617	14.63603491
20190515	7.803192274	7.816688924	7.821799178	8.042594529	8.229133271	8.390989813	8.579789247	8.856298696	9.285192096	9.927421509	10.68317858	11.44162414	12.26740349	13.08020134	13.9834232	15.0012732
20190514	7.776719708	7.776727665	7.798275781	8.026883563	8.218477637	8.356108017	8.499295018	8.782088077	9.20948385	9.868950229	10.64436644	11.4011522	12.22357415	13.03254806	13.93134536	14.94405896
20190513	7.815506623	7.824726779	7.817666096	8.023946934	8.167951765	8.259734344	8.409361897	8.708717508	9.095619421	9.759563451	10.50623873	11.2594611	12.07927634	12.89311471	13.79825705	14.81848317
20190512	7.893497497	7.885914537	7.829350441	8.040872597	8.18857961	8.308950262	8.436492521	8.727049692	9.094689136	9.76886648	10.49401702	11.26420998	12.10560264	12.91779117	13.81863306	14.83381487
20190509	7.807297056	7.82078987	7.825771042	8.025256737	8.187534178	8.289739039	8.409730511	8.680219372	9.095948797	9.729679458	10.40616991	11.14393339	11.94985844	12.72787666	13.58978497	14.55962194
20190508	7.83036922	7.828438956	7.833835276	8.01539567	8.167975448	8.251510181	8.356194545	8.597231728	8.943476698	9.507367412	10.14777935	10.85698841	11.63073121	12.38414525	13.21872162	14.1568851
20190507	7.790877925	7.80865107	7.825650534	7.999960014	8.164949106	8.28751106	8.392108746	8.662404271	8.990431234	9.566253133	10.21035882	10.91106331	11.67473356	12.44081856	13.29218879	14.24987475
20190506	7.71288705	7.747797948	7.813453217	7.991560587	8.150764714	8.236753216	8.356054609	8.625930673	8.905055406	9.42470134	10.08195691	10.7643	11.50496709	12.23733455	13.04916173	13.96095034
20190505	7.749830097	7.771911513	7.801296612	7.990367581	8.140850018	8.221109816	8.356145055	8.589000234	8.828423302	9.344383791	9.997431487	10.69930104	11.46299495	12.20403556	13.02423455	13.94574501
20190502	7.774458794	7.796513909	7.825609822	7.989269683	8.133381431	8.221884173	8.35602901	8.61694782	8.866545745	9.404704371	10.06161932	10.75491256	11.5084893	12.26205192	13.09884384	14.03961919
20190501	7.757021676	7.767471009	7.809240339	7.955213128	8.098844931	8.1881792	8.329307956	8.579804859	8.867376415	9.426808102	10.08524619	10.79186252	11.56114928	12.32945222	13.18296225	14.14316598
20190430	7.766249228	7.788312017	7.816861626	7.856887777	8.017862791	8.070529345	8.19524363	8.460341943	8.736440675	9.290060104	9.940874875	10.63875479	11.39784758	12.15365524	12.99262247	13.9359403
20190429	7.877078366	7.871536619	7.808908129	7.851715306	7.98825911	8.022685536	8.124036408	8.339933552	8.623728259	9.152439259	9.817004788	10.53290311	11.31184647	12.05272945	12.87110459	13.79051815
20190428	7.823716189	7.828663687	7.809481354	8.005955075	8.134995256	8.242479394	8.39150975	8.709627842	9.019149595	9.605788671	10.29683373	11.06664597	11.90909881	12.70736968	13.59072155	14.58558116
20190425	7.84013532	7.845065832	7.825691246	8.008856665	8.187891113	8.300785535	8.480666392	8.839236629	9.209633276	9.847033315	10.59791071	11.4138637	12.30807144	13.16011596	14.10530296	15.17227258
20190424	7.84730227	7.848282614	7.833915072	8.034131698	8.216028143	8.3505109	8.560960956	8.960051658	9.362312641	10.0282588	10.7677426	11.60641745	12.52906653	13.43236379	14.43888578	15.57780523
20190423	7.8688688	7.865240846	7.82167867	8.01776166	8.216400305	8.339584972	8.489922683	8.828980312	9.267376879	9.9507984	10.66345377	11.48110793	12.38027801	13.27022108	14.26242966	15.38460883
20190422	7.84013532	7.845065832	7.825691246	8.009086923	8.193241768	8.276354184	8.427198688	8.73673705	9.094883548	9.768569775	10.53865756	11.35147411	12.24056705	13.11850575	14.09668702	15.20246213
20190421	7.822238466	7.827187347	7.80794244	7.991573935	8.149930735	8.227404875	8.347315401	8.569588703	8.905002384	9.528245076	10.32768433	11.11674862	11.97484506	12.81957344	13.75932605	14.82013309
20190418	7.937050885	7.925060529	7.806283018	7.972445801	8.111410425	8.163163682	8.266955989	8.458899465	8.753352921	9.389909942	10.18183124	10.96152406	11.80862445	12.62961946	13.54080926	14.56824056
20190417	7.857539599	7.858187219	7.826420806	7.952374942	8.051147479	8.11297642	8.231357497	8.393867488	8.754768434	9.392487665	10.20640275	11.00083713	11.86398893	12.68987767	13.60552876	14.63815582
20190416	7.799087491	7.816851322	7.833512837	7.943576734	8.041388414	8.090343415	8.178050208	8.30171459	8.603199306	9.192552507	9.971412138	10.7381049	11.56991338	12.37227104	13.26171161	14.26379778
20190415	7.788579247	7.802091197	7.806890441	7.936116696	8.040488463	8.081535086	8.16915741	8.283096254	8.603962493	9.132247626	9.927679211	10.66861845	11.46857843	12.2411869	13.09684475	14.05957611
20190414	7.821910083	7.831122614	7.823626334	7.942867606	8.022663662	8.065151289	8.160254375	8.255759462	8.527847751	9.052423014	9.821453245	10.54292515	11.32138835	12.08223597	12.92542763	13.87366575
20190411	7.78985173	7.791504193	7.825368807	7.932766269	7.986474432	8.023643296	8.133207372	8.256648042	8.471008725	9.012769736	9.736531132	10.45086984	11.22378261	11.97759812	12.81257782	13.75127347
20190410	7.774458794	7.796513909	7.825329724	7.923669392	7.969026867	8.004834534	8.106617722	8.201373706	8.395469185	8.954259214	9.675519886	10.37410973	11.12853833	11.87431502	12.70116399	13.63041193
20190409	7.790877925	7.804387726	7.809079119	7.915945725	7.969224789	7.999159301	8.071271801	8.191920625	8.434481746	8.955015889	9.663843059	10.34930166	11.0889986	11.83113231	12.65494881	13.58067472
20190408	7.811401839	7.81636249	7.796762923	7.882748467	7.947879689	7.952003244	8.053225106	8.099650587	8.340654615	8.817179972	9.528089301	10.19458932	10.91139517	11.62010285	12.40477654	13.28512769
20190407	7.827820971	7.832764633	7.812971186	7.882338007	7.950082203	7.967196634	8.053382107	8.099704138	8.321272855	8.83743283	9.507305624	10.19423877	10.93779392	11.65025828	12.43686342	13.31945422
20190404	7.855510194	7.85177826	7.808958612	7.890577254	7.954351899	8.002584479	8.089361158	8.11774682	8.358432878	8.896720438	9.570365135	10.26078344	11.00843014	11.70632946	12.47457846	13.33596196
20190403	7.848344886	7.844739396	7.800974173	7.917110364	7.989079555	8.040179926	8.142980745	8.166396135	8.433504866	8.955141479	9.609428878	10.30119041	11.0517804	11.75304302	12.5251682	13.39103376
20190402	7.864240247	7.86052968	7.817223149	7.929157218	8.071541878	8.143386974	8.231958201	8.338455933	8.621271597	9.180736116	9.903146297	10.60851188	11.37149762	12.09013216	12.88261713	13.77201155
20190401	7.900557724	7.889607029	7.818293061	7.970246667	8.0783558	8.143179799	8.231755123	8.347601107	8.640301487	9.201114563	9.847636199	10.52791248	11.26634622	11.97167198	12.75016864	13.62339154
20190331	7.79395487	7.79448312	7.813293626	7.952710319	8.052274111	8.115318175	8.196458688	8.28303099	8.565123457	9.092131237	9.731926773	10.40572305	11.13657787	11.84250672	12.62245805	13.4973706
20190328	7.843254955	7.84818255	7.828368468	7.915455174	7.973643349	8.037782131	8.124609808	8.247025947	8.509248459	9.074245739	9.71425331	10.39874101	11.14218647	11.85899472	12.65111275	13.54010034
20190327	7.89760228	7.891380278	7.8306174	7.923464162	7.97345896	8.037749867	8.12448523	8.265585714	8.528794103	9.012573504	9.73416644	10.43654313	11.19536399	11.94637878	12.77931406	13.71563161
20190326	7.885287931	7.874771446	7.8022851	7.917967994	8.00892248	8.07298318	8.160158809	8.320906905	8.584762292	9.111519098	9.82894401	10.5543433	11.34094676	12.10411964	12.94936757	13.89999975
20190325	7.844240103	7.84063845	7.797003937	7.933487078	7.990950508	8.05534105	8.142352737	8.284086911	8.527860604	9.072614647	9.755689467	10.4811082	11.26987581	12.02828389	12.86735683	13.81081108
20190324	7.733384694	7.746201861	7.802027799	7.932399191	7.973320246	8.03774647	8.12438625	8.284163888	8.547044739	9.133547476	9.843011773	10.58651114	11.39520667	12.17360394	13.03552995	14.00555975
20190321	7.667734438	7.711220789	7.801055596	7.931464808	7.960067947	8.03787553	8.124476697	8.284137113	8.556644841	9.143470607	9.897492333	10.64026572	11.44526567	12.2317796	13.10419986	14.08645721
20190320	7.708782267	7.747960347	7.825368807	7.93084578	7.952337158	7.990439277	8.06233634	8.191592638	8.491494296	9.076311685	9.804366329	10.52211804	11.29908405	12.0681769	12.9217479	13.88206179
20190319	7.71288705	7.747797948	7.813132407	7.913441247	7.92738379	7.976118738	8.062063293	8.173221965	8.472514214	9.076974168	9.805704573	10.52339629	11.300301	12.06939136	12.92296385	13.88328236
20190318	7.72290272	7.753539274	7.806970237	7.946628493	7.93771463	8.000986516	8.080340371	8.200629039	8.519753138	9.116084272	9.890705409	10.60340945	11.37157452	12.13488154	12.98220574	13.93525103
20190317	7.744710611	7.748624699	7.813132407	7.912481836	7.907542558	7.937618176	8.008779896	8.081219673	8.350220976	8.939015802	9.659948719	10.33305154	11.05761228	11.79608252	12.61688056	13.5391038
20190314	7.758039662	7.780111765	7.809160543	7.929816292	7.93036615	7.998440981	8.062486515	8.200903478	8.501073511	9.075936486	9.825685617	10.52155749	11.271353	12.02653162	12.86560238	13.80905492
20190313	7.610267478	7.670870759	7.809079119	7.914025236	7.938420044	8.002621839	8.08869902	8.247184921	8.547766152	9.1757251	9.910664841	10.63449848	11.41860372	12.17648297	13.01545647	13.95878348
