DATE 	1	7	30	90	180	270	360	720	1080	1440	1800	2160	2520	2880	3240	3600
20200306	7.9	8	8.102531	8.166071	8.247143	8.258393	8.250357	8.113077	7.955275	7.902198	7.890549	7.917971	7.947688	7.979538	8.010974	8.041606
20200305	7.917477876	8.017699115	8.120456954	8.184137529	8.265388892	8.267892679	8.250958178	8.089055649	7.942881527	7.846475317	7.839408256	7.854242645	7.884480196	7.927158767	7.97980469	8.019377806
20200304	7.934955752	8.03539823	8.138382907	8.202204058	8.283634783	8.294397147	8.285779407	8.089911024	7.915279592	7.813543849	7.812232229	7.811979946	7.819942395	7.844935447	7.893855859	7.940940809
20200303	7.865044248	7.96460177	8.066679093	8.129937942	8.210651217	8.256396612	8.283376507	8.089366694	7.87081717	7.834115036	7.796439601	7.750824981	7.772298769	7.808355847	7.848854652	7.880090372
20200302	7.865044248	7.96460177	8.066679093	8.129937942	8.210651217	8.264897186	8.300484722	8.072292026	7.824262724	7.820641548	7.819451355	7.81429833	7.810857923	7.823535023	7.85756379	7.876475947
20200228	7.865044248	7.96460177	8.066679093	8.129937942	8.210651217	8.264897186	8.300484722	7.995926904	7.809154039	7.745098334	7.76252488	7.712538211	7.683630817	7.692940404	7.750625278	7.773601367
20200227	7.865044248	7.96460177	8.066679093	8.129937942	8.210651217	8.264897186	8.300484722	8.042587182	7.789753355	7.752207213	7.810285214	7.747346628	7.714677869	7.722966532	7.775692501	7.788323248
20200226	7.882522124	7.982300885	8.084605046	8.148004471	8.228897108	8.274396865	8.3010859	8.014437566	7.758595473	7.735057103	7.825806019	7.764834802	7.731484604	7.738723689	7.778001561	7.759950975
20200225	7.847566372	7.946902655	8.048753139	8.111871414	8.192405325	8.246896933	8.28277714	7.948229808	7.716514586	7.734809546	7.81630484	7.735583665	7.708251855	7.710109894	7.718970795	7.714179579
20200224	7.865044248	7.96460177	8.066679093	8.129937942	8.210651217	8.247896037	8.266268292	8.012422683	7.733919753	7.732738053	7.802574594	7.757585769	7.756463069	7.767856299	7.772699109	7.795521103
20200221	7.865044248	7.96460177	8.066679093	8.129937942	8.210651217	8.256396612	8.283376507	7.998183712	7.742603526	7.741701213	7.854895873	7.810039407	7.787404274	7.795086583	7.830635243	7.843761642
20200220	7.882522124	7.982300885	8.084605046	8.148004471	8.228897108	8.257395716	8.26686947	7.997276496	7.750343517	7.74959908	7.843686315	7.816574732	7.811045073	7.829988373	7.875254601	7.885726748
20200219	7.882522124	7.982300885	8.084605046	8.148004471	8.228897108	8.257395716	8.26686947	8.02542784	7.782116411	7.805789725	7.870508339	7.832719456	7.841851284	7.863210836	7.87636271	7.900941572
20200218	7.9	8	8.102531	8.166071	8.247143	8.266895395	8.267468837	8.032210359	7.808388545	7.785860589	7.907226635	7.855052757	7.848805002	7.858279045	7.860778804	7.865439334
20200217	7.9	8	8.102531	8.166071	8.247143	8.266895395	8.267468837	8.058834124	7.816102366	7.786124117	7.88828117	7.877339411	7.872082238	7.862147414	7.84213412	7.874347731
20200214	7.9	8	8.102531	8.166071	8.247143	8.266895395	8.267468837	7.975802262	7.765125069	7.755680996	7.840426014	7.843219824	7.841949462	7.832444408	7.81217774	7.845172581
20200213	7.882522124	7.982300885	8.084605046	8.148004471	8.228897108	8.248895141	8.249757633	8.00692409	7.755014991	7.711896949	7.808175422	7.81123514	7.810572595	7.805493254	7.796382694	7.825688043
20200212	7.9	8	8.102531	8.166071	8.247143	8.258393	8.250357	7.989094272	7.837622879	7.781016458	7.836015204	7.837034356	7.856295627	7.87375252	7.88536984	7.920231293
20200211	7.882522124	7.982300885	8.084605046	8.148004471	8.228897108	8.240390926	8.232645796	7.973502253	7.830115152	7.753085641	7.85411043	7.869785615	7.880464129	7.889304881	7.899758786	7.929657724
20200210	7.882522124	7.982300885	8.084605046	8.148004471	8.228897108	8.248895141	8.249757633	7.994247259	7.848786328	7.741805028	7.881766889	7.922985614	7.943087471	7.957861481	7.987606376	8.016338974
20200207	7.882522124	7.982300885	8.084605046	8.148004471	8.228897108	8.248895141	8.249757633	8.028989311	7.877296059	7.759416711	7.887351913	7.987353041	8.022029729	8.042278394	8.091299926	8.141818096
20200206	7.882522124	7.982300885	8.084605046	8.148004471	8.228897108	8.257395716	8.26686947	7.979246226	7.898996496	7.794330232	7.859423631	7.988948388	8.029736651	8.052709337	8.137570966	8.189161301
20200205	7.865044248	7.96460177	8.066679093	8.129937942	8.210651217	8.222388853	8.214932782	7.957075596	7.886619379	7.788847244	7.861320074	7.991075517	8.037699754	8.074510251	8.17776238	8.219740011
20200204	7.9	8	8.102531	8.166071	8.247143	8.249890605	8.233245163	8.053230122	7.924956217	7.833290911	7.93401073	8.016031967	8.050772682	8.09390064	8.216926548	8.26559258
20200203	7.9	8	8.102531	8.166071	8.247143	8.241388211	8.216129705	8.09227497	7.973633762	7.847700325	7.941147677	8.053183647	8.088840949	8.125468047	8.259286262	8.301573003
20200131	7.9	8	8.102531	8.166071	8.247143	8.241388211	8.216129705	8.128370069	7.950786721	7.875933002	7.92672997	8.011065556	8.040209413	8.077485102	8.216658505	8.270997244
20200130	7.934955752	8.03539823	8.138382907	8.202204058	8.283634783	8.285894752	8.268669381	8.162109864	7.939852266	7.875755719	7.928033775	7.983988196	8.038440687	8.110402647	8.255103899	8.287339638
20200129	7.9	8	8.102531	8.166071	8.247143	8.258393	8.250357	8.138812557	7.915405539	7.835843144	7.896555983	7.940893616	7.975924726	8.032487628	8.182507782	8.227426383
20200128	7.917477876	8.017699115	8.120456954	8.184137529	8.265388892	8.259390284	8.23384453	8.121870947	7.889856371	7.819724788	7.865308925	7.905438353	7.944549393	7.992302101	8.109225836	8.154889945
20200127	7.882522124	7.982300885	8.084605046	8.148004471	8.228897108	8.231888532	8.215530338	8.156070397	7.933628541	7.791060883	7.914545324	7.920253621	7.943250077	7.986331159	8.087301749	8.111992084
20200124	7.865044248	7.96460177	8.066679093	8.129937942	8.210651217	8.19687439	8.163580976	8.093892406	7.883102688	7.774036948	7.922078944	7.925792243	7.936715147	7.973614086	8.089086703	8.122149074
20200123	7.847566372	7.946902655	8.048753139	8.111871414	8.192405325	8.187376531	8.162983419	8.08684377	7.840922025	7.734993218	7.869144481	7.838413569	7.849475369	7.893021549	7.999689257	8.033456203
20200122	7.830088496	7.92920354	8.030827186	8.093804885	8.174159434	8.169372637	8.145266784	8.128496216	7.891842074	7.753505689	7.869542734	7.836452816	7.855579239	7.907260181	8.016905378	8.061937691
20200121	7.812610619	7.911504425	8.012901232	8.075738356	8.155913542	8.151366924	8.127548337	8.140203622	7.928387853	7.75227589	7.884233845	7.820264554	7.822611592	7.871480043	7.979337487	8.04959345
20200120	7.812610619	7.911504425	8.012901232	8.075738356	8.155913542	8.151366924	8.127548337	8.138945616	7.889187381	7.751619464	7.883203444	7.832767658	7.823258949	7.857036615	7.971496867	8.024332327
20200117	7.830088496	7.92920354	8.030827186	8.093804885	8.174159434	8.160864783	8.128145893	8.153457615	7.932189151	7.777660863	7.898515641	7.858828101	7.861288865	7.900063497	7.999121726	8.037190174
20200116	7.847566372	7.946902655	8.048753139	8.111871414	8.192405325	8.178870496	8.145862529	8.107310562	7.933329213	7.778231042	7.890609054	7.878611335	7.871267672	7.882017177	7.968660706	8.006735437
20200115	7.830088496	7.92920354	8.030827186	8.093804885	8.174159434	8.169372637	8.145266784	8.054588354	7.880937061	7.723214296	7.827757775	7.815237501	7.816624308	7.836381042	7.921603508	7.948810189
20200114	7.830088496	7.92920354	8.030827186	8.093804885	8.174159434	8.177878672	8.162385863	8.054683395	7.841471611	7.692683332	7.851477535	7.824535917	7.839143737	7.880427353	7.95503995	7.989101651
20200113	7.865044248	7.96460177	8.066679093	8.129937942	8.210651217	8.19687439	8.163580976	8.052369563	7.848392131	7.692093987	7.882067159	7.867981909	7.878805852	7.912401319	7.995665623	8.018881911
20200110	7.865044248	7.96460177	8.066679093	8.129937942	8.210651217	8.19687439	8.163580976	8.051358665	7.860780697	7.706115295	7.929606242	7.904452534	7.916917071	7.955541976	8.025803194	8.04925695
20200109	7.865044248	7.96460177	8.066679093	8.129937942	8.210651217	8.205380424	8.180700055	8.071552429	7.918405358	7.796821774	8.022043611	7.978057735	8.007419712	8.057440883	8.103519074	8.137253206
20200108	7.865044248	7.96460177	8.066679093	8.129937942	8.210651217	8.213884638	8.197817324	8.100633453	7.981429366	7.902943865	8.079809262	8.065287136	8.107129548	8.15972966	8.178961834	8.203557012
20200107	7.9	8	8.102531	8.166071	8.247143	8.232882176	8.199014247	8.103520992	7.911527365	7.811489925	8.033314803	8.006193995	8.022578909	8.071326052	8.115166199	8.131243432
20200106	7.9	8	8.102531	8.166071	8.247143	8.232882176	8.199014247	8.069824398	7.892939609	7.783367451	8.017278798	7.970483725	7.99716785	8.059259775	8.130070266	8.15796715
20200103	7.9	8	8.102531	8.166071	8.247143	8.232882176	8.199014247	8.062148487	7.897400082	7.811697553	8.027581224	8.001426613	8.021456005	8.078011504	8.169086186	8.174427614
20200102	7.9	8	8.102531	8.166071	8.247143	8.215871928	8.164776088	8.036746439	7.85262361	7.781890094	7.965412664	7.917765751	7.942484601	8.000903533	8.092277757	8.088373613
20200101	7.882522124	7.982300885	8.084605046	8.148004471	8.228897108	8.206374069	8.164178532	7.984978103	7.81669775	7.707003306	7.892382228	7.824652536	7.827822662	7.858089419	7.929727145	7.942044766
20191231	7.9	8	8.102531	8.166071	8.247143	8.215871928	8.164776088	7.930635002	7.818467545	7.692314392	7.866389898	7.788223893	7.753026862	7.748446189	7.824724829	7.851968998
20191230	7.882522124	7.982300885	8.084605046	8.148004471	8.228897108	8.214878283	8.181297611	7.956863048	7.826608275	7.693322189	7.850353892	7.770883437	7.72898415	7.71518125	7.79269299	7.823894852
20191227	7.882522124	7.982300885	8.084605046	8.148004471	8.228897108	8.214878283	8.181297611	8.099575898	7.936281598	7.786092175	7.921927228	7.872414983	7.87237677	7.884184981	7.961107596	8.010518112
20191226	7.9	8	8.102531	8.166071	8.247143	8.224377962	8.181895168	8.091310729	7.898338956	7.765498627	7.809261135	7.800950905	7.803399512	7.807433506	7.884173382	7.924080382
20191225	7.9	8	8.102531	8.166071	8.247143	8.224377962	8.181895168	8.076520516	7.870568548	7.75022516	7.761631971	7.762715447	7.778793814	7.78909592	7.840477947	7.880418016
20191224	7.917477876	8.017699115	8.120456954	8.184137529	8.265388892	8.233875821	8.182494535	8.010236724	7.789653579	7.715270113	7.683447951	7.683109814	7.700775037	7.710742486	7.752453658	7.804757146
20191223	7.9	8	8.102531	8.166071	8.247143	8.224377962	8.181895168	7.9536852	7.717937619	7.634293423	7.635850395	7.625817268	7.638708544	7.650307944	7.708668376	7.788073824
20191220	7.9	8	8.102531	8.166071	8.247143	8.215871928	8.164776088	7.94824536	7.631464643	7.538396233	7.524984342	7.514758733	7.529644248	7.543020627	7.602182092	7.675238546
20191219	7.917477876	8.017699115	8.120456954	8.184137529	8.265388892	8.233875821	8.182494535	7.939067791	7.539953803	7.559344346	7.568653101	7.596292466	7.565790386	7.555724047	7.598422008	7.64446502
20191218	7.934955752	8.03539823	8.138382907	8.202204058	8.283634783	8.2433755	8.183092091	7.945155642	7.60185247	7.590014261	7.651821605	7.665579657	7.637041063	7.616867032	7.656260808	7.690544874
20191217	7.9	8	8.102531	8.166071	8.247143	8.215871928	8.164776088	7.939273426	7.639603738	7.58819352	7.675855858	7.665969942	7.642557403	7.631589589	7.670961222	7.70413328
20191216	7.9	8	8.102531	8.166071	8.247143	8.224377962	8.181895168	7.941385079	7.680457872	7.574790305	7.719938674	7.718073722	7.731553635	7.755984199	7.792981997	7.833328662
20191213	7.9	8	8.102531	8.166071	8.247143	8.224377962	8.181895168	7.892106835	7.607098064	7.482001154	7.65004211	7.624878097	7.63812715	7.662996194	7.687513975	7.716847966
20191212	7.9	8	8.102531	8.166071	8.247143	8.215871928	8.164776088	7.888495252	7.570728937	7.450008805	7.571511989	7.549615352	7.552376906	7.570525489	7.610865773	7.643154441
20191211	7.882522124	7.982300885	8.084605046	8.148004471	8.228897108	8.223384317	8.19841488	7.865331004	7.535195638	7.475315518	7.538929519	7.50118429	7.504078253	7.523390551	7.565243127	7.600194592
20191210	7.865044248	7.96460177	8.066679093	8.129937942	8.210651217	8.205380424	8.180700055	7.852756126	7.494982686	7.427870821	7.489141571	7.419072127	7.402927971	7.415149036	7.470369526	7.469235536
20191209	7.865044248	7.96460177	8.066679093	8.129937942	8.210651217	8.188368355	8.146460085	7.849377827	7.435318345	7.397761503	7.419968816	7.372905027	7.340527062	7.351140425	7.393895028	7.380093998
20191206	7.865044248	7.96460177	8.066679093	8.129937942	8.210651217	8.179860501	8.129339195	7.880268099	7.484861159	7.472405525	7.525437908	7.493190451	7.471917501	7.487854652	7.501854797	7.512804922
20191205	7.882522124	7.982300885	8.084605046	8.148004471	8.228897108	8.206374069	8.164178532	7.973165287	7.639103223	7.615506243	7.708664321	7.596336004	7.561972208	7.574202715	7.548783215	7.582225781
20191204	7.882522124	7.982300885	8.084605046	8.148004471	8.228897108	8.206374069	8.164178532	7.952256119	7.651035437	7.646498781	7.621167186	7.598223675	7.551074522	7.497288921	7.473392867	7.548208276
20191203	7.882522124	7.982300885	8.084605046	8.148004471	8.228897108	8.18935836	8.12993494	7.920956304	7.540475581	7.546548045	7.508850354	7.515150573	7.514759641	7.49770003	7.421431537	7.545150257
20191202	7.882522124	7.982300885	8.084605046	8.148004471	8.228897108	8.18935836	8.12993494	7.955064168	7.603102122	7.547642088	7.515603271	7.547166355	7.561131564	7.549284351	7.561755578	7.612280555
20191129	7.865044248	7.96460177	8.066679093	8.129937942	8.210651217	8.188368355	8.146460085	7.991154084	7.662656874	7.592526566	7.522307197	7.544931936	7.583296635	7.611559023	7.65112607	7.701500314
20191128	7.9	8	8.102531	8.166071	8.247143	8.215871928	8.164776088	8.059463128	7.720803313	7.554913874	7.576945298	7.632557842	7.69580174	7.749703788	7.759240077	7.81887244
20191127	7.882522124	7.982300885	8.084605046	8.148004471	8.228897108	8.197866214	8.147057641	8.027917932	7.7027357	7.518217943	7.473021806	7.529364087	7.601362801	7.657732178	7.668601249	7.717535725
20191126	7.812610619	7.911504425	8.012901232	8.075738356	8.155913542	8.151366924	8.127548337	7.987421538	7.605740458	7.424652581	7.408365746	7.46729172	7.54625923	7.613032037	7.625422433	7.701954884
20191125	7.812610619	7.911504425	8.012901232	8.075738356	8.155913542	8.151366924	8.127548337	7.937346672	7.556125674	7.394579996	7.406774314	7.458072606	7.51234816	7.552430624	7.633017472	7.689824645
20191122	7.812610619	7.911504425	8.012901232	8.075738356	8.155913542	8.14285907	8.110425636	7.947422818	7.524668465	7.381085745	7.404972694	7.443047423	7.490862661	7.520869285	7.588484966	7.656872724
20191121	7.830088496	7.92920354	8.030827186	8.093804885	8.174159434	8.177878672	8.162385863	7.950654235	7.574091875	7.43257121	7.497640796	7.504751274	7.547705812	7.596566439	7.692013797	7.788227315
20191120	7.847566372	7.946902655	8.048753139	8.111871414	8.192405325	8.195882565	8.180102499	7.984839861	7.596099818	7.50721683	7.539337254	7.54188585	7.577405994	7.625817376	7.73453823	7.816229143
20191119	7.830088496	7.92920354	8.030827186	8.093804885	8.174159434	8.1948871	8.196620401	7.984938359	7.708162854	7.605049755	7.650437202	7.64316239	7.663774448	7.701015435	7.8347622	7.877625656
20191118	7.830088496	7.92920354	8.030827186	8.093804885	8.174159434	8.203391315	8.213734048	7.985650307	7.705799311	7.58978587	7.713710439	7.721175786	7.74951242	7.82288271	7.968015308	7.995651596
20191115	7.830088496	7.92920354	8.030827186	8.093804885	8.174159434	8.203391315	8.213734048	8.018844044	7.692174178	7.650242481	7.772191998	7.816751992	7.882203709	7.992737482	8.147785036	8.212570198
20191114	7.865044248	7.96460177	8.066679093	8.129937942	8.210651217	8.222388853	8.214932782	7.949838604	7.60744319	7.541422817	7.679530217	7.676641351	7.746579372	7.869838641	8.029103562	8.123341583
20191113	7.917477876	8.017699115	8.120456954	8.184137529	8.265388892	8.25088607	8.216729072	7.932306008	7.574301241	7.492037593	7.591473631	7.580761935	7.662987495	7.808056996	7.983620179	8.080042283
20191112	7.882522124	7.982300885	8.084605046	8.148004471	8.228897108	8.231888532	8.215530338	7.932090004	7.638857872	7.587160169	7.672227331	7.67578148	7.799286802	7.991338801	8.149734709	8.294648184
20191111	7.882522124	7.982300885	8.084605046	8.148004471	8.228897108	8.223384317	8.19841488	7.931048001	7.573172629	7.536382237	7.623275398	7.619190203	7.729113008	7.912431659	8.045162159	8.17742217
20191108	7.9	8	8.102531	8.166071	8.247143	8.241388211	8.216129705	7.931105026	7.604588946	7.552888699	7.607364242	7.59487438	7.695387555	7.850329926	8.039112482	8.137651693
20191107	7.9	8	8.102531	8.166071	8.247143	8.25839482	8.250357	7.931203524	7.571582757	7.597838659	7.608736002	7.610681686	7.795813778	8.049532723	8.221490759	8.327090928
20191106	7.9	8	8.102531	8.166071	8.247143	8.207364073	8.147655198	7.96171363	7.619473545	7.598418422	7.647404474	7.656150628	7.837990153	8.138412672	8.283131571	8.397798753
20191105	7.882522124	7.982300885	8.084605046	8.148004471	8.228897108	8.197866214	8.147057641	7.926491185	7.650458045	7.629811842	7.734285265	7.760008333	7.963534438	8.290293939	8.458662033	8.57241132
20191104	7.882522124	7.982300885	8.084605046	8.148004471	8.228897108	8.206374069	8.164178532	7.908002987	7.680958387	7.644842545	7.764554074	7.813581513	8.03872448	8.394104275	8.560895574	8.672917116
20191101	7.882522124	7.982300885	8.084605046	8.148004471	8.228897108	8.197866214	8.147057641	7.958373347	7.71139821	7.691852818	7.834449058	7.891164196	8.130488087	8.513680869	8.651541889	8.771914565
20191031	7.9	8	8.102531	8.166071	8.247143	8.215871928	8.164776088	7.991264678	7.7613205	7.739059541	7.866438889	7.906194043	8.14874754	8.541859283	8.693753356	8.815281756
20191030	7.917477876	8.017699115	8.120456954	8.184137529	8.265388892	8.225369787	8.165373644	7.974815556	7.759688101	7.770748433	7.836944461	7.881131859	8.130926817	8.496920971	8.648629359	8.757800747
20191029	7.934955752	8.03539823	8.138382907	8.202204058	8.283634783	8.234867646	8.1659712	7.974789636	7.726894549	7.723070553	7.795944945	7.841168886	8.072870255	8.420248381	8.585886428	8.764800835
20191028	7.934955752	8.03539823	8.138382907	8.202204058	8.283634783	8.2433755	8.183092091	7.972258071	7.769884869	7.802595442	7.859322487	7.901760969	8.130184351	8.477597331	8.629483032	8.780349206
20191025	7.882522124	7.982300885	8.084605046	8.148004471	8.228897108	8.197866214	8.147057641	7.936591523	7.76952175	7.801863951	7.859714419	7.909418945	8.155379113	8.522512887	8.673760973	8.823768052
20191024	7.882522124	7.982300885	8.084605046	8.148004471	8.228897108	8.197866214	8.147057641	7.921127379	7.718835602	7.724385001	7.808750676	7.893002111	8.145469337	8.522549295	8.674030513	8.811074028
20191023	7.882522124	7.982300885	8.084605046	8.148004471	8.228897108	8.197866214	8.147057641	7.941414456	7.701302853	7.738101256	7.824851476	7.908717677	8.160004186	8.536181124	8.714196471	8.866429773
20191022	7.847566372	7.946902655	8.048753139	8.111871414	8.192405325	8.161854788	8.111618937	7.938416323	7.699511794	7.781784683	7.8878924	7.964085233	8.199963901	8.56459619	8.755383686	8.908814029
20191021	7.865044248	7.96460177	8.066679093	8.129937942	8.210651217	8.188368355	8.146460085	7.970512761	7.761701611	7.873297718	8.026473385	8.12118181	8.311895283	8.624243405	8.783911504	8.946910861
20191018	7.865044248	7.96460177	8.066679093	8.129937942	8.210651217	8.213884638	8.197817324	8.037378899	7.861609982	7.918448919	8.111797513	8.220488267	8.419408683	8.698966641	8.910375197	9.025452644
20191017	7.865044248	7.96460177	8.066679093	8.129937942	8.210651217	8.213884638	8.197817324	8.005206428	7.781105566	7.914764312	8.066148551	8.144950302	8.324584705	8.63536307	8.838548767	8.941430927
20191016	7.882522124	7.982300885	8.084605046	8.148004471	8.228897108	8.231888532	8.215530338	7.971461449	7.759517991	7.928140375	8.091954398	8.1950047	8.403408844	8.655700072	8.839632917	8.928428444
20191015	7.830088496	7.92920354	8.030827186	8.093804885	8.174159434	8.21189371	8.230847696	7.968153999	7.792547079	8.018065851	8.142500923	8.232291657	8.461710848	8.743780557	8.92756137	9.014646268
20191014	7.830088496	7.92920354	8.030827186	8.093804885	8.174159434	8.203391315	8.213734048	8.053831476	7.807073466	8.046178743	8.179557418	8.27657886	8.504686449	8.785754636	8.982971314	9.059372742
20191011	7.812610619	7.911504425	8.012901232	8.075738356	8.155913542	8.185389241	8.196021034	8.021404985	7.831950374	8.050040632	8.177118908	8.270492907	8.486675507	8.797735961	8.98484312	9.046947327
20191010	7.795132743	7.89380531	7.994975279	8.057671827	8.13766765	8.184393777	8.212537125	7.998705577	7.848122246	8.079455193	8.201856426	8.272192434	8.474016765	8.794984109	8.982911416	9.071742073
20191009	7.795132743	7.89380531	7.994975279	8.057671827	8.13766765	8.175889562	8.195423478	7.981122867	7.848282541	8.079733096	8.163802718	8.210670509	8.403692637	8.74741379	8.912525528	8.998808624
20191008	7.830088496	7.92920354	8.030827186	8.093804885	8.174159434	8.1948871	8.196620401	7.946895769	7.815245275	8.048684658	8.146990752	8.174849839	8.3495555	8.713212858	8.89657325	8.957770369
20191007	7.830088496	7.92920354	8.030827186	8.093804885	8.174159434	8.1948871	8.196620401	7.96318764	7.803453728	8.06658223	8.148397281	8.164267061	8.353232548	8.738040201	8.936929383	9.000854191
20191004	7.830088496	7.92920354	8.030827186	8.093804885	8.174159434	8.1948871	8.196620401	7.992591806	7.85458805	8.098189668	8.183623708	8.239190833	8.436862775	8.799459281	9.008360488	9.060364532
20191003	7.847566372	7.946902655	8.048753139	8.111871414	8.192405325	8.212890994	8.214333415	8.001964643	7.940993964	8.156878243	8.274694057	8.367725103	8.577713522	8.909081273	9.083833196	9.155827253
20191002	7.847566372	7.946902655	8.048753139	8.111871414	8.192405325	8.195882565	8.180102499	8.07719272	8.027869315	8.238067353	8.338296011	8.487606248	8.698618926	8.988825803	9.130376771	9.209587575
20191001	7.760176991	7.85840708	7.959123372	8.02153877	8.101175867	8.156892025	8.194226555	8.125403041	8.071327436	8.254616937	8.364342075	8.480158186	8.684398551	8.98472078	9.143143984	9.199009959
20190930	7.760176991	7.85840708	7.959123372	8.02153877	8.101175867	8.14838781	8.177111097	8.110448666	8.020286348	8.165723214	8.263070442	8.399067605	8.600033528	8.894005253	9.027988993	9.083228829
20190927	7.760176991	7.85840708	7.959123372	8.02153877	8.101175867	8.139883596	8.159995638	8.076974988	8.037460885	8.131453341	8.248892951	8.367616258	8.56756904	8.862665396	8.997932284	9.053942988
20190926	7.760176991	7.85840708	7.959123372	8.02153877	8.101175867	8.156892025	8.194226555	8.06405796	8.017044449	8.087892894	8.197341311	8.329491199	8.516904927	8.80101118	8.964167902	9.011297501
20190925	7.760176991	7.85840708	7.959123372	8.02153877	8.101175867	8.139883596	8.159995638	8.031259943	8.060828069	8.066874507	8.192962109	8.297889025	8.479672701	8.754869882	8.918892663	8.967772392
20190924	7.777654867	7.876106195	7.977049325	8.039605299	8.119421759	8.14087724	8.143474115	7.949060991	7.890358521	7.970605183	8.106915753	8.245822563	8.420154218	8.696193551	8.847690667	8.895036711
20190923	7.777654867	7.876106195	7.977049325	8.039605299	8.119421759	8.14087724	8.143474115	7.935606546	7.870241414	7.962221786	8.110422592	8.248685168	8.402054303	8.677186965	8.844089312	8.881892544
20190920	7.777654867	7.876106195	7.977049325	8.039605299	8.119421759	8.14087724	8.143474115	7.918486948	7.853127396	7.992800664	8.154265191	8.239994726	8.403531565	8.690827896	8.844498115	8.905916881
20190919	7.865044248	7.96460177	8.066679093	8.129937942	8.210651217	8.188368355	8.146460085	7.905829125	7.832387098	7.972157605	8.169021097	8.244514876	8.403031474	8.730004613	8.900905357	8.963634031
20190918	7.847566372	7.946902655	8.048753139	8.111871414	8.192405325	8.221393388	8.231447063	7.970953408	7.950742558	8.08531351	8.301408616	8.420816257	8.582861696	8.896672152	9.04707093	9.145870982
20190917	7.690265487	7.787610619	7.887419558	7.949272655	8.028192301	8.093386125	8.140488145	7.95718619	7.962085931	8.110685706	8.308913789	8.429533133	8.612761301	8.938650782	9.079969789	9.125232308
20190916	7.567920354	7.663716814	7.761937883	7.822806954	7.90047106	7.882222094	7.845130603	7.687440638	7.684309876	7.925553006	8.148947249	8.277424736	8.439806562	8.785181207	8.970791099	9.012007399
20190913	7.550442478	7.646017699	7.744011929	7.804740425	7.882225168	7.881244828	7.861681099	7.746523727	7.74319891	8.028939193	8.227561129	8.323675802	8.486631021	8.841272557	9.041415082	9.072118422
20190912	7.532964602	7.628318584	7.726085976	7.786673896	7.863979277	7.863233655	7.843951788	7.653206627	7.663613741	7.937228113	8.126588187	8.225185677	8.412634446	8.781077702	8.96996451	9.011086451
20190911	7.58539823	7.681415929	7.779863836	7.840873482	7.918716951	7.866159993	7.794284003	7.642003806	7.599606695	7.822722623	8.045491547	8.146733794	8.33455124	8.704195765	8.907212594	8.964652386
20190910	7.602876106	7.699115044	7.79778979	7.858940011	7.936962843	7.875654212	7.794872505	7.679908153	7.601345412	7.816473007	8.047928476	8.155214322	8.333764287	8.714018388	8.920408077	8.967413754
20190909	7.602876106	7.699115044	7.79778979	7.858940011	7.936962843	7.892693579	7.829166799	7.687231546	7.617029853	7.867945695	8.074178407	8.17003581	8.354004161	8.756526454	8.939545419	8.992519909
20190906	7.637831858	7.734513274	7.833641697	7.895073069	7.973454626	7.886120238	7.778899647	7.714674398	7.643576781	7.877827212	8.066750672	8.215038276	8.396370755	8.787279229	8.968088212	9.020698842
20190905	7.602876106	7.699115044	7.79778979	7.858940011	7.936962843	7.875654212	7.794872505	7.69006206	7.585983198	7.8331855	8.013191963	8.146592296	8.316900793	8.708984958	8.905394696	8.961374462
20190904	7.672787611	7.769911504	7.869493604	7.931206126	8.009946409	7.96474191	7.900096719	7.732270932	7.661045738	7.899725624	8.032837532	8.207103524	8.381004466	8.780463314	9.002566875	9.051230324
20190903	7.672787611	7.769911504	7.869493604	7.931206126	8.009946409	7.96474191	7.900096719	7.716044726	7.65044496	7.875679056	8.038844514	8.256581047	8.450799357	8.789019236	8.988445972	9.035262804
20190902	7.672787611	7.769911504	7.869493604	7.931206126	8.009946409	7.981772177	7.934372905	7.710862363	7.699488895	7.935891305	8.12869798	8.335185313	8.523435254	8.849798139	9.047106869	9.080855618
20190830	7.707743363	7.805309735	7.905345511	7.967339184	8.046438192	8.009279389	7.95269434	7.744363689	7.749223083	7.986575005	8.175277778	8.38074444	8.554675593	8.839176053	9.030919492	9.066151448
20190829	7.777654867	7.876106195	7.977049325	8.039605299	8.119421759	8.115355497	8.092109633	7.85521857	7.816540725	8.074012134	8.279548951	8.477847577	8.660096589	8.944850791	9.107742895	9.171669325
20190828	7.830088496	7.92920354	8.030827186	8.093804885	8.174159434	8.126829726	8.059642413	7.826714707	7.753408763	8.035790932	8.247170349	8.446696329	8.632080763	8.927036573	9.10558957	9.148731233
20190827	7.830088496	7.92920354	8.030827186	8.093804885	8.174159434	8.169372637	8.145266784	8.121511517	7.990044441	8.228962047	8.42508198	8.60276044	8.775300038	9.121703518	9.28440243	9.319304323
20190826	7.847566372	7.946902655	8.048753139	8.111871414	8.192405325	8.187376531	8.162983419	8.020153891	7.918902602	8.157900414	8.365062723	8.556041343	8.726056427	9.06443497	9.201454479	9.252780612
20190823	7.847566372	7.946902655	8.048753139	8.111871414	8.192405325	8.195882565	8.180102499	8.068198321	7.973131612	8.157413285	8.354292507	8.518970519	8.673638927	9.001705196	9.164469093	9.212740049
20190822	7.882522124	7.982300885	8.084605046	8.148004471	8.228897108	8.197866214	8.147057641	8.160497611	8.06167371	8.261473467	8.437642754	8.582851257	8.744796029	9.072854361	9.234944828	9.293970882
20190821	7.882522124	7.982300885	8.084605046	8.148004471	8.228897108	8.223384317	8.19841488	8.311128297	8.18141949	8.360346131	8.526206638	8.654662081	8.800028457	9.115457998	9.300937214	9.34427765
20190820	7.865044248	7.96460177	8.066679093	8.129937942	8.210651217	8.19687439	8.163580976	8.310832804	8.18081102	8.353480018	8.478125489	8.610608116	8.767660613	9.085988612	9.248474241	9.295842295
20190819	7.865044248	7.96460177	8.066679093	8.129937942	8.210651217	8.19687439	8.163580976	8.299109845	8.164927027	8.345705132	8.500427657	8.60285218	8.734987498	9.052747945	9.228877183	9.281110084
20190816	7.847566372	7.946902655	8.048753139	8.111871414	8.192405325	8.187376531	8.162983419	8.296958447	8.170172621	8.32952289	8.523855049	8.661631228	8.825218617	9.132274026	9.29144641	9.337689332
20190815	7.847566372	7.946902655	8.048753139	8.111871414	8.192405325	8.187376531	8.162983419	8.307578922	8.168088778	8.309350989	8.482147528	8.604335573	8.7897137	9.099330692	9.260215704	9.30626642
20190814	7.865044248	7.96460177	8.066679093	8.129937942	8.210651217	8.19687439	8.163580976	8.306882526	8.157175586	8.317283992	8.501059805	8.635169617	8.817441131	9.115961645	9.273677732	9.330534277
20190813	7.9	8	8.102531	8.166071	8.247143	8.224377962	8.181895168	8.317238613	8.246429202	8.413348881	8.567724515	8.711373087	8.897592197	9.216140265	9.365203047	9.416839177
20190812	7.9	8	8.102531	8.166071	8.247143	8.232882176	8.199014247	8.379636064	8.308942881	8.492490455	8.638163145	8.796357186	8.960399622	9.287119526	9.438464029	9.479184679
20190809	7.882522124	7.982300885	8.084605046	8.148004471	8.228897108	8.223384317	8.19841488	8.37729631	8.298010061	8.491701467	8.615078694	8.758714151	8.905848299	9.223755642	9.376890602	9.421495572
20190808	7.882522124	7.982300885	8.084605046	8.148004471	8.228897108	8.223384317	8.19841488	8.375925982	8.335195387	8.458733265	8.585039038	8.748815537	8.913271427	9.201451082	9.336688705	9.376780905
20190807	7.882522124	7.982300885	8.084605046	8.148004471	8.228897108	8.231888532	8.215530338	8.353058956	8.351409786	8.473142679	8.61595896	8.783042414	8.953984346	9.221026546	9.349737438	9.412311185
20190806	7.865044248	7.96460177	8.066679093	8.129937942	8.210651217	8.213884638	8.197817324	8.264875834	8.239402362	8.328173306	8.472237033	8.622445715	8.72653811	9.015162569	9.178967352	9.23090958
20190805	7.830088496	7.92920354	8.030827186	8.093804885	8.174159434	8.1948871	8.196620401	8.204539923	8.133031458	8.231138951	8.368291417	8.500571163	8.617243711	8.908884062	9.07473023	9.138940261
20190802	7.830088496	7.92920354	8.030827186	8.093804885	8.174159434	8.1948871	8.196620401	8.197138769	8.11013044	8.267475526	8.401370122	8.493413871	8.643602795	8.936925944	9.101953774	9.178298967
20190801	7.830088496	7.92920354	8.030827186	8.093804885	8.174159434	8.1948871	8.196620401	8.145843913	8.054105464	8.197557446	8.358834488	8.421909365	8.60046152	8.916825596	9.088286597	9.144122067
20190731	7.882522124	7.982300885	8.084605046	8.148004471	8.228897108	8.214878283	8.181297611	8.175947932	8.108960936	8.30471768	8.441513078	8.517627069	8.709297247	9.034851808	9.195966344	9.23457566
20190730	7.934955752	8.03539823	8.138382907	8.202204058	8.283634783	8.294397147	8.285779407	8.266662618	8.139706628	8.368242401	8.541324449	8.63568274	8.856632301	9.149698373	9.288198453	9.329589715
20190729	7.865044248	7.96460177	8.066679093	8.129937942	8.210651217	8.264897186	8.300484722	8.333558132	8.220570892	8.456787946	8.598442149	8.733064208	8.926841377	9.268821382	9.419729499	9.449829472
20190726	7.865044248	7.96460177	8.066679093	8.129937942	8.210651217	8.264897186	8.300484722	8.335185937	8.194756745	8.432003499	8.531853297	8.670212826	8.874436149	9.207645023	9.369120362	9.405439498
20190725	7.830088496	7.92920354	8.030827186	8.093804885	8.174159434	8.203391315	8.213734048	8.294684359	8.139330424	8.361526419	8.455233842	8.607411203	8.810873986	9.134845353	9.294877056	9.342559728
20190724	7.830088496	7.92920354	8.030827186	8.093804885	8.174159434	8.177878672	8.162385863	8.307756909	8.133621935	8.344877812	8.435662551	8.569796157	8.749135774	9.084201577	9.249264892	9.308294276
20190723	7.847566372	7.946902655	8.048753139	8.111871414	8.192405325	8.195882565	8.180102499	8.267516265	8.130579589	8.341146889	8.41801457	8.558501225	8.757858218	9.062616078	9.219432799	9.276918591
20190722	7.865044248	7.96460177	8.066679093	8.129937942	8.210651217	8.222388853	8.214932782	8.235378354	8.082850732	8.261960595	8.370047207	8.583955249	8.761680999	9.074729383	9.233899612	9.293200474
20190719	7.795132743	7.89380531	7.994975279	8.057671827	8.13766765	8.158881134	8.161190751	8.239287159	8.103294974	8.290237992	8.412200392	8.623226284	8.853877199	9.187576532	9.360617871	9.402707648
20190718	7.795132743	7.89380531	7.994975279	8.057671827	8.13766765	8.158881134	8.161190751	8.212924327	8.085354944	8.243037658	8.374881556	8.560505516	8.789034128	9.114050215	9.285702212	9.34867429
20190717	7.795132743	7.89380531	7.994975279	8.057671827	8.13766765	8.158881134	8.161190751	8.205258784	8.062552065	8.240411957	8.380395464	8.510657922	8.727627265	9.074959968	9.255497256	9.310195206
20190716	7.812610619	7.911504425	8.012901232	8.075738356	8.155913542	8.159872958	8.144669227	8.21795808	8.052890162	8.215324052	8.408575025	8.524181053	8.729848527	9.097819753	9.2751617	9.315589539
20190715	7.830088496	7.92920354	8.030827186	8.093804885	8.174159434	8.169372637	8.145266784	8.225136318	8.07393633	8.203773522	8.392608556	8.505192382	8.694165663	9.042256321	9.205722196	9.253022656
20190712	7.830088496	7.92920354	8.030827186	8.093804885	8.174159434	8.169372637	8.145266784	8.259391065	8.11793913	8.21169854	8.406359348	8.520331074	8.720819279	9.069157414	9.233143403	9.289503401
20190711	7.830088496	7.92920354	8.030827186	8.093804885	8.174159434	8.160864783	8.128145893	8.322569586	8.084887142	8.206362489	8.388158237	8.483809136	8.660007616	9.029361758	9.212237578	9.265296055
20190710	7.830088496	7.92920354	8.030827186	8.093804885	8.174159434	8.160864783	8.128145893	8.185002811	8.082736236	8.151601286	8.372770183	8.468836821	8.645934507	9.02530528	9.222095256	9.251419852
20190709	7.830088496	7.92920354	8.030827186	8.093804885	8.174159434	8.169372637	8.145266784	8.187086816	8.062193854	8.117438421	8.348803886	8.401790268	8.551971114	8.943414185	9.147673754	9.170003059
20190708	7.830088496	7.92920354	8.030827186	8.093804885	8.174159434	8.186382886	8.179503132	8.160387017	7.982297907	8.05770851	8.306138661	8.386379466	8.537123324	8.927963464	9.14183372	9.169673938
20190705	7.830088496	7.92920354	8.030827186	8.093804885	8.174159434	8.186382886	8.179503132	8.223707237	8.040992297	8.085608981	8.36436578	8.541991095	8.709823416	9.127270935	9.34575723	9.379958469
20190704	7.830088496	7.92920354	8.030827186	8.093804885	8.174159434	8.186382886	8.179503132	8.156538694	7.988513454	8.023823548	8.250459097	8.415949361	8.582027189	8.981993201	9.198805499	9.21893726
20190703	7.830088496	7.92920354	8.030827186	8.093804885	8.174159434	8.1948871	8.196620401	8.167155713	8.027399877	8.03807165	8.31302749	8.497497088	8.684605644	9.041682893	9.241529093	9.297678287
20190702	7.830088496	7.92920354	8.030827186	8.093804885	8.174159434	8.21189371	8.230847696	8.132959718	7.982276644	8.026886866	8.202929497	8.400670727	8.589786268	8.949027112	9.16252541	9.180686937
20190701	7.812610619	7.911504425	8.012901232	8.075738356	8.155913542	8.176885027	8.178905576	8.06913837	7.927023704	7.949930182	8.104134303	8.27880395	8.491124168	8.822925869	9.029454991	9.055212243
20190628	7.812610619	7.911504425	8.012901232	8.075738356	8.155913542	8.176885027	8.178905576	8.088613273	7.908431041	7.92523198	8.037101367	8.221820833	8.393796668	8.7263107	8.936996768	8.965337194
20190627	7.847566372	7.946902655	8.048753139	8.111871414	8.192405325	8.187376531	8.162983419	8.008859484	7.849952561	7.909559227	8.00238856	8.160675198	8.338762128	8.600427906	8.787950112	8.834075582
20190626	7.865044248	7.96460177	8.066679093	8.129937942	8.210651217	8.205380424	8.180700055	8.011456714	7.807920744	7.9111947	8.004348218	8.191303992	8.36701266	8.596806809	8.763242276	8.827862137
20190625	7.830088496	7.92920354	8.030827186	8.093804885	8.174159434	8.177878672	8.162385863	7.974139896	7.784015424	7.895608193	8.013022864	8.158495201	8.319510163	8.560286372	8.74087794	8.820445852
20190624	7.830088496	7.92920354	8.030827186	8.093804885	8.174159434	8.160864783	8.128145893	8.014173178	7.853590291	7.997029896	8.151825101	8.252620668	8.422538086	8.652455193	8.818496486	8.887614522
20190621	7.830088496	7.92920354	8.030827186	8.093804885	8.174159434	8.152356929	8.111021381	8.04652018	7.904675543	8.019647022	8.150952737	8.235541438	8.405729817	8.647169939	8.800563089	8.858700602
20190620	7.865044248	7.96460177	8.066679093	8.129937942	8.210651217	8.179860501	8.129339195	8.099169811	8.018397148	8.101414297	8.229383295	8.327231902	8.497294001	8.747298498	8.919951356	8.984591494
20190619	7.917477876	8.017699115	8.120456954	8.184137529	8.265388892	8.225369787	8.165373644	8.223164635	8.169421849	8.236689019	8.326694522	8.44571984	8.571371879	8.807769448	8.993552258	9.077340077
20190618	7.847566372	7.946902655	8.048753139	8.111871414	8.192405325	8.187376531	8.162983419	8.234132445	8.15882107	8.208796534	8.275278794	8.367608484	8.50956617	8.779371069	8.977978834	9.062959125
20190617	7.847566372	7.946902655	8.048753139	8.111871414	8.192405325	8.170362642	8.128741639	8.19460202	8.110397054	8.168216353	8.180669998	8.286471255	8.430251144	8.712140333	8.916574618	9.011446565
20190614	7.9	8	8.102531	8.166071	8.247143	8.232882176	8.199014247	8.227920175	8.14213887	8.182715207	8.212226808	8.331380426	8.462338263	8.773645883	9.005877725	9.100962976
20190613	7.9	8	8.102531	8.166071	8.247143	8.241388211	8.216129705	8.228502521	8.123189631	8.167601453	8.210904039	8.330834649	8.462655805	8.79461396	9.034469933	9.137303512
20190612	7.952433628	8.053097345	8.156308861	8.220270586	8.301880675	8.295394431	8.269268748	8.288542939	8.21808958	8.251952904	8.272980937	8.40482547	8.510529535	8.902439814	9.157378693	9.253658759
20190611	7.952433628	8.053097345	8.156308861	8.220270586	8.301880675	8.303896826	8.286380585	8.280129159	8.253416785	8.285154289	8.380139444	8.455550038	8.584397252	8.955789932	9.192999906	9.274816942
20190610	7.934955752	8.03539823	8.138382907	8.202204058	8.283634783	8.302897722	8.302889433	8.310331675	8.283810808	8.334478822	8.410605799	8.514004108	8.628219631	9.018383175	9.263844013	9.342279312
20190607	7.952433628	8.053097345	8.156308861	8.220270586	8.301880675	8.312397401	8.3034888	8.332702757	8.269580478	8.360646394	8.473997565	8.561018639	8.657744935	9.036250489	9.269842776	9.342099254
20190606	8.004867257	8.10619469	8.210086721	8.274470173	8.35661835	8.357899407	8.339508763	8.398219303	8.412735969	8.474965018	8.524106327	8.681137687	8.764072538	9.118859129	9.342437395	9.42066908
20190605	8.004867257	8.10619469	8.210086721	8.274470173	8.35661835	8.366398162	8.356613356	8.430809957	8.444880159	8.492110336	8.600438155	8.743351552	8.807890315	9.130455134	9.326191618	9.377390442
20190604	8.004867257	8.10619469	8.210086721	8.274470173	8.35661835	8.357899407	8.339508763	8.479930951	8.478594593	8.540920588	8.692233894	8.808025298	8.912522825	9.215016162	9.39961732	9.445581896
20190603	7.987389381	8.088495575	8.192160768	8.256403644	8.338372458	8.322896184	8.287581129	8.442334192	8.460787052	8.58441715	8.800084602	8.841177726	8.924986746	9.236763981	9.419133516	9.459502374
20190531	7.987389381	8.088495575	8.192160768	8.256403644	8.338372458	8.305891395	8.253355646	8.390389597	8.396528113	8.515869418	8.753414723	8.825197823	8.909217009	9.180002114	9.34555807	9.386360827
20190530	7.934955752	8.03539823	8.138382907	8.202204058	8.283634783	8.268889963	8.234443897	8.405801901	8.380029107	8.549540363	8.784198732	8.871371143	8.969481027	9.219454926	9.374831616	9.414755238
20190529	7.934955752	8.03539823	8.138382907	8.202204058	8.283634783	8.277392358	8.251557545	8.470354206	8.331609998	8.546663911	8.830789593	8.933847789	9.031394117	9.269579886	9.426316758	9.464907038
20190528	7.952433628	8.053097345	8.156308861	8.220270586	8.301880675	8.312397401	8.3034888	8.537816514	8.394331408	8.595240981	8.910026139	9.100547546	9.142912847	9.405039548	9.579977041	9.589812044
20190527	7.952433628	8.053097345	8.156308861	8.220270586	8.301880675	8.312397401	8.3034888	8.536138597	8.391905709	8.591931703	8.906900169	9.098846464	9.140214504	9.40224522	9.577799756	9.589255639
20190524	7.969911504	8.07079646	8.174234814	8.238337115	8.320126566	8.313396505	8.286979952	8.435515384	8.390692041	8.606770748	8.830799076	9.049516659	9.079240235	9.401967608	9.60569715	9.612084515
20190523	7.969911504	8.07079646	8.174234814	8.238337115	8.320126566	8.313396505	8.286979952	8.418368138	8.38846753	8.606486456	8.798836111	9.002285994	9.031263726	9.365251477	9.568082838	9.578998289
20190522	7.952433628	8.053097345	8.156308861	8.220270586	8.301880675	8.303896826	8.286380585	8.417372792	8.404241933	8.605810865	8.782420817	8.970522109	8.968750833	9.322565922	9.537153119	9.549951539
20190521	7.952433628	8.053097345	8.156308861	8.220270586	8.301880675	8.320897976	8.320597015	8.382943514	8.352150745	8.46267022	8.621845835	8.753215958	8.764422294	9.124063982	9.351887769	9.36918161
20190520	7.952433628	8.053097345	8.156308861	8.220270586	8.301880675	8.320897976	8.320597015	8.379404508	8.351149714	8.459496699	8.619671247	8.751841409	8.761280619	9.120488395	9.34968952	9.36868424
20190517	7.952433628	8.053097345	8.156308861	8.220270586	8.301880675	8.312397401	8.3034888	8.395241907	8.350371135	8.536890999	8.668207542	8.722425452	8.801636111	9.175640717	9.408140775	9.432918865
20190516	7.882522124	7.982300885	8.084605046	8.148004471	8.228897108	8.223384317	8.19841488	8.373282096	8.316514398	8.471178194	8.710403397	8.815468695	8.881187376	9.241223983	9.459765179	9.479521179
20190515	7.9	8	8.102531	8.166071	8.247143	8.232882176	8.199014247	8.371897943	8.298963657	8.421019954	8.829294564	8.927184961	8.974853169	9.341282759	9.555342579	9.579361354
20190514	7.865044248	7.96460177	8.066679093	8.129937942	8.210651217	8.230893067	8.23204643	8.320254026	8.331359741	8.468381599	8.906378647	9.109853736	9.192547633	9.544977416	9.747350922	9.760761483
20190513	7.865044248	7.96460177	8.066679093	8.129937942	8.210651217	8.205380424	8.180700055	8.333148589	8.329549054	8.463178111	8.887613345	9.106686366	9.1895747	9.541582353	9.758777922	9.784278119
20190510	7.865044248	7.96460177	8.066679093	8.129937942	8.210651217	8.188368355	8.146460085	8.246021294	8.262221597	8.413637964	8.839363096	9.089555823	9.190079393	9.522518121	9.729778409	9.758320382
20190509	7.882522124	7.982300885	8.084605046	8.148004471	8.228897108	8.206374069	8.164178532	8.246914686	8.293332044	8.445957727	8.855809997	9.028649646	9.213818369	9.552938671	9.759039975	9.787043913
20190508	7.9	8	8.102531	8.166071	8.247143	8.224377962	8.181895168	8.214292927	8.193459658	8.380677747	8.716886071	8.87249846	9.058802472	9.391225678	9.590471133	9.614590555
20190507	7.9	8	8.102531	8.166071	8.247143	8.198856219	8.130532496	8.110383001	8.038911724	8.295270586	8.589770663	8.760547401	8.934646476	9.237875947	9.420476724	9.449916548
20190506	7.952433628	8.053097345	8.156308861	8.220270586	8.301880675	8.312397401	8.3034888	8.165016411	8.055636452	8.29299945	8.589478295	8.759437189	8.932997404	9.246384842	9.441062095	9.472423684
20190503	7.882522124	7.982300885	8.084605046	8.148004471	8.228897108	8.214878283	8.181297611	8.146690648	7.9231946	8.209112768	8.51114414	8.636631241	8.823727549	9.120583966	9.314531017	9.355615342
20190502	7.882522124	7.982300885	8.084605046	8.148004471	8.228897108	8.197866214	8.147057641	8.110562716	7.956217146	8.239924829	8.512988431	8.635598774	8.821555375	9.148331549	9.35773529	9.390493284
20190501	7.690265487	7.787610619	7.887419558	7.949272655	8.028192301	8.033832965	8.020629236	8.108364661	7.906257236	8.207767974	8.403854463	8.553556583	8.758181897	9.097176542	9.325529748	9.383063716
20190430	7.620353982	7.716814159	7.815715743	7.87700654	7.955208735	7.995845169	8.018253498	8.019718427	7.898774044	8.239394577	8.40208919	8.580610619	8.786036651	9.153574327	9.378364088	9.402471508
20190429	7.620353982	7.716814159	7.815715743	7.87700654	7.955208735	7.944772566	7.915461157	7.98680636	7.785269983	8.094188827	8.226094547	8.496559472	8.696989796	9.054176966	9.281864262	9.318015882
20190426	7.620353982	7.716814159	7.815715743	7.87700654	7.955208735	7.953285879	7.932598344	7.956683333	7.719522584	8.092752997	8.151343089	8.387998137	8.602764086	8.953349067	9.178609463	9.222498553
20190425	7.865044248	7.96460177	8.066679093	8.129937942	8.210651217	8.188368355	8.146460085	8.245511525	8.041896822	8.361451354	8.553076073	8.757942912	9.05573443	9.357540528	9.551893964	9.61218635
20190424	7.812610619	7.911504425	8.012901232	8.075738356	8.155913542	8.168378993	8.161788307	8.336518248	8.190489281	8.50345164	8.709143843	8.942472925	9.192558371	9.546297212	9.769469677	9.825139269
20190423	7.812610619	7.911504425	8.012901232	8.075738356	8.155913542	8.159872958	8.144669227	8.416757614	8.332939798	8.62884804	8.847805428	9.095249937	9.296755218	9.702193999	9.95592849	10.00301205
20190422	7.777654867	7.876106195	7.977049325	8.039605299	8.119421759	8.14087724	8.143474115	8.365749611	8.304575641	8.577386532	8.755070949	9.045825281	9.222853753	9.626214681	9.870807746	9.906892563
20190419	7.760176991	7.85840708	7.959123372	8.02153877	8.101175867	8.080330436	8.040134919	8.181116471	8.141159104	8.367766452	8.578913528	8.872078631	9.111219972	9.531856819	9.783261142	9.815069355
20190418	7.760176991	7.85840708	7.959123372	8.02153877	8.101175867	8.063307448	8.005875031	8.070303062	7.98379291	8.18887698	8.410379807	8.65412097	8.967819682	9.36992386	9.614371847	9.661464431
20190417	7.760176991	7.85840708	7.959123372	8.02153877	8.101175867	8.046280821	7.971607899	7.888222223	7.792869306	7.96694134	8.170288553	8.503018605	8.843672891	9.258197779	9.516846272	9.574163313
20190416	7.760176991	7.85840708	7.959123372	8.02153877	8.101175867	8.063307448	8.005875031	7.92426721	7.802887786	8.02655466	8.291927982	8.599226109	8.935296901	9.338081874	9.595065293	9.654045194
20190415	7.760176991	7.85840708	7.959123372	8.02153877	8.101175867	8.054794134	7.988741465	7.855073415	7.720101611	7.981069657	8.183347143	8.492774799	8.755347026	9.172471689	9.43572071	9.485759714
20190412	7.760176991	7.85840708	7.959123372	8.02153877	8.101175867	8.054794134	7.988741465	7.840226177	7.738100526	7.964285293	8.125154792	8.44178434	8.722144674	9.132117774	9.391307999	9.442320206
20190411	7.672787611	7.769911504	7.869493604	7.931206126	8.009946409	7.956224956	7.88295591	7.782594634	7.688220763	7.932193921	8.092110855	8.367404789	8.64587468	9.018774563	9.258607449	9.311905748
20190410	7.672787611	7.769911504	7.869493604	7.931206126	8.009946409	7.956224956	7.88295591	7.766159337	7.631961887	7.858150424	8.039881237	8.332978883	8.600343401	8.95256174	9.178236599	9.225354376
20190409	7.672787611	7.769911504	7.869493604	7.931206126	8.009946409	7.956224956	7.88295591	7.668515249	7.620019859	7.790294255	8.049595765	8.247735113	8.547781703	8.906604	9.133865817	9.184438619
20190408	7.672787611	7.769911504	7.869493604	7.931206126	8.009946409	7.956224956	7.88295591	7.683549113	7.634497175	7.865276871	8.098704155	8.279517657	8.57786539	8.917162371	9.143566263	9.206376065
20190405	7.655309735	7.752212389	7.85156765	7.913139597	7.991700518	7.938213783	7.865222978	7.632511734	7.568815203	7.744892303	7.946317065	8.051106275	8.341365361	8.714406742	8.960085868	9.036616183
20190404	7.637831858	7.734513274	7.833641697	7.895073069	7.973454626	7.920200791	7.847490045	7.61809996	7.518237009	7.694032917	7.860183788	7.983484402	8.292977735	8.668949615	8.915869322	9.000504408
20190403	7.637831858	7.734513274	7.833641697	7.895073069	7.973454626	7.911682017	7.830345614	7.619012361	7.497099243	7.669221318	7.778429715	7.942964768	8.272886661	8.66061821	8.909620485	8.988360886
20190402	7.655309735	7.752212389	7.85156765	7.913139597	7.991700518	7.912657463	7.813787875	7.665769408	7.569410587	7.695764219	7.795545112	8.010739023	8.378642073	8.740221658	8.958500074	9.022245562
20190401	7.725221239	7.82300885	7.923271465	7.985405712	8.064684084	8.010260295	7.936149277	7.828560244	7.769471044	7.901231729	8.021215497	8.27064529	8.624588604	8.960921968	9.167764969	9.222488222
20190329	7.725221239	7.82300885	7.923271465	7.985405712	8.064684084	7.976192481	7.86758423	7.82880908	7.753699912	7.898422357	7.987329223	8.220614216	8.63323588	8.950518331	9.143742962	9.202189
20190328	7.655309735	7.752212389	7.85156765	7.913139597	7.991700518	7.938213783	7.865222978	7.79561016	7.686987468	7.763836003	7.908067391	8.154491285	8.570184546	8.880013893	9.069066894	9.131456085
20190327	7.672787611	7.769911504	7.869493604	7.931206126	8.009946409	7.947708003	7.865813291	7.740024604	7.628279993	7.754071077	7.870543108	8.179525481	8.576158024	8.87195555	9.049710925	9.107543914
20190326	7.655309735	7.752212389	7.85156765	7.913139597	7.991700518	7.938213783	7.865222978	7.632511734	7.568815203	7.744892303	7.946317065	8.051106275	8.341365361	8.714406742	8.960085868	9.036616183
20190325	7.637831858	7.734513274	7.833641697	7.895073069	7.973454626	7.920200791	7.847490045	7.61809996	7.518237009	7.694032917	7.860183788	7.983484402	8.292977735	8.668949615	8.915869322	9.000504408
20190322	7.637831858	7.734513274	7.833641697	7.895073069	7.973454626	7.911682017	7.830345614	7.619012361	7.497099243	7.669221318	7.778429715	7.942964768	8.272886661	8.66061821	8.909620485	8.988360886
20190321	7.655309735	7.752212389	7.85156765	7.913139597	7.991700518	7.912657463	7.813787875	7.665769408	7.569410587	7.695764219	7.795545112	8.010739023	8.378642073	8.740221658	8.958500074	9.022245562
20190320	7.725221239	7.82300885	7.923271465	7.985405712	8.064684084	8.010260295	7.936149277	7.828560244	7.769471044	7.901231729	8.021215497	8.27064529	8.624588604	8.960921968	9.167764969	9.222488222
20190319	7.725221239	7.82300885	7.923271465	7.985405712	8.064684084	7.976192481	7.86758423	7.82880908	7.753699912	7.898422357	7.987329223	8.220614216	8.63323588	8.950518331	9.143742962	9.202189
20190318	7.655309735	7.752212389	7.85156765	7.913139597	7.991700518	7.938213783	7.865222978	7.79561016	7.686987468	7.763836003	7.908067391	8.154491285	8.570184546	8.880013893	9.069066894	9.131456085
