DATE 	1	7	30	90	180	270	360	720	1080	1440	1800	2160	2520	2880	3240	3600
20200306	7	7	7	7	7	7	7	7	7	7	7	7	7	7	7	7
20200305	7	7	7	7	7	7	7	7	7	7	7	7	7	7	7	7
20200304	7	7	7	7	7	7	7	7	7	7	7	7	7	7	7	7
20200303	7	7	7	7	7	7	7	7	7	7	7	7	7	7	7	7
20200302	7	7	7	7	7	7	7	7	7	7	7	7	7	7	7	7
20200301	7	7	7	7	7	7	7	7	7	7	7	7	7	7	7	7
20200229	7	7	7	7	7	7	7	7	7	7	7	7	7	7	7	7
20200228	7	7	7	7	7	7	7	7	7	7	7	7	7	7	7	7
20200227	7	7	7	7	7	7	7	7	7	7	7	7	7	7	7	7
20200226	7	7	7	7	7	7	7	7	7	7	7	7	7	7	7	7
20200225	7	7	7	7	7	7	7	7	7	7	7	7	7	7	7	7
20200224	7	7	7	7	7	7	7	7	7	7	7	7	7	7	7	7
20200223	7	7	7	7	7	7	7	7	7	7	7	7	7	7	7	7
20200222	7	7	7	7	7	7	7	7	7	7	7	7	7	7	7	7
20200221	7	7	7	7	7	7	7	7	7	7	7	7	7	7	7	7
20200220	7	7	7	7	7	7	7	7	7	7	7	7	7	7	7	7
20200219	7	7	7	7	7	7	7	7	7	7	7	7	7	7	7	7
20200218	7	7	7	7	7	7	7	7	7	7	7	7	7	7	7	7
20200217	7	7	7	7	7	7	7	7	7	7	7	7	7	7	7	7
20200216	7	7	7	7	7	7	7	7	7	7	7	7	7	7	7	7
20200215	7	7	7	7	7	7	7	7	7	7	7	7	7	7	7	7
20200214	7	7	7	7	7	7	7	7	7	7	7	7	7	7	7	7
20200213	7	7	7	7	7	7	7	7	7	7	7	7	7	7	7	7
20200212	7	7	7	7	7	7	7	7	7	7	7	7	7	7	7	7
20200211	7	7	7	7	7	7	7	7	7	7	7	7	7	7	7	7
20200210	7	7	7	7	7	7	7	7	7	7	7	7	7	7	7	7
20200209	7	7	7	7	7	7	7	7	7	7	7	7	7	7	7	7
20200208	7	7	7	7	7	7	7	7	7	7	7	7	7	7	7	7
20200207	7	7	7	7	7	7	7	7	7	7	7	7	7	7	7	7
20200206	7	7	7	7	7	7	7	7	7	7	7	7	7	7	7	7
20200205	7	7	7	7	7	7	7	7	7	7	7	7	7	7	7	7
20200204	7	7	7	7	7	7	7	7	7	7	7	7	7	7	7	7
20200203	7	7	7	7	7	7	7	7	7	7	7	7	7	7	7	7
20200202	7	7	7	7	7	7	7	7	7	7	7	7	7	7	7	7
20200201	7	7	7	7	7	7	7	7	7	7	7	7	7	7	7	7
20200131	7	7	7	7	7	7	7	7	7	7	7	7	7	7	7	7
20200130	7	7	7	7	7	7	7	7	7	7	7	7	7	7	7	7
20200129	7	7	7	7	7	7	7	7	7	7	7	7	7	7	7	7
20200128	7	7	7	7	7	7	7	7	7	7	7	7	7	7	7	7
20200127	7	7	7	7	7	7	7	7	7	7	7	7	7	7	7	7
20200126	7	7	7	7	7	7	7	7	7	7	7	7	7	7	7	7
20200125	7	7	7	7	7	7	7	7	7	7	7	7	7	7	7	7
20200124	7	7	7	7	7	7	7	7	7	7	7	7	7	7	7	7
20200123	7	7	7	7	7	7	7	7	7	7	7	7	7	7	7	7
20200122	7	7	7	7	7	7	7	7	7	7	7	7	7	7	7	7
20200121	7	7	7	7	7	7	7	7	7	7	7	7	7	7	7	7
20200120	7	7	7	7	7	7	7	7	7	7	7	7	7	7	7	7
20200119	7	7	7	7	7	7	7	7	7	7	7	7	7	7	7	7
20200118	7	7	7	7	7	7	7	7	7	7	7	7	7	7	7	7
20200117	7	7	7	7	7	7	7	7	7	7	7	7	7	7	7	7
20200116	7	7	7	7	7	7	7	7	7	7	7	7	7	7	7	7
20200115	7	7	7	7	7	7	7	7	7	7	7	7	7	7	7	7
20200114	7	7	7	7	7	7	7	7	7	7	7	7	7	7	7	7
20200113	7	7	7	7	7	7	7	7	7	7	7	7	7	7	7	7
20200112	7	7	7	7	7	7	7	7	7	7	7	7	7	7	7	7
20200111	7	7	7	7	7	7	7	7	7	7	7	7	7	7	7	7
20200110	7	7	7	7	7	7	7	7	7	7	7	7	7	7	7	7
20200109	7	7	7	7	7	7	7	7	7	7	7	7	7	7	7	7
20200108	7	7	7	7	7	7	7	7	7	7	7	7	7	7	7	7
20200107	7	7	7	7	7	7	7	7	7	7	7	7	7	7	7	7
20200106	7	7	7	7	7	7	7	7	7	7	7	7	7	7	7	7
20200105	7	7	7	7	7	7	7	7	7	7	7	7	7	7	7	7
20200104	7	7	7	7	7	7	7	7	7	7	7	7	7	7	7	7
20200103	7	7	7	7	7	7	7	7	7	7	7	7	7	7	7	7
20200102	7	7	7	7	7	7	7	7	7	7	7	7	7	7	7	7
20200101	7	7	7	7	7	7	7	7	7	7	7	7	7	7	7	7
20191231	7	7	7	7	7	7	7	7	7	7	7	7	7	7	7	7
20191230	7	7	7	7	7	7	7	7	7	7	7	7	7	7	7	7
20191229	7	7	7	7	7	7	7	7	7	7	7	7	7	7	7	7
20191228	7	7	7	7	7	7	7	7	7	7	7	7	7	7	7	7
20191227	7	7	7	7	7	7	7	7	7	7	7	7	7	7	7	7
20191226	7	7	7	7	7	7	7	7	7	7	7	7	7	7	7	7
20191225	7	7	7	7	7	7	7	7	7	7	7	7	7	7	7	7
20191224	7	7	7	7	7	7	7	7	7	7	7	7	7	7	7	7
20191223	7	7	7	7	7	7	7	7	7	7	7	7	7	7	7	7
20191222	7	7	7	7	7	7	7	7	7	7	7	7	7	7	7	7
20191221	7	7	7	7	7	7	7	7	7	7	7	7	7	7	7	7
20191220	7	7	7	7	7	7	7	7	7	7	7	7	7	7	7	7
20191219	7	7	7	7	7	7	7	7	7	7	7	7	7	7	7	7
20191218	7	7	7	7	7	7	7	7	7	7	7	7	7	7	7	7
20191217	7	7	7	7	7	7	7	7	7	7	7	7	7	7	7	7
20191216	7	7	7	7	7	7	7	7	7	7	7	7	7	7	7	7
20191215	7	7	7	7	7	7	7	7	7	7	7	7	7	7	7	7
20191214	7	7	7	7	7	7	7	7	7	7	7	7	7	7	7	7
20191213	7	7	7	7	7	7	7	7	7	7	7	7	7	7	7	7
20191212	7	7	7	7	7	7	7	7	7	7	7	7	7	7	7	7
20191211	7	7	7	7	7	7	7	7	7	7	7	7	7	7	7	7
20191210	7	7	7	7	7	7	7	7	7	7	7	7	7	7	7	7
20191209	7	7	7	7	7	7	7	7	7	7	7	7	7	7	7	7
20191208	7	7	7	7	7	7	7	7	7	7	7	7	7	7	7	7
20191207	7	7	7	7	7	7	7	7	7	7	7	7	7	7	7	7
20191206	7	7	7	7	7	7	7	7	7	7	7	7	7	7	7	7
20191205	7	7	7	7	7	7	7	7	7	7	7	7	7	7	7	7
20191204	7	7	7	7	7	7	7	7	7	7	7	7	7	7	7	7
20191203	7	7	7	7	7	7	7	7	7	7	7	7	7	7	7	7
20191202	7	7	7	7	7	7	7	7	7	7	7	7	7	7	7	7
20191201	7	7	7	7	7	7	7	7	7	7	7	7	7	7	7	7
20191130	7	7	7	7	7	7	7	7	7	7	7	7	7	7	7	7
20191129	7	7	7	7	7	7	7	7	7	7	7	7	7	7	7	7
20191128	7	7	7	7	7	7	7	7	7	7	7	7	7	7	7	7
20191127	7	7	7	7	7	7	7	7	7	7	7	7	7	7	7	7
20191126	7	7	7	7	7	7	7	7	7	7	7	7	7	7	7	7
20191125	7	7	7	7	7	7	7	7	7	7	7	7	7	7	7	7
20191124	7	7	7	7	7	7	7	7	7	7	7	7	7	7	7	7
20191123	7	7	7	7	7	7	7	7	7	7	7	7	7	7	7	7
20191122	7	7	7	7	7	7	7	7	7	7	7	7	7	7	7	7
20191121	7	7	7	7	7	7	7	7	7	7	7	7	7	7	7	7
20191120	7	7	7	7	7	7	7	7	7	7	7	7	7	7	7	7
20191119	7	7	7	7	7	7	7	7	7	7	7	7	7	7	7	7
20191118	7	7	7	7	7	7	7	7	7	7	7	7	7	7	7	7
20191117	7	7	7	7	7	7	7	7	7	7	7	7	7	7	7	7
20191116	7	7	7	7	7	7	7	7	7	7	7	7	7	7	7	7
20191115	7	7	7	7	7	7	7	7	7	7	7	7	7	7	7	7
20191114	7	7	7	7	7	7	7	7	7	7	7	7	7	7	7	7
20191113	7	7	7	7	7	7	7	7	7	7	7	7	7	7	7	7
20191112	7	7	7	7	7	7	7	7	7	7	7	7	7	7	7	7
20191111	7	7	7	7	7	7	7	7	7	7	7	7	7	7	7	7
20191110	7	7	7	7	7	7	7	7	7	7	7	7	7	7	7	7
20191109	7	7	7	7	7	7	7	7	7	7	7	7	7	7	7	7
20191108	7	7	7	7	7	7	7	7	7	7	7	7	7	7	7	7
20191107	7	7	7	7	7	7	7	7	7	7	7	7	7	7	7	7
20191106	7	7	7	7	7	7	7	7	7	7	7	7	7	7	7	7
20191105	7	7	7	7	7	7	7	7	7	7	7	7	7	7	7	7
20191104	7	7	7	7	7	7	7	7	7	7	7	7	7	7	7	7
20191103	7	7	7	7	7	7	7	7	7	7	7	7	7	7	7	7
20191102	7	7	7	7	7	7	7	7	7	7	7	7	7	7	7	7
20191101	7	7	7	7	7	7	7	7	7	7	7	7	7	7	7	7
20191031	7	7	7	7	7	7	7	7	7	7	7	7	7	7	7	7
20191030	7	7	7	7	7	7	7	7	7	7	7	7	7	7	7	7
20191029	7	7	7	7	7	7	7	7	7	7	7	7	7	7	7	7
20191028	7	7	7	7	7	7	7	7	7	7	7	7	7	7	7	7
20191027	7	7	7	7	7	7	7	7	7	7	7	7	7	7	7	7
20191026	7	7	7	7	7	7	7	7	7	7	7	7	7	7	7	7
20191025	7	7	7	7	7	7	7	7	7	7	7	7	7	7	7	7
20191024	7	7	7	7	7	7	7	7	7	7	7	7	7	7	7	7
20191023	7	7	7	7	7	7	7	7	7	7	7	7	7	7	7	7
20191022	7	7	7	7	7	7	7	7	7	7	7	7	7	7	7	7
20191021	7	7	7	7	7	7	7	7	7	7	7	7	7	7	7	7
20191020	7	7	7	7	7	7	7	7	7	7	7	7	7	7	7	7
20191019	7	7	7	7	7	7	7	7	7	7	7	7	7	7	7	7
20191018	7	7	7	7	7	7	7	7	7	7	7	7	7	7	7	7
20191017	7	7	7	7	7	7	7	7	7	7	7	7	7	7	7	7
20191016	7	7	7	7	7	7	7	7	7	7	7	7	7	7	7	7
20191015	7	7	7	7	7	7	7	7	7	7	7	7	7	7	7	7
20191014	7	7	7	7	7	7	7	7	7	7	7	7	7	7	7	7
20191013	7	7	7	7	7	7	7	7	7	7	7	7	7	7	7	7
20191012	7	7	7	7	7	7	7	7	7	7	7	7	7	7	7	7
20191011	7	7	7	7	7	7	7	7	7	7	7	7	7	7	7	7
20191010	7	7	7	7	7	7	7	7	7	7	7	7	7	7	7	7
20191009	7	7	7	7	7	7	7	7	7	7	7	7	7	7	7	7
20191008	7	7	7	7	7	7	7	7	7	7	7	7	7	7	7	7
20191007	7	7	7	7	7	7	7	7	7	7	7	7	7	7	7	7
20191006	7	7	7	7	7	7	7	7	7	7	7	7	7	7	7	7
20191005	7	7	7	7	7	7	7	7	7	7	7	7	7	7	7	7
20191004	7	7	7	7	7	7	7	7	7	7	7	7	7	7	7	7
20191003	7	7	7	7	7	7	7	7	7	7	7	7	7	7	7	7
20191002	7	7	7	7	7	7	7	7	7	7	7	7	7	7	7	7
20191001	7	7	7	7	7	7	7	7	7	7	7	7	7	7	7	7
20190930	7	7	7	7	7	7	7	7	7	7	7	7	7	7	7	7
20190929	7	7	7	7	7	7	7	7	7	7	7	7	7	7	7	7
20190928	7	7	7	7	7	7	7	7	7	7	7	7	7	7	7	7
20190927	7	7	7	7	7	7	7	7	7	7	7	7	7	7	7	7
20190926	7	7	7	7	7	7	7	7	7	7	7	7	7	7	7	7
20190925	7	7	7	7	7	7	7	7	7	7	7	7	7	7	7	7
20190924	7	7	7	7	7	7	7	7	7	7	7	7	7	7	7	7
20190923	7	7	7	7	7	7	7	7	7	7	7	7	7	7	7	7
20190922	7	7	7	7	7	7	7	7	7	7	7	7	7	7	7	7
20190921	7	7	7	7	7	7	7	7	7	7	7	7	7	7	7	7
20190920	7	7	7	7	7	7	7	7	7	7	7	7	7	7	7	7
20190919	7	7	7	7	7	7	7	7	7	7	7	7	7	7	7	7
20190918	7	7	7	7	7	7	7	7	7	7	7	7	7	7	7	7
20190917	7	7	7	7	7	7	7	7	7	7	7	7	7	7	7	7
20190916	7	7	7	7	7	7	7	7	7	7	7	7	7	7	7	7
20190915	7	7	7	7	7	7	7	7	7	7	7	7	7	7	7	7
20190914	7	7	7	7	7	7	7	7	7	7	7	7	7	7	7	7
20190913	7	7	7	7	7	7	7	7	7	7	7	7	7	7	7	7
20190912	7	7	7	7	7	7	7	7	7	7	7	7	7	7	7	7
20190911	7	7	7	7	7	7	7	7	7	7	7	7	7	7	7	7
20190910	7	7	7	7	7	7	7	7	7	7	7	7	7	7	7	7
20190909	7	7	7	7	7	7	7	7	7	7	7	7	7	7	7	7
20190908	7	7	7	7	7	7	7	7	7	7	7	7	7	7	7	7
20190907	7	7	7	7	7	7	7	7	7	7	7	7	7	7	7	7
20190906	7	7	7	7	7	7	7	7	7	7	7	7	7	7	7	7
20190905	7	7	7	7	7	7	7	7	7	7	7	7	7	7	7	7
20190904	7	7	7	7	7	7	7	7	7	7	7	7	7	7	7	7
20190903	7	7	7	7	7	7	7	7	7	7	7	7	7	7	7	7
20190902	7	7	7	7	7	7	7	7	7	7	7	7	7	7	7	7
20190901	7	7	7	7	7	7	7	7	7	7	7	7	7	7	7	7
20190831	7	7	7	7	7	7	7	7	7	7	7	7	7	7	7	7
20190830	7	7	7	7	7	7	7	7	7	7	7	7	7	7	7	7
20190829	7	7	7	7	7	7	7	7	7	7	7	7	7	7	7	7
20190828	7	7	7	7	7	7	7	7	7	7	7	7	7	7	7	7
20190827	7	7	7	7	7	7	7	7	7	7	7	7	7	7	7	7
20190826	7	7	7	7	7	7	7	7	7	7	7	7	7	7	7	7
20190825	7	7	7	7	7	7	7	7	7	7	7	7	7	7	7	7
20190824	7	7	7	7	7	7	7	7	7	7	7	7	7	7	7	7
20190823	7	7	7	7	7	7	7	7	7	7	7	7	7	7	7	7
20190822	7	7	7	7	7	7	7	7	7	7	7	7	7	7	7	7
20190821	7	7	7	7	7	7	7	7	7	7	7	7	7	7	7	7
20190820	7	7	7	7	7	7	7	7	7	7	7	7	7	7	7	7
20190819	7	7	7	7	7	7	7	7	7	7	7	7	7	7	7	7
20190818	7	7	7	7	7	7	7	7	7	7	7	7	7	7	7	7
20190817	7	7	7	7	7	7	7	7	7	7	7	7	7	7	7	7
20190816	7	7	7	7	7	7	7	7	7	7	7	7	7	7	7	7
20190815	7	7	7	7	7	7	7	7	7	7	7	7	7	7	7	7
20190814	7	7	7	7	7	7	7	7	7	7	7	7	7	7	7	7
20190813	7	7	7	7	7	7	7	7	7	7	7	7	7	7	7	7
20190812	7	7	7	7	7	7	7	7	7	7	7	7	7	7	7	7
20190811	7	7	7	7	7	7	7	7	7	7	7	7	7	7	7	7
20190810	7	7	7	7	7	7	7	7	7	7	7	7	7	7	7	7
20190809	7	7	7	7	7	7	7	7	7	7	7	7	7	7	7	7
20190806	7	7	7	7	7	7	7	7	7	7	7	7	7	7	7	7
20190805	7	7	7	7	7	7	7	7	7	7	7	7	7	7	7	7
20190804	7	7	7	7	7	7	7	7	7	7	7	7	7	7	7	7
20190803	7	7	7	7	7	7	7	7	7	7	7	7	7	7	7	7
20190802	7	7	7	7	7	7	7	7	7	7	7	7	7	7	7	7
20190730	7	7	7	7	7	7	7	7	7	7	7	7	7	7	7	7
20190729	7	7	7	7	7	7	7	7	7	7	7	7	7	7	7	7
20190728	7	7	7	7	7	7	7	7	7	7	7	7	7	7	7	7
20190727	7	7	7	7	7	7	7	7	7	7	7	7	7	7	7	7
20190726	7	7	7	7	7	7	7	7	7	7	7	7	7	7	7	7
20190723	7	7	7	7	7	7	7	7	7	7	7	7	7	7	7	7
20190722	7	7	7	7	7	7	7	7	7	7	7	7	7	7	7	7
20190721	7	7	7	7	7	7	7	7	7	7	7	7	7	7	7	7
20190720	7	7	7	7	7	7	7	7	7	7	7	7	7	7	7	7
20190719	7	7	7	7	7	7	7	7	7	7	7	7	7	7	7	7
20190716	7	7	7	7	7	7	7	7	7	7	7	7	7	7	7	7
20190715	7	7	7	7	7	7	7	7	7	7	7	7	7	7	7	7
20190714	7	7	7	7	7	7	7	7	7	7	7	7	7	7	7	7
20190713	7	7	7	7	7	7	7	7	7	7	7	7	7	7	7	7
20190712	7	7	7	7	7	7	7	7	7	7	7	7	7	7	7	7
20190709	7	7	7	7	7	7	7	7	7	7	7	7	7	7	7	7
20190708	7	7	7	7	7	7	7	7	7	7	7	7	7	7	7	7
20190707	7	7	7	7	7	7	7	7	7	7	7	7	7	7	7	7
20190706	7	7	7	7	7	7	7	7	7	7	7	7	7	7	7	7
20190705	7	7	7	7	7	7	7	7	7	7	7	7	7	7	7	7
20190702	7	7	7	7	7	7	7	7	7	7	7	7	7	7	7	7
20190701	7	7	7	7	7	7	7	7	7	7	7	7	7	7	7	7
20190630	7	7	7	7	7	7	7	7	7	7	7	7	7	7	7	7
20190629	7	7	7	7	7	7	7	7	7	7	7	7	7	7	7	7
20190628	7	7	7	7	7	7	7	7	7	7	7	7	7	7	7	7
20190625	7	7	7	7	7	7	7	7	7	7	7	7	7	7	7	7
20190624	7	7	7	7	7	7	7	7	7	7	7	7	7	7	7	7
20190623	7	7	7	7	7	7	7	7	7	7	7	7	7	7	7	7
20190622	7	7	7	7	7	7	7	7	7	7	7	7	7	7	7	7
20190621	7	7	7	7	7	7	7	7	7	7	7	7	7	7	7	7
20190618	7	7	7	7	7	7	7	7	7	7	7	7	7	7	7	7
20190617	7	7	7	7	7	7	7	7	7	7	7	7	7	7	7	7
20190616	7	7	7	7	7	7	7	7	7	7	7	7	7	7	7	7
20190615	7	7	7	7	7	7	7	7	7	7	7	7	7	7	7	7
20190614	7	7	7	7	7	7	7	7	7	7	7	7	7	7	7	7
20190611	7	7	7	7	7	7	7	7	7	7	7	7	7	7	7	7
20190610	7	7	7	7	7	7	7	7	7	7	7	7	7	7	7	7
20190609	7	7	7	7	7	7	7	7	7	7	7	7	7	7	7	7
20190608	7	7	7	7	7	7	7	7	7	7	7	7	7	7	7	7
20181231	7	7	7	7	7	7	7	7	7	7	7	7	7	7	7	7
20181228	7	7	7	7	7	7	7	7	7	7	7	7	7	7	7	7
20181227	7	7	7	7	7	7	7	7	7	7	7	7	7	7	7	7
20181226	7	7	7	7	7	7	7	7	7	7	7	7	7	7	7	7
20181225	7	7	7	7	7	7	7	7	7	7	7	7	7	7	7	7
20181224	7	7	7	7	7	7	7	7	7	7	7	7	7	7	7	7
20181221	7	7	7	7	7	7	7	7	7	7	7	7	7	7	7	7
20181220	7	7	7	7	7	7	7	7	7	7	7	7	7	7	7	7
20181219	7	7	7	7	7	7	7	7	7	7	7	7	7	7	7	7
20181218	7	7	7	7	7	7	7	7	7	7	7	7	7	7	7	7
20181217	7	7	7	7	7	7	7	7	7	7	7	7	7	7	7	7
20181214	7	7	7	7	7	7	7	7	7	7	7	7	7	7	7	7
20181213	7	7	7	7	7	7	7	7	7	7	7	7	7	7	7	7
20181212	7	7	7	7	7	7	7	7	7	7	7	7	7	7	7	7
20181211	7	7	7	7	7	7	7	7	7	7	7	7	7	7	7	7
20181210	7	7	7	7	7	7	7	7	7	7	7	7	7	7	7	7
20181207	7	7	7	7	7	7	7	7	7	7	7	7	7	7	7	7
20181206	7	7	7	7	7	7	7	7	7	7	7	7	7	7	7	7
20181205	7	7	7	7	7	7	7	7	7	7	7	7	7	7	7	7
20181204	7	7	7	7	7	7	7	7	7	7	7	7	7	7	7	7
20181203	7	7	7	7	7	7	7	7	7	7	7	7	7	7	7	7
20181130	7	7	7	7	7	7	7	7	7	7	7	7	7	7	7	7
20181129	7	7	7	7	7	7	7	7	7	7	7	7	7	7	7	7
20181128	7	7	7	7	7	7	7	7	7	7	7	7	7	7	7	7
20181127	7	7	7	7	7	7	7	7	7	7	7	7	7	7	7	7
20181126	7	7	7	7	7	7	7	7	7	7	7	7	7	7	7	7
20181123	7	7	7	7	7	7	7	7	7	7	7	7	7	7	7	7
20181122	7	7	7	7	7	7	7	7	7	7	7	7	7	7	7	7
20181121	7	7	7	7	7	7	7	7	7	7	7	7	7	7	7	7
20181120	7	7	7	7	7	7	7	7	7	7	7	7	7	7	7	7
20181119	7	7	7	7	7	7	7	7	7	7	7	7	7	7	7	7
20181116	7	7	7	7	7	7	7	7	7	7	7	7	7	7	7	7
20181115	7	7	7	7	7	7	7	7	7	7	7	7	7	7	7	7
20181114	7	7	7	7	7	7	7	7	7	7	7	7	7	7	7	7
20181113	7	7	7	7	7	7	7	7	7	7	7	7	7	7	7	7
20181112	7	7	7	7	7	7	7	7	7	7	7	7	7	7	7	7
20181109	7	7	7	7	7	7	7	7	7	7	7	7	7	7	7	7
20181108	7	7	7	7	7	7	7	7	7	7	7	7	7	7	7	7
20181107	7	7	7	7	7	7	7	7	7	7	7	7	7	7	7	7
20181106	7	7	7	7	7	7	7	7	7	7	7	7	7	7	7	7
20181105	7	7	7	7	7	7	7	7	7	7	7	7	7	7	7	7
20181102	7	7	7	7	7	7	7	7	7	7	7	7	7	7	7	7
20181101	7	7	7	7	7	7	7	7	7	7	7	7	7	7	7	7
20181031	7	7	7	7	7	7	7	7	7	7	7	7	7	7	7	7
20181030	7	7	7	7	7	7	7	7	7	7	7	7	7	7	7	7
20181029	7	7	7	7	7	7	7	7	7	7	7	7	7	7	7	7
20181026	7	7	7	7	7	7	7	7	7	7	7	7	7	7	7	7
20181025	7	7	7	7	7	7	7	7	7	7	7	7	7	7	7	7
20181024	7	7	7	7	7	7	7	7	7	7	7	7	7	7	7	7
20181023	7	7	7	7	7	7	7	7	7	7	7	7	7	7	7	7
20181022	7	7	7	7	7	7	7	7	7	7	7	7	7	7	7	7
20181019	7	7	7	7	7	7	7	7	7	7	7	7	7	7	7	7
20181018	7	7	7	7	7	7	7	7	7	7	7	7	7	7	7	7
20181017	7	7	7	7	7	7	7	7	7	7	7	7	7	7	7	7
20181016	7	7	7	7	7	7	7	7	7	7	7	7	7	7	7	7
20181015	7	7	7	7	7	7	7	7	7	7	7	7	7	7	7	7
20181012	7	7	7	7	7	7	7	7	7	7	7	7	7	7	7	7
20181011	7	7	7	7	7	7	7	7	7	7	7	7	7	7	7	7
20181010	7	7	7	7	7	7	7	7	7	7	7	7	7	7	7	7
20181009	7	7	7	7	7	7	7	7	7	7	7	7	7	7	7	7
20181008	7	7	7	7	7	7	7	7	7	7	7	7	7	7	7	7
20181005	7	7	7	7	7	7	7	7	7	7	7	7	7	7	7	7
20181004	7	7	7	7	7	7	7	7	7	7	7	7	7	7	7	7
20181003	7	7	7	7	7	7	7	7	7	7	7	7	7	7	7	7
20181002	7	7	7	7	7	7	7	7	7	7	7	7	7	7	7	7
20181001	7	7	7	7	7	7	7	7	7	7	7	7	7	7	7	7
20180928	7	7	7	7	7	7	7	7	7	7	7	7	7	7	7	7
20180927	7	7	7	7	7	7	7	7	7	7	7	7	7	7	7	7
20180926	7	7	7	7	7	7	7	7	7	7	7	7	7	7	7	7
20180925	7	7	7	7	7	7	7	7	7	7	7	7	7	7	7	7
20180924	7	7	7	7	7	7	7	7	7	7	7	7	7	7	7	7
20180921	7	7	7	7	7	7	7	7	7	7	7	7	7	7	7	7
20180920	7	7	7	7	7	7	7	7	7	7	7	7	7	7	7	7
20180919	7	7	7	7	7	7	7	7	7	7	7	7	7	7	7	7
20180918	7	7	7	7	7	7	7	7	7	7	7	7	7	7	7	7
20180917	7	7	7	7	7	7	7	7	7	7	7	7	7	7	7	7
20180914	7	7	7	7	7	7	7	7	7	7	7	7	7	7	7	7
20180913	7	7	7	7	7	7	7	7	7	7	7	7	7	7	7	7
20180912	7	7	7	7	7	7	7	7	7	7	7	7	7	7	7	7
20180911	7	7	7	7	7	7	7	7	7	7	7	7	7	7	7	7
20180910	7	7	7	7	7	7	7	7	7	7	7	7	7	7	7	7
20180907	7	7	7	7	7	7	7	7	7	7	7	7	7	7	7	7
20180906	7	7	7	7	7	7	7	7	7	7	7	7	7	7	7	7
20180905	7	7	7	7	7	7	7	7	7	7	7	7	7	7	7	7
20180904	7	7	7	7	7	7	7	7	7	7	7	7	7	7	7	7
20180903	7	7	7	7	7	7	7	7	7	7	7	7	7	7	7	7
20180831	7	7	7	7	7	7	7	7	7	7	7	7	7	7	7	7
20180830	7	7	7	7	7	7	7	7	7	7	7	7	7	7	7	7
20180829	7	7	7	7	7	7	7	7	7	7	7	7	7	7	7	7
20180828	7	7	7	7	7	7	7	7	7	7	7	7	7	7	7	7
20180827	7	7	7	7	7	7	7	7	7	7	7	7	7	7	7	7
20180824	7	7	7	7	7	7	7	7	7	7	7	7	7	7	7	7
20180823	7	7	7	7	7	7	7	7	7	7	7	7	7	7	7	7
20180822	7	7	7	7	7	7	7	7	7	7	7	7	7	7	7	7
20180821	7	7	7	7	7	7	7	7	7	7	7	7	7	7	7	7
20180820	7	7	7	7	7	7	7	7	7	7	7	7	7	7	7	7
20180817	7	7	7	7	7	7	7	7	7	7	7	7	7	7	7	7
20180816	7	7	7	7	7	7	7	7	7	7	7	7	7	7	7	7
20180815	7	7	7	7	7	7	7	7	7	7	7	7	7	7	7	7
20180814	7	7	7	7	7	7	7	7	7	7	7	7	7	7	7	7
20180813	7	7	7	7	7	7	7	7	7	7	7	7	7	7	7	7
20180810	7	7	7	7	7	7	7	7	7	7	7	7	7	7	7	7
20180809	7	7	7	7	7	7	7	7	7	7	7	7	7	7	7	7
20180808	7	7	7	7	7	7	7	7	7	7	7	7	7	7	7	7
20180807	7	7	7	7	7	7	7	7	7	7	7	7	7	7	7	7
20180806	7	7	7	7	7	7	7	7	7	7	7	7	7	7	7	7
20180803	7	7	7	7	7	7	7	7	7	7	7	7	7	7	7	7
20180802	7	7	7	7	7	7	7	7	7	7	7	7	7	7	7	7
20180801	7	7	7	7	7	7	7	7	7	7	7	7	7	7	7	7
20180731	7	7	7	7	7	7	7	7	7	7	7	7	7	7	7	7
20180730	7	7	7	7	7	7	7	7	7	7	7	7	7	7	7	7
20180727	7	7	7	7	7	7	7	7	7	7	7	7	7	7	7	7
20180726	7	7	7	7	7	7	7	7	7	7	7	7	7	7	7	7
20180725	7	7	7	7	7	7	7	7	7	7	7	7	7	7	7	7
20180724	7	7	7	7	7	7	7	7	7	7	7	7	7	7	7	7
20180723	7	7	7	7	7	7	7	7	7	7	7	7	7	7	7	7
20180720	7	7	7	7	7	7	7	7	7	7	7	7	7	7	7	7
20180719	7	7	7	7	7	7	7	7	7	7	7	7	7	7	7	7
20180718	7	7	7	7	7	7	7	7	7	7	7	7	7	7	7	7
20180717	7	7	7	7	7	7	7	7	7	7	7	7	7	7	7	7
20180716	7	7	7	7	7	7	7	7	7	7	7	7	7	7	7	7
20180713	7	7	7	7	7	7	7	7	7	7	7	7	7	7	7	7
20180712	7	7	7	7	7	7	7	7	7	7	7	7	7	7	7	7
20180711	7	7	7	7	7	7	7	7	7	7	7	7	7	7	7	7
20180710	7	7	7	7	7	7	7	7	7	7	7	7	7	7	7	7
20180709	7	7	7	7	7	7	7	7	7	7	7	7	7	7	7	7
20180706	7	7	7	7	7	7	7	7	7	7	7	7	7	7	7	7
20180705	7	7	7	7	7	7	7	7	7	7	7	7	7	7	7	7
20180704	7	7	7	7	7	7	7	7	7	7	7	7	7	7	7	7
20180703	7	7	7	7	7	7	7	7	7	7	7	7	7	7	7	7
20180702	7	7	7	7	7	7	7	7	7	7	7	7	7	7	7	7
20180629	7	7	7	7	7	7	7	7	7	7	7	7	7	7	7	7
20180628	7	7	7	7	7	7	7	7	7	7	7	7	7	7	7	7
20180627	7	7	7	7	7	7	7	7	7	7	7	7	7	7	7	7
20180626	7	7	7	7	7	7	7	7	7	7	7	7	7	7	7	7
20180625	7	7	7	7	7	7	7	7	7	7	7	7	7	7	7	7
20180622	7	7	7	7	7	7	7	7	7	7	7	7	7	7	7	7
20180621	7	7	7	7	7	7	7	7	7	7	7	7	7	7	7	7
20180620	7	7	7	7	7	7	7	7	7	7	7	7	7	7	7	7
20180619	7	7	7	7	7	7	7	7	7	7	7	7	7	7	7	7
20180618	7	7	7	7	7	7	7	7	7	7	7	7	7	7	7	7
20180615	7	7	7	7	7	7	7	7	7	7	7	7	7	7	7	7
20180614	7	7	7	7	7	7	7	7	7	7	7	7	7	7	7	7
20180613	7	7	7	7	7	7	7	7	7	7	7	7	7	7	7	7
20180612	7	7	7	7	7	7	7	7	7	7	7	7	7	7	7	7
20180611	7	7	7	7	7	7	7	7	7	7	7	7	7	7	7	7
20180608	7	7	7	7	7	7	7	7	7	7	7	7	7	7	7	7
20180607	7	7	7	7	7	7	7	7	7	7	7	7	7	7	7	7
20180606	7	7	7	7	7	7	7	7	7	7	7	7	7	7	7	7
20180605	7	7	7	7	7	7	7	7	7	7	7	7	7	7	7	7
20180604	7	7	7	7	7	7	7	7	7	7	7	7	7	7	7	7
20180601	7	7	7	7	7	7	7	7	7	7	7	7	7	7	7	7
20180531	7	7	7	7	7	7	7	7	7	7	7	7	7	7	7	7
20180530	7	7	7	7	7	7	7	7	7	7	7	7	7	7	7	7
20180529	7	7	7	7	7	7	7	7	7	7	7	7	7	7	7	7
20180528	7	7	7	7	7	7	7	7	7	7	7	7	7	7	7	7
20180525	7	7	7	7	7	7	7	7	7	7	7	7	7	7	7	7
20180524	7	7	7	7	7	7	7	7	7	7	7	7	7	7	7	7
20180523	7	7	7	7	7	7	7	7	7	7	7	7	7	7	7	7
20180522	7	7	7	7	7	7	7	7	7	7	7	7	7	7	7	7
20180521	7	7	7	7	7	7	7	7	7	7	7	7	7	7	7	7
20180518	7	7	7	7	7	7	7	7	7	7	7	7	7	7	7	7
20180517	7	7	7	7	7	7	7	7	7	7	7	7	7	7	7	7
20180516	7	7	7	7	7	7	7	7	7	7	7	7	7	7	7	7
20180515	7	7	7	7	7	7	7	7	7	7	7	7	7	7	7	7
20180514	7	7	7	7	7	7	7	7	7	7	7	7	7	7	7	7
20180511	7	7	7	7	7	7	7	7	7	7	7	7	7	7	7	7
20180510	7	7	7	7	7	7	7	7	7	7	7	7	7	7	7	7
20180509	7	7	7	7	7	7	7	7	7	7	7	7	7	7	7	7
20180508	7	7	7	7	7	7	7	7	7	7	7	7	7	7	7	7
20180507	7	7	7	7	7	7	7	7	7	7	7	7	7	7	7	7
20180504	7	7	7	7	7	7	7	7	7	7	7	7	7	7	7	7
20180503	7	7	7	7	7	7	7	7	7	7	7	7	7	7	7	7
20180502	7	7	7	7	7	7	7	7	7	7	7	7	7	7	7	7
20180501	7	7	7	7	7	7	7	7	7	7	7	7	7	7	7	7
20180430	7	7	7	7	7	7	7	7	7	7	7	7	7	7	7	7
20180427	7	7	7	7	7	7	7	7	7	7	7	7	7	7	7	7
20180426	7	7	7	7	7	7	7	7	7	7	7	7	7	7	7	7
20180425	7	7	7	7	7	7	7	7	7	7	7	7	7	7	7	7
20180424	7	7	7	7	7	7	7	7	7	7	7	7	7	7	7	7
20180423	7	7	7	7	7	7	7	7	7	7	7	7	7	7	7	7
20180420	7	7	7	7	7	7	7	7	7	7	7	7	7	7	7	7
20180419	7	7	7	7	7	7	7	7	7	7	7	7	7	7	7	7
20180418	7	7	7	7	7	7	7	7	7	7	7	7	7	7	7	7
20180417	7	7	7	7	7	7	7	7	7	7	7	7	7	7	7	7
20180416	7	7	7	7	7	7	7	7	7	7	7	7	7	7	7	7
20180413	7	7	7	7	7	7	7	7	7	7	7	7	7	7	7	7
20180412	7	7	7	7	7	7	7	7	7	7	7	7	7	7	7	7
20180411	7	7	7	7	7	7	7	7	7	7	7	7	7	7	7	7
20180410	7	7	7	7	7	7	7	7	7	7	7	7	7	7	7	7
20180409	7	7	7	7	7	7	7	7	7	7	7	7	7	7	7	7
20180406	7	7	7	7	7	7	7	7	7	7	7	7	7	7	7	7
20180405	7	7	7	7	7	7	7	7	7	7	7	7	7	7	7	7
20180404	7	7	7	7	7	7	7	7	7	7	7	7	7	7	7	7
20180403	7	7	7	7	7	7	7	7	7	7	7	7	7	7	7	7
20180402	7	7	7	7	7	7	7	7	7	7	7	7	7	7	7	7
20180330	7	7	7	7	7	7	7	7	7	7	7	7	7	7	7	7
20180329	7	7	7	7	7	7	7	7	7	7	7	7	7	7	7	7
20180328	7	7	7	7	7	7	7	7	7	7	7	7	7	7	7	7
20180327	7	7	7	7	7	7	7	7	7	7	7	7	7	7	7	7
20180326	7	7	7	7	7	7	7	7	7	7	7	7	7	7	7	7
20180323	7	7	7	7	7	7	7	7	7	7	7	7	7	7	7	7
20180322	7	7	7	7	7	7	7	7	7	7	7	7	7	7	7	7
20180321	7	7	7	7	7	7	7	7	7	7	7	7	7	7	7	7
20180320	7	7	7	7	7	7	7	7	7	7	7	7	7	7	7	7
20180319	7	7	7	7	7	7	7	7	7	7	7	7	7	7	7	7
20180316	7	7	7	7	7	7	7	7	7	7	7	7	7	7	7	7
20180315	7	7	7	7	7	7	7	7	7	7	7	7	7	7	7	7
20180314	7	7	7	7	7	7	7	7	7	7	7	7	7	7	7	7
20180313	7	7	7	7	7	7	7	7	7	7	7	7	7	7	7	7
20180312	7	7	7	7	7	7	7	7	7	7	7	7	7	7	7	7
