DATE	1	7	30	90	180	270	360	720	1080	1440	1800	2160	2520	2880	3240	3600	5400	7200	9000	10800
20200306	0.07906	0.07808887	0.07709264	0.07897	0.07988264	0.080424	0.08063634	0.08111017	0.08475054	0.08799784	0.09131343	0.09413113	0.09718213	0.10142256	0.10582242	0.11045651	0.13880269	0.17750794	0.22875706	0.29734467
20200305	0.077221395	0.07808887	0.07709264	0.078788876	0.08006502	0.080424	0.080820022	0.080908539	0.084358112	0.088865661	0.091312237	0.0928808	0.096046092	0.100958701	0.106240174	0.111832458	0.137656064	0.178571587	0.221631818	0.299190267
20200304	0.077221395	0.07808887	0.077447089	0.07897	0.079517879	0.080239541	0.080820022	0.080904638	0.084980986	0.089973044	0.092294338	0.09333689	0.095898733	0.101657239	0.107748298	0.112810206	0.136611445	0.174845962	0.213976166	0.283384593
20200303	0.078133343	0.07808887	0.077447089	0.07897	0.079517879	0.080239541	0.080820022	0.080181662	0.083554305	0.087395672	0.089648675	0.091521343	0.093693629	0.099348983	0.105262996	0.109231816	0.13317298	0.166308273	0.210690969	0.267697141
20200302	0.077221395	0.07808887	0.077447089	0.079513372	0.080429781	0.081505168	0.081742435	0.081377248	0.085700765	0.090287801	0.093016757	0.094663701	0.096804679	0.102433883	0.10830771	0.112402184	0.136665975	0.169105285	0.205216216	0.274080082
20200228	0.077221395	0.078020043	0.077447089	0.079694495	0.080612162	0.081836751	0.082115842	0.081807856	0.086060509	0.090145642	0.093671543	0.094865204	0.098236007	0.103490572	0.108676458	0.113130949	0.136767559	0.171762046	0.213253741	0.259864861
20200227	0.077221395	0.077728844	0.077447089	0.079694495	0.080976923	0.081861376	0.082105556	0.081196161	0.085488671	0.089080939	0.092799544	0.094088579	0.09890932	0.104141139	0.109123815	0.113781017	0.140084823	0.17599069	0.222102492	0.268808931
20200226	0.077221395	0.077374103	0.076206518	0.079332248	0.080794542	0.081853039	0.081738394	0.081201451	0.085480222	0.089620557	0.093059098	0.094590328	0.100204849	0.105800849	0.110988212	0.115769594	0.144319719	0.18265844	0.23092781	0.287848658
20200225	0.077221395	0.076373439	0.076206518	0.079332248	0.080958156	0.081824042	0.081738248	0.081149291	0.085763242	0.090426899	0.094619955	0.096016225	0.102521377	0.107594091	0.111944522	0.117176337	0.14510176	0.185967461	0.22719339	0.312830597
20200224	0.077221395	0.07627285	0.076206518	0.079513372	0.081128992	0.081842026	0.081738413	0.081737804	0.086081461	0.091149751	0.094556601	0.096493307	0.10338174	0.108582573	0.112983194	0.118497631	0.144646623	0.184211096	0.228960643	0.306440759
20200221	0.077221395	0.07627285	0.076206518	0.079332248	0.081159303	0.081867057	0.081371472	0.082307777	0.086895392	0.092002068	0.09613699	0.097298214	0.10385037	0.109593195	0.114483784	0.120064322	0.146791996	0.186893958	0.242649694	0.303835353
20200220	0.075566651	0.07627285	0.076206518	0.079151124	0.081706445	0.082084128	0.083207941	0.08459909	0.090416607	0.095840522	0.099758613	0.100464373	0.107073389	0.113445381	0.119149219	0.125336062	0.151296722	0.19098175	0.246912846	0.295614692
20200219	0.075566651	0.07627285	0.076915416	0.078245505	0.081159303	0.081844406	0.083208566	0.086924339	0.092156324	0.097143416	0.100171311	0.101081716	0.105018561	0.111048047	0.117285176	0.123421381	0.151640118	0.181617224	0.229351478	0.287345168
20200218	0.076387404	0.07627285	0.076915416	0.078245505	0.081159303	0.081804821	0.083029219	0.085959594	0.090522594	0.095002371	0.097809587	0.099233868	0.103150769	0.108742806	0.114351923	0.119415334	0.146570424	0.17219243	0.214399364	0.284963144
20200217	0.075566651	0.07627285	0.076915416	0.078245505	0.081159303	0.081791946	0.083208143	0.085613853	0.08956469	0.093610202	0.096054168	0.097024264	0.101917073	0.107249369	0.112027731	0.11653856	0.14519549	0.170295064	0.203739591	0.287130881
20200214	0.075566651	0.076210905	0.076915416	0.078426628	0.081159303	0.081851194	0.083024535	0.084792549	0.089703755	0.093527265	0.097038909	0.098250316	0.104208387	0.108709284	0.112202126	0.116810751	0.147813019	0.175429107	0.215388051	0.285060174
20200213	0.075382791	0.076037076	0.076915416	0.07897	0.081159303	0.081843318	0.083208162	0.084094002	0.089430825	0.093332357	0.095940726	0.097949862	0.105275193	0.10973676	0.112724616	0.117043797	0.14693105	0.175801117	0.211915266	0.281363197
20200212	0.075382791	0.075007465	0.075674844	0.077883257	0.080794542	0.082453046	0.08357536	0.085375983	0.091702821	0.095799263	0.09890823	0.10084951	0.109133676	0.113572224	0.116270318	0.121221357	0.151549259	0.181753063	0.217023719	0.29950076
20200211	0.075382791	0.074507133	0.075674844	0.077883257	0.080794542	0.082453046	0.083763616	0.087341063	0.092585609	0.096846304	0.099884	0.101719036	0.109356871	0.114216275	0.117347252	0.121691684	0.150681796	0.181625203	0.218896946	0.328266697
20200210	0.075382791	0.07445683	0.075674844	0.077883257	0.080429781	0.082007264	0.083600506	0.088829473	0.092911352	0.097669286	0.100169784	0.101144855	0.108591177	0.113732113	0.117063255	0.121726815	0.149189969	0.183822748	0.235643906	0.319217548
20200207	0.075382791	0.07445683	0.075674844	0.076977638	0.07970026	0.081161835	0.083207886	0.086410781	0.089665068	0.094851181	0.097177657	0.099165336	0.104739828	0.108816167	0.111819372	0.116033963	0.143121202	0.180726291	0.237762469	0.334712541
20200206	0.075382791	0.07445683	0.075674844	0.076977638	0.07970026	0.081161835	0.081739111	0.085020032	0.088627908	0.093124186	0.096241032	0.098861863	0.104447414	0.108612592	0.1117948	0.115980966	0.142981039	0.180882493	0.245504214	0.37614451
20200205	0.076302093	0.075449557	0.075320395	0.077521009	0.07988264	0.080608459	0.081212917	0.084940121	0.088173943	0.094510652	0.097723615	0.100112463	0.104916757	0.108887652	0.112208712	0.116953029	0.142150517	0.179587388	0.231377351	0.337298813
20200204	0.076302093	0.07536484	0.075320395	0.077702133	0.07988264	0.080521782	0.081027491	0.082823093	0.085381486	0.091588018	0.095799401	0.097800232	0.10159301	0.105160645	0.108285324	0.112542595	0.137420915	0.169317423	0.216740997	0.305717784
20200203	0.076302093	0.07536484	0.075320395	0.077339885	0.07970026	0.080478766	0.080466673	0.080897362	0.084130505	0.090208576	0.094584564	0.096045972	0.099590661	0.104515867	0.109164301	0.112661248	0.138946336	0.168593387	0.20932991	0.314443543
20200131	0.076302093	0.07536484	0.075320395	0.076434266	0.07970026	0.080792917	0.081380288	0.080866571	0.08413018	0.091573334	0.09618824	0.097727382	0.100817474	0.105748161	0.110915646	0.114932576	0.141862137	0.170094236	0.21792459	0.318014137
20200130	0.076302093	0.07536484	0.0739026	0.075890894	0.078241216	0.079340766	0.080278069	0.080565276	0.084239981	0.090676864	0.095837337	0.097439612	0.100035669	0.104370742	0.1090694	0.113410679	0.141249745	0.165268265	0.223039329	0.313230318
20200129	0.076302093	0.07536484	0.0739026	0.075166399	0.078241216	0.079317248	0.078986638	0.079265316	0.082849303	0.08787744	0.090538855	0.092014695	0.094732274	0.099084088	0.103879983	0.108912363	0.132356468	0.154614427	0.200902575	0.306460904
20200128	0.076302093	0.07536484	0.0739026	0.075166399	0.078241216	0.079317248	0.078983515	0.077923002	0.081763708	0.086636544	0.088449283	0.089626149	0.092094768	0.096550169	0.101305543	0.105192825	0.129440921	0.150004365	0.191587038	0.275357558
20200127	0.076302093	0.07536484	0.0739026	0.077158761	0.079153118	0.080055083	0.0797185	0.080289464	0.084089099	0.089620825	0.091163389	0.092209117	0.095037155	0.09964978	0.104296385	0.107982123	0.131805173	0.14930688	0.193954041	0.281076828
20200124	0.076302093	0.07536484	0.0739026	0.077702133	0.078605977	0.079517828	0.079534818	0.080051682	0.083933445	0.088361666	0.088898739	0.089838723	0.092527798	0.096481354	0.10067756	0.104899649	0.127649258	0.145778334	0.193749571	0.269490061
20200123	0.07519893	0.074359945	0.073193702	0.078607752	0.078423596	0.079571137	0.079718482	0.080295685	0.083790532	0.087826647	0.089309416	0.089981629	0.092565856	0.096956554	0.101597023	0.106614365	0.130076624	0.145201519	0.198541669	0.292282225
20200122	0.07519893	0.074265167	0.072839253	0.078607752	0.078423596	0.07971887	0.079722119	0.080489197	0.083101812	0.086894537	0.08833915	0.088643239	0.091730692	0.09588818	0.099784312	0.104609089	0.127096643	0.154751277	0.183993526	0.265261572
20200121	0.07519893	0.074275228	0.072839253	0.078607752	0.078423596	0.079734641	0.079902127	0.08065951	0.083662619	0.087807665	0.088896512	0.08939073	0.092549675	0.096881487	0.10099432	0.106452502	0.129655598	0.158725139	0.194659326	0.279642285
20200120	0.07519893	0.074275228	0.072839253	0.078607752	0.078423596	0.080447076	0.080636891	0.081642674	0.085405225	0.089072711	0.089430604	0.091129318	0.093907875	0.097712036	0.101658264	0.106906731	0.13124502	0.164149141	0.206777475	0.304103746
20200117	0.07519893	0.074275228	0.072839253	0.077883257	0.078423596	0.080471812	0.080820444	0.081452484	0.085040196	0.088288563	0.088603412	0.090635966	0.093287977	0.096869511	0.100974285	0.105657909	0.130170185	0.16421716	0.210499959	0.336002487
20200116	0.07519893	0.074275228	0.074257049	0.077883257	0.078970738	0.081021738	0.081187588	0.08120045	0.083802316	0.087622257	0.088938902	0.090900145	0.093171876	0.096410028	0.100191638	0.104854548	0.131118783	0.159044024	0.197924609	0.317603375
20200115	0.07519893	0.074275228	0.074257049	0.077883257	0.078423596	0.080805092	0.081189075	0.080067974	0.083473665	0.086492111	0.088394169	0.090293095	0.091902148	0.094382253	0.097617842	0.102329718	0.126209279	0.153098913	0.188624806	0.293166181
20200114	0.07519893	0.074275228	0.0739026	0.078426628	0.07988264	0.082453046	0.082857568	0.0837345	0.087379236	0.091366535	0.094340295	0.095851311	0.096921045	0.099897215	0.103728366	0.107530043	0.132252265	0.159799733	0.191457954	0.329486138
20200113	0.07519893	0.074275228	0.073725375	0.078788876	0.080429781	0.082446885	0.083024204	0.08306235	0.086692653	0.090435863	0.091918558	0.094477796	0.095983184	0.098827123	0.102437107	0.106488062	0.131620363	0.15708452	0.186892308	0.304223149
20200110	0.07519893	0.074275228	0.073548151	0.078607752	0.080429781	0.082445612	0.083024204	0.082504645	0.085086152	0.088309552	0.089340067	0.089731285	0.091025087	0.093607684	0.09638373	0.098408103	0.124350619	0.14488411	0.168060366	0.263937508
20200109	0.07519893	0.074275228	0.074611498	0.078788876	0.079517879	0.082437662	0.082473159	0.081844762	0.084510978	0.087211485	0.088336589	0.088813696	0.090553218	0.093206017	0.09591266	0.099799682	0.120199054	0.140919916	0.16450421	0.257457568
20200108	0.07519893	0.074275228	0.074788722	0.078788876	0.08006502	0.082433383	0.082510318	0.083035286	0.086500313	0.089162455	0.091305143	0.091283624	0.09175645	0.093968399	0.096869525	0.099977557	0.118541473	0.139531371	0.164223912	0.263662779
20200107	0.07519893	0.074275228	0.072484804	0.077883257	0.08006502	0.082430523	0.082486384	0.082632094	0.086310983	0.089520009	0.091765272	0.09151961	0.091386357	0.093192455	0.095743536	0.098930075	0.11801901	0.138768898	0.166194417	0.259187494
20200106	0.07519893	0.074275228	0.072484804	0.077158761	0.080429781	0.08262426	0.082487412	0.083140679	0.087474397	0.09202667	0.094625999	0.094929553	0.094050124	0.095384415	0.098000482	0.101575118	0.121496347	0.144883605	0.17689606	0.276963322
20200103	0.07519893	0.074275228	0.072484804	0.07661539	0.08006502	0.08225728	0.082302647	0.082641374	0.08732844	0.092426103	0.09466912	0.095727469	0.095008466	0.096744782	0.100110577	0.103670142	0.126103376	0.153565737	0.191457487	0.299815832
20200102	0.075382791	0.072933588	0.070712559	0.075709771	0.07970026	0.082286332	0.082118873	0.082659053	0.087568634	0.0927238	0.095430414	0.097057612	0.096677355	0.098632112	0.102042788	0.105623957	0.129947843	0.162181839	0.203952227	0.320069218
20200101	0.075382791	0.073374627	0.070712559	0.074623028	0.07970026	0.082290685	0.08214536	0.082890543	0.087783927	0.092629875	0.09587917	0.097476978	0.097097191	0.099264386	0.103031557	0.10633892	0.132854374	0.164471002	0.206388818	0.334207024
20191231	0.075382791	0.073548819	0.070712559	0.074623028	0.080976923	0.082416007	0.082484161	0.082917098	0.088029389	0.093027702	0.096236785	0.097152365	0.096268296	0.098682646	0.102795769	0.106116656	0.131625325	0.161768472	0.201665594	0.317628225
20191230	0.075382791	0.073678538	0.070712559	0.074623028	0.080612162	0.082821963	0.082666833	0.083150855	0.088544787	0.094192785	0.097032864	0.097616717	0.096306647	0.098749848	0.10321207	0.105906254	0.129219085	0.158132839	0.196512173	0.318383823
20191227	0.076302093	0.073702364	0.070712559	0.075347523	0.081341684	0.082998527	0.082856503	0.086268147	0.092781352	0.099029963	0.102058829	0.102148069	0.100910119	0.103635709	0.107968185	0.111174285	0.136318166	0.163864858	0.20229682	0.342244233
20191226	0.076302093	0.073858542	0.070003662	0.075166399	0.080794542	0.082678178	0.082865393	0.087125127	0.092564144	0.100561799	0.101839835	0.101305436	0.099632446	0.102337482	0.107235061	0.109796103	0.133611046	0.158025855	0.191723094	0.306973274
20191225	0.075934372	0.074314399	0.070180886	0.075166399	0.080794542	0.082986058	0.083102343	0.087496755	0.09293622	0.099584115	0.101292907	0.09996866	0.098495599	0.10063201	0.104213921	0.106865203	0.128473763	0.150267363	0.17704082	0.314470682
20191224	0.076302093	0.07445683	0.070180886	0.075166399	0.080794542	0.082984508	0.083051628	0.087461887	0.092743589	0.099334919	0.101479564	0.099977116	0.098196707	0.099899197	0.103085808	0.104875987	0.12685441	0.146594422	0.175342279	0.286918547
20191223	0.076302093	0.074586548	0.070180886	0.075166399	0.080794542	0.083230705	0.083420902	0.088249501	0.093910937	0.100425745	0.102961686	0.102285925	0.10060433	0.102329048	0.105931618	0.108338978	0.129933611	0.151315863	0.181031405	0.290536979
20191220	0.077221395	0.074610374	0.070180886	0.075166399	0.080612162	0.083192818	0.083790158	0.08873538	0.094288263	0.102045168	0.104470895	0.103638031	0.102301854	0.10433081	0.108409336	0.111148953	0.132663398	0.156653291	0.189191351	0.304634764
20191219	0.077221395	0.074766552	0.070358111	0.076253142	0.080794542	0.083349903	0.084156566	0.088770177	0.095537995	0.103198678	0.105789901	0.105567245	0.104020458	0.105749509	0.109340137	0.112467042	0.134331547	0.157718106	0.188367352	0.313065201
20191218	0.07683687	0.075222409	0.070889784	0.076434266	0.081159303	0.083964703	0.08476639	0.089595119	0.096976494	0.105199989	0.107568765	0.108159462	0.107001629	0.109333587	0.113582067	0.116816768	0.139684786	0.161700366	0.18969875	0.335995964
20191217	0.077221395	0.07536484	0.070889784	0.076434266	0.081159303	0.08396332	0.084712792	0.09204425	0.099305015	0.107094698	0.109732602	0.110585958	0.109986863	0.112273494	0.116602019	0.120624126	0.144601036	0.169932849	0.203677269	0.326840659
20191216	0.077221395	0.075494558	0.070889784	0.076434266	0.081159303	0.083783583	0.084710845	0.092140453	0.099619505	0.107508213	0.109927769	0.110662902	0.110378959	0.112864394	0.116783985	0.121112098	0.146443184	0.173617897	0.210572565	0.328662139
20191213	0.077221395	0.075915475	0.07230758	0.076434266	0.081159303	0.083907171	0.085229085	0.092531975	0.09981896	0.108122506	0.110107793	0.110817656	0.110429288	0.112999129	0.116985632	0.121327461	0.148210818	0.180551778	0.222159073	0.355488014
20191212	0.078324558	0.075830231	0.073548151	0.076977638	0.081341684	0.084831401	0.08544469	0.092958892	0.101026414	0.108495347	0.110462704	0.111439153	0.111177363	0.113630596	0.117670294	0.122357875	0.150009733	0.183465877	0.229440998	0.356931542
20191211	0.077956837	0.076152666	0.073548151	0.076977638	0.081341684	0.084400524	0.084967485	0.092962512	0.101803044	0.109263021	0.111339109	0.112436196	0.112294386	0.11454795	0.118212894	0.122354388	0.15127793	0.181127338	0.223354706	0.379787963
20191210	0.078324558	0.07627285	0.073548151	0.076977638	0.081341684	0.084403236	0.084713931	0.093556614	0.102533632	0.109883903	0.111444725	0.112534894	0.112191311	0.114643347	0.11810084	0.121949189	0.150540694	0.178679352	0.215985982	0.357957268
20191209	0.078324558	0.076390383	0.073548151	0.077339885	0.081888825	0.084472039	0.084713012	0.09330987	0.101774345	0.109451807	0.111012209	0.112049654	0.112053865	0.11441118	0.117628607	0.121419444	0.148528252	0.176538428	0.212955317	0.352289052
20191206	0.079427721	0.076404148	0.073548151	0.077339885	0.081888825	0.084416332	0.085076096	0.092731954	0.101528438	0.108609441	0.110834046	0.111614735	0.111633624	0.113894435	0.11653758	0.120326235	0.147195116	0.174610147	0.210250138	0.337743962
20191205	0.079427721	0.076593704	0.073548151	0.077883257	0.081706445	0.084749151	0.085076941	0.093343894	0.101628918	0.109030951	0.111478064	0.112126912	0.111872204	0.11394025	0.117031705	0.120825111	0.146182951	0.173357812	0.208757772	0.335599646
20191204	0.078966286	0.0771852	0.073548151	0.077883257	0.081706445	0.085047753	0.085321679	0.093244036	0.101169669	0.108739224	0.111836967	0.111608893	0.111228851	0.113635183	0.117112652	0.120930797	0.146828852	0.172246028	0.207279592	0.3335004
20191203	0.079427721	0.077362462	0.073548151	0.077883257	0.082071205	0.08490655	0.085626774	0.093422627	0.101911853	0.109803826	0.112669297	0.112730511	0.112487062	0.114881767	0.117963733	0.121861701	0.147627385	0.172844982	0.207252199	0.325588587
20191202	0.079427721	0.077518113	0.073548151	0.077883257	0.082253586	0.085419659	0.085780075	0.094369799	0.103618937	0.111926792	0.115042918	0.114773706	0.11436989	0.116559387	0.119697103	0.12368058	0.148864469	0.174422414	0.209515924	0.339425968
20191129	0.080530884	0.077546715	0.073548151	0.077883257	0.082435966	0.085632192	0.085963702	0.095356214	0.10444903	0.113015661	0.116118355	0.115759574	0.115189962	0.117066338	0.120309451	0.123675423	0.148679183	0.174851937	0.209187768	0.339415324
20191128	0.080530884	0.077734129	0.074434273	0.079332248	0.082253586	0.085659861	0.086147365	0.094734573	0.103134717	0.111966178	0.115505354	0.114966888	0.114294626	0.116047718	0.119059854	0.123035497	0.146954076	0.171997838	0.205444282	0.360305555
20191127	0.080069449	0.078281168	0.074434273	0.079332248	0.082253586	0.085576725	0.0861517	0.094880809	0.103040189	0.11180982	0.115745471	0.115423964	0.114605357	0.116412624	0.119861803	0.123242953	0.147241844	0.17091764	0.203106343	0.347285733
20191126	0.080530884	0.078452074	0.074434273	0.077883257	0.082253586	0.085574438	0.086331047	0.096067678	0.104678022	0.113693407	0.117271127	0.116885106	0.116213878	0.117936859	0.121408644	0.125550651	0.14929526	0.173974019	0.206459746	0.327943015
20191125	0.080530884	0.078607725	0.074434273	0.078245505	0.082253586	0.085724052	0.086331047	0.09562338	0.104036917	0.112841157	0.116050103	0.116067873	0.115640219	0.117762786	0.121377183	0.125757505	0.151134748	0.175151998	0.20704119	0.337705273
20191122	0.080714744	0.078759853	0.074434273	0.077702133	0.082253586	0.085524782	0.086514766	0.095782955	0.104023337	0.113053392	0.116370338	0.116541503	0.116503361	0.11863874	0.122114857	0.126518601	0.153422933	0.177552438	0.209350544	0.333337715
20191121	0.080714744	0.079023358	0.075852069	0.076977638	0.082435966	0.085688378	0.086882111	0.095183194	0.103255019	0.112645781	0.115936359	0.116451367	0.116175178	0.118146766	0.121659372	0.12535076	0.15345147	0.178429899	0.210625284	0.334780756
20191120	0.080569329	0.079283521	0.075852069	0.076977638	0.082435966	0.085797245	0.086886465	0.095489023	0.103392835	0.113434177	0.116627809	0.116853133	0.116559596	0.118755551	0.122047789	0.126182375	0.154312947	0.180210951	0.214030569	0.349330932
20191119	0.080714744	0.079541686	0.076738191	0.078607752	0.082618347	0.085957761	0.087280793	0.095864535	0.103560017	0.112726092	0.116089391	0.116635987	0.116730856	0.119325064	0.12238792	0.126172735	0.154100338	0.180553735	0.215476905	0.333424399
20191118	0.080714744	0.079567637	0.076738191	0.078788876	0.082618347	0.08593546	0.087248887	0.095454086	0.103589297	0.112288427	0.115268307	0.115837609	0.116046876	0.118363574	0.120731667	0.124719172	0.154462664	0.180755786	0.214665645	0.323343501
20191115	0.080714744	0.079604157	0.076738191	0.07897	0.082618347	0.085730582	0.087248887	0.095828279	0.103765116	0.111832449	0.11451565	0.115372434	0.115710806	0.118101189	0.121146059	0.125148903	0.152467842	0.176747661	0.207342504	0.338350108
20191114	0.080714744	0.079638571	0.07709264	0.079694495	0.083165488	0.085709369	0.086330478	0.09545507	0.103244655	0.110973358	0.113755375	0.114678042	0.115209717	0.117331458	0.120163041	0.124107844	0.15030525	0.174395579	0.203401086	0.34002393
20191113	0.080714744	0.079723288	0.077801538	0.079694495	0.083165488	0.08545762	0.086415945	0.094964129	0.102778803	0.110257095	0.112769346	0.113875316	0.114461865	0.116082799	0.118904065	0.122199327	0.148692612	0.170649307	0.197473169	0.321122577
20191112	0.080714744	0.079723288	0.077801538	0.07897	0.083165488	0.085601941	0.086542392	0.094523241	0.102755766	0.110432954	0.113224289	0.114085574	0.114679085	0.116237256	0.118817848	0.12247487	0.14915837	0.173711614	0.202401978	0.320397874
20191111	0.080714744	0.079580331	0.07709264	0.078788876	0.082983108	0.085568056	0.088181954	0.095249731	0.103545257	0.111011072	0.11371157	0.114348872	0.114907013	0.116665821	0.119259011	0.122564397	0.150938409	0.175127736	0.204302909	0.341161378
20191108	0.080898605	0.079590047	0.07709264	0.078788876	0.082800727	0.085738551	0.087417599	0.095617475	0.103964434	0.111878324	0.114823925	0.115718428	0.116558884	0.118302492	0.120983798	0.124341577	0.152863276	0.177349307	0.206406406	0.337081983
20191107	0.080898605	0.079620574	0.077269864	0.079151124	0.082983108	0.085870199	0.087256565	0.095626701	0.103895133	0.11235096	0.115490402	0.116604119	0.117380798	0.119242	0.122609639	0.126319802	0.156028236	0.181407423	0.211035826	0.354970057
20191106	0.080821696	0.07969692	0.07709264	0.079156521	0.082983108	0.085578293	0.087691707	0.096125462	0.104227085	0.113311954	0.116435521	0.116695809	0.117556582	0.119939651	0.12331048	0.12708953	0.158425723	0.184821984	0.216651366	0.365089134
20191105	0.080898605	0.079723288	0.07709264	0.079151124	0.082800727	0.085717227	0.087039949	0.096520324	0.104183575	0.114191364	0.116867672	0.117042804	0.118295191	0.120372526	0.123745109	0.127604381	0.158376198	0.184941359	0.217901733	0.357675605
20191104	0.080898605	0.079749239	0.07709264	0.07897	0.082618347	0.086387901	0.088346001	0.095734924	0.103187804	0.11331294	0.116175156	0.115633087	0.116317623	0.118729881	0.122042391	0.125509971	0.154565431	0.178041141	0.207540261	0.339441954
20191101	0.080898605	0.079785759	0.07709264	0.079513372	0.082983108	0.08682837	0.088172109	0.096260609	0.104203004	0.113991723	0.11635658	0.116405529	0.116988884	0.119110543	0.122709066	0.126563285	0.155250132	0.179113682	0.210026809	0.34389218
20191031	0.080898605	0.080431809	0.078333211	0.078788876	0.082983108	0.087159012	0.087495388	0.096260697	0.103241662	0.113339281	0.115917749	0.115682122	0.116118036	0.118313476	0.121694638	0.125492596	0.15167424	0.174442927	0.204909782	0.334686636
20191030	0.080898605	0.079955194	0.078333211	0.078788876	0.081524064	0.086596099	0.087555067	0.096586105	0.103814082	0.113464398	0.115907155	0.115627021	0.116180944	0.118638793	0.122227037	0.126110223	0.15309038	0.173964887	0.2033781	0.324393479
20191029	0.080898605	0.07990489	0.078333211	0.078788876	0.081524064	0.085752404	0.086413741	0.096952179	0.104429225	0.113641394	0.115965165	0.115568499	0.115786433	0.117902081	0.121927443	0.125526842	0.151568611	0.173936687	0.203307489	0.307762594
20191028	0.080898605	0.07990489	0.077447089	0.078788876	0.081524064	0.085448803	0.086049536	0.095933726	0.104067993	0.112537757	0.11499291	0.114460358	0.114652838	0.116600073	0.120109371	0.123924615	0.14950336	0.172581938	0.202302102	0.297357394
20191025	0.078692279	0.079181842	0.077447089	0.079151124	0.081341684	0.08517466	0.086061898	0.096284862	0.104231771	0.113411281	0.115762681	0.114880502	0.114874177	0.116861665	0.120226014	0.124056272	0.150347839	0.17293742	0.199950664	0.31009313
20191024	0.078692279	0.078786694	0.076915416	0.079875619	0.082071205	0.085008039	0.085537542	0.096488971	0.104142493	0.113639738	0.116047462	0.115463437	0.114978438	0.116537061	0.120162687	0.123987091	0.150708919	0.170917711	0.196610695	0.305585439
20191023	0.079016719	0.078533178	0.076915416	0.079875619	0.081159303	0.08489052	0.085772305	0.096245724	0.103233829	0.112738886	0.11518488	0.114660726	0.114448267	0.115926136	0.118852684	0.122652008	0.148316816	0.166815626	0.191253639	0.304328901
20191022	0.078692279	0.078452074	0.076915416	0.079875619	0.081159303	0.084689608	0.085499832	0.096805257	0.104035566	0.113576051	0.115916365	0.115187321	0.114797447	0.11623838	0.118933024	0.123118013	0.147716428	0.166202378	0.191421378	0.304628757
20191021	0.078692279	0.078373713	0.078510436	0.080418991	0.081524064	0.084562903	0.085515077	0.096367866	0.10343	0.113120056	0.11539538	0.11462829	0.114171881	0.115328362	0.118222197	0.122046415	0.145962751	0.164493077	0.190908459	0.295542856
20191018	0.078140698	0.078339826	0.078510436	0.080781239	0.082618347	0.084672693	0.086062596	0.096558917	0.104014426	0.114080196	0.115878525	0.115503807	0.115255844	0.116415135	0.119752277	0.123648716	0.148012905	0.166935577	0.193294832	0.292760214
20191017	0.078140698	0.078215937	0.077801538	0.080237867	0.082618347	0.08563459	0.086242127	0.097000087	0.103905155	0.114266441	0.116086718	0.115535152	0.115405045	0.1168867	0.120027249	0.123557494	0.147671231	0.165572509	0.191727313	0.290775906
20191016	0.078140698	0.077852733	0.077801538	0.080237867	0.082618347	0.085655784	0.086610795	0.09731516	0.104246001	0.114598992	0.116538035	0.115838968	0.115550282	0.116935793	0.120247831	0.124061048	0.148872946	0.165750274	0.189307267	0.295199905
20191015	0.078140698	0.077725666	0.077801538	0.080600115	0.082618347	0.085724015	0.086780664	0.098056466	0.104820302	0.115209941	0.117233573	0.116531149	0.116001224	0.117548239	0.120548411	0.124512244	0.150416664	0.168241582	0.192537743	0.293088713
20191014	0.078140698	0.077635137	0.077624313	0.080781239	0.082618347	0.085697564	0.086778019	0.098614593	0.105866595	0.116013623	0.118017994	0.117269093	0.117100754	0.119149801	0.122392698	0.126125768	0.152337688	0.170738249	0.194903814	0.297575421
20191011	0.077405256	0.077640604	0.077624313	0.080781239	0.083347869	0.085739934	0.086936536	0.099005096	0.10651815	0.116054497	0.118057775	0.117692957	0.117650288	0.119194057	0.122268787	0.126338638	0.152938731	0.172529215	0.196253085	0.299702786
20191010	0.077405256	0.077545117	0.076915416	0.080781239	0.083533951	0.085714055	0.087118969	0.099518496	0.107072048	0.116669878	0.118715266	0.118203506	0.118235954	0.120189055	0.123323664	0.127010944	0.153796914	0.17288353	0.196940983	0.308813096
20191009	0.077721294	0.077273096	0.076915416	0.080781239	0.08371263	0.085546068	0.086881083	0.09945261	0.10576945	0.115485929	0.118119427	0.117449545	0.117294491	0.119299301	0.122610499	0.126362399	0.15164016	0.171436934	0.194961917	0.304958991
20191008	0.077405256	0.07718086	0.076915416	0.080781239	0.08371263	0.085700165	0.086754452	0.09907701	0.106344726	0.115727633	0.118428337	0.118276879	0.117840382	0.120157727	0.123665856	0.127789746	0.153294806	0.173752584	0.198936969	0.311572242
20191007	0.077405256	0.077089786	0.076915416	0.080962362	0.08389501	0.085617546	0.086335713	0.099054796	0.106979555	0.115918042	0.118726082	0.118856528	0.118575263	0.120930763	0.124451727	0.128244503	0.155287136	0.178004022	0.208414582	0.317800172
20191004	0.077221395	0.077001546	0.076915416	0.080962362	0.084077391	0.0854467	0.086335786	0.099397251	0.107825298	0.116517216	0.119379421	0.119626086	0.11950754	0.121764114	0.125143138	0.128944277	0.15706955	0.180499465	0.212831774	0.316620287
20191003	0.077221395	0.076543927	0.075674844	0.081143486	0.08389501	0.085854797	0.087070679	0.09960382	0.108317522	0.117189025	0.119942398	0.120474411	0.120054184	0.122128981	0.125547595	0.129663329	0.159282154	0.18123377	0.212091721	0.341732619
20191002	0.077221395	0.076295623	0.075674844	0.081143486	0.084259771	0.085773303	0.08728724	0.09916722	0.108003152	0.117404504	0.120200187	0.120629016	0.120172965	0.122044555	0.125473006	0.129316457	0.160501004	0.181877719	0.209890973	0.338824364
20191001	0.077221395	0.07627285	0.075674844	0.081143486	0.08389501	0.085765297	0.087621082	0.099366197	0.107957299	0.117529888	0.12071104	0.121352602	0.120622189	0.121967664	0.125611035	0.129855633	0.160864998	0.18029084	0.207915958	0.327755008
20190930	0.077221395	0.07627285	0.075674844	0.08132461	0.08389501	0.085951471	0.087620274	0.099293421	0.108002057	0.117947066	0.120831894	0.121156223	0.120389221	0.122474495	0.125643343	0.129481243	0.159686889	0.178857275	0.20203691	0.326893501
20190927	0.077221395	0.07627285	0.075674844	0.080418991	0.084259771	0.085893994	0.087986094	0.099542907	0.108403464	0.118468404	0.121289637	0.121535818	0.121530592	0.12314263	0.126394366	0.130289073	0.160429741	0.179802888	0.207300517	0.311193392
20190926	0.077956837	0.076999258	0.075143171	0.080781239	0.083530249	0.086070872	0.087985745	0.099238273	0.108214083	0.117218928	0.120302272	0.120395017	0.120454294	0.121734611	0.125423495	0.129620328	0.158063862	0.176727267	0.202384779	0.303511828
20190925	0.077956837	0.076999258	0.075143171	0.080781239	0.083530249	0.085989507	0.088363432	0.09893703	0.108220753	0.117961231	0.120951523	0.120811096	0.121129869	0.1227729	0.126473733	0.130493053	0.157352504	0.174683438	0.198867635	0.306412543
20190924	0.077956837	0.076999258	0.075143171	0.080418991	0.083530249	0.085957761	0.088570148	0.099817665	0.109411737	0.119183947	0.121971925	0.121801521	0.121875612	0.123275726	0.126754114	0.13113417	0.159014825	0.177289062	0.205258144	0.308458393
20190923	0.077956837	0.076999258	0.075143171	0.079875619	0.08389501	0.085928156	0.088902024	0.100369325	0.110070459	0.119918172	0.123220897	0.122845567	0.123223313	0.124758217	0.128243392	0.132925974	0.160215242	0.178607537	0.207088484	0.312112716
20190920	0.077956837	0.076999258	0.075143171	0.079875619	0.08389501	0.086079726	0.088902024	0.100258308	0.109268807	0.119281201	0.122392448	0.121830625	0.122747479	0.124523552	0.12760584	0.131876221	0.159683289	0.177337783	0.205357146	0.316698705
20190919	0.077956837	0.076999258	0.076206518	0.080600115	0.084077391	0.086046283	0.08853466	0.099602906	0.108857275	0.118728855	0.121533619	0.121101735	0.121985778	0.123578651	0.126878581	0.131418738	0.158785916	0.176137689	0.202901276	0.312673537
20190918	0.077956837	0.076999258	0.075143171	0.080418991	0.084077391	0.085976392	0.08853466	0.100309519	0.109648203	0.119431872	0.122916758	0.122662052	0.122832152	0.124662886	0.127708085	0.132320565	0.159759662	0.178108125	0.20457083	0.316139844
20190917	0.077956837	0.076999258	0.075143171	0.080237867	0.084077391	0.085946454	0.088572168	0.101352225	0.110672091	0.120758615	0.124291053	0.123691277	0.123887858	0.125722205	0.128580389	0.132935183	0.160874922	0.179293365	0.207254876	0.313140784
20190916	0.077956837	0.076999258	0.075143171	0.080418991	0.084077391	0.086221371	0.08874595	0.10244189	0.111766237	0.122041523	0.125612254	0.125114709	0.125353698	0.126793474	0.129709463	0.133850579	0.163188044	0.182194915	0.206987752	0.313738857
20190913	0.077956837	0.076999258	0.075143171	0.080418991	0.084077391	0.086331235	0.088747933	0.102825521	0.111989038	0.121291242	0.125647947	0.125058607	0.124993154	0.126181543	0.129391489	0.13386691	0.160246155	0.178650734	0.20444695	0.317198769
20190912	0.077956837	0.076636054	0.076383742	0.080056743	0.08389501	0.086418041	0.088929117	0.102856962	0.111895724	0.121615933	0.125436699	0.124939322	0.124660058	0.125809248	0.12999308	0.134337936	0.160652643	0.178562455	0.206494384	0.320116682
20190911	0.077695259	0.076649819	0.076383742	0.079875619	0.08389501	0.086171512	0.088562984	0.102505211	0.111771385	0.121135654	0.124769601	0.124449152	0.124607634	0.125308458	0.129415569	0.133764477	0.160192396	0.17947454	0.208651558	0.339430105
20190910	0.077956837	0.076731722	0.076738191	0.079875619	0.08389501	0.08611647	0.088744517	0.101055043	0.110321685	0.119365526	0.122601087	0.122175961	0.122441397	0.123445833	0.127280295	0.131518703	0.157389561	0.178723827	0.209418018	0.329965205
20190909	0.078140698	0.076745396	0.076738191	0.079151124	0.08371263	0.085677642	0.088740274	0.101366355	0.11057864	0.1199118	0.123384395	0.122985022	0.123122221	0.12419148	0.12830098	0.132841457	0.160185058	0.183459807	0.218151185	0.344205449
20190906	0.078048767	0.076777322	0.075852069	0.079332248	0.08371263	0.085482854	0.088636016	0.101272262	0.110595196	0.120131745	0.123441958	0.123060995	0.122779617	0.123792537	0.127637023	0.132444952	0.159799475	0.185055676	0.221388873	0.34017069
20190905	0.078140698	0.076779447	0.075852069	0.079332248	0.08371263	0.085415914	0.089112928	0.101654435	0.112355778	0.121418784	0.124955002	0.124694969	0.124649671	0.125722642	0.129626771	0.134284313	0.164229179	0.190387532	0.227754557	0.342335061
20190904	0.078140698	0.076999258	0.075852069	0.079332248	0.08371263	0.085383947	0.089298318	0.102017978	0.112866473	0.12165174	0.125070479	0.125260006	0.124720579	0.126568471	0.130446859	0.135091124	0.165521552	0.191619141	0.228322735	0.352738802
20190903	0.078140698	0.077040736	0.075852069	0.07897	0.08371263	0.086099942	0.089474211	0.102017187	0.112792674	0.121805439	0.124984587	0.125758587	0.124959801	0.126806758	0.13097266	0.135974017	0.16673069	0.193329776	0.229536462	0.364144205
20190902	0.078140698	0.07718086	0.07549762	0.078788876	0.08389501	0.086896915	0.089473899	0.102360732	0.112982619	0.122423094	0.126422569	0.12701213	0.125690536	0.127169232	0.131913081	0.136485699	0.168598599	0.196917611	0.233509952	0.361567299
20190830	0.078140698	0.07718086	0.07549762	0.078788876	0.08371263	0.08711085	0.089680982	0.103768985	0.113848407	0.123378635	0.127302855	0.127044685	0.125752635	0.127181155	0.13167876	0.136591202	0.16965309	0.198383196	0.235528016	0.355522806
20190829	0.078140698	0.07718086	0.07549762	0.078788876	0.083530249	0.087064514	0.089540135	0.104509446	0.114421391	0.123986305	0.128030221	0.127581499	0.126866642	0.127912381	0.132894797	0.138246732	0.170197259	0.198250277	0.234344113	0.364440552
20190828	0.078140698	0.07718086	0.07549762	0.079151124	0.08389501	0.087386726	0.089937531	0.105137309	0.115598368	0.124690877	0.128582287	0.127902169	0.126956105	0.127997785	0.132738667	0.137986747	0.169731152	0.197849356	0.237386909	0.359807413
20190827	0.078140698	0.07718086	0.07549762	0.079694495	0.084442151	0.087339117	0.090555345	0.10588763	0.117515665	0.126166235	0.130087886	0.129099878	0.127816901	0.129258591	0.133640219	0.138855285	0.172783769	0.201682659	0.241583222	0.357705983
20190826	0.078140698	0.07718086	0.076206518	0.080056743	0.08389501	0.087712868	0.08966322	0.10644632	0.118224874	0.127071886	0.130652008	0.12954427	0.128833809	0.130499174	0.134720402	0.139649141	0.172265688	0.201681846	0.241846982	0.377622859
20190823	0.078140698	0.07718086	0.076206518	0.080056743	0.08371263	0.087488787	0.089540814	0.106490976	0.119262598	0.127678754	0.13120549	0.129804116	0.129868434	0.131752088	0.135757076	0.140480425	0.172678436	0.20122694	0.241314116	0.377631461
20190822	0.078140698	0.07718086	0.076206518	0.080056743	0.08371263	0.087422271	0.089304728	0.1067883	0.119134035	0.128251202	0.131986459	0.130987603	0.130814811	0.132759089	0.136776725	0.141586416	0.173446943	0.20228054	0.241645609	0.38884389
20190821	0.07906	0.07808887	0.076206518	0.079875619	0.08371263	0.087320745	0.089482036	0.106473648	0.11893092	0.128027561	0.131843305	0.13101085	0.130568845	0.132499943	0.136232242	0.141253849	0.172711249	0.199616471	0.235575732	0.399328457
20190820	0.078140698	0.07808887	0.076206518	0.079332248	0.08389501	0.087248788	0.089481963	0.106680129	0.119055396	0.127949658	0.132771166	0.13126738	0.131006356	0.132586299	0.136139312	0.141581946	0.172978239	0.199131296	0.234959968	0.398469389
20190819	0.078140698	0.078814225	0.07709264	0.079332248	0.08389501	0.087178638	0.089667243	0.105879475	0.117710844	0.127803887	0.131745276	0.130072553	0.130197998	0.132236171	0.135556137	0.140082324	0.17107076	0.196268941	0.231198414	0.381277189
20190821	0.078140698	0.078276828	0.077269864	0.079513372	0.084077391	0.087039538	0.089897819	0.106202756	0.1181625	0.128564821	0.1326286	0.130697233	0.130889754	0.133222789	0.136543048	0.14145374	0.172432751	0.198251682	0.23397084	0.386718821
20190820	0.078140698	0.07808887	0.077307578	0.079151124	0.084259771	0.087279722	0.090027369	0.105441978	0.117383544	0.128032846	0.132258929	0.130500137	0.130436369	0.132788606	0.136087564	0.140977188	0.171913793	0.198536107	0.236692485	0.370925236
20190819	0.078140698	0.077959152	0.07709264	0.079513372	0.085171673	0.087352398	0.09111844	0.105322086	0.117248225	0.127660591	0.132194748	0.131156775	0.131241865	0.133364054	0.136631845	0.141480631	0.173172784	0.199146948	0.2375647	0.372919687
20190808	0.077221395	0.077700605	0.076206518	0.079513372	0.086265956	0.088654991	0.0894534	0.105283211	0.117113197	0.128024033	0.133147295	0.131576022	0.131505031	0.134168272	0.137757076	0.142919792	0.175038317	0.201965735	0.239093285	0.386034213
20190807	0.077772977	0.077364587	0.077624313	0.079694495	0.085536434	0.088383412	0.089456321	0.104190489	0.115638885	0.126861793	0.131615244	0.130506592	0.13085238	0.133018209	0.136743924	0.141721572	0.174339786	0.201958293	0.23917057	0.375474294
20190806	0.077221395	0.076817656	0.075852069	0.079694495	0.084624532	0.088306364	0.089085761	0.102792253	0.114831316	0.126188261	0.130754857	0.12985091	0.129930197	0.132099388	0.135756609	0.140698477	0.174042876	0.201938064	0.240315643	0.396375394
20190805	0.077221395	0.07627285	0.075143171	0.078245505	0.082435966	0.087153072	0.087800117	0.102027205	0.114314224	0.125822411	0.130637168	0.129666574	0.129343666	0.130734037	0.134591852	0.139523698	0.173892937	0.200991725	0.238934326	0.383625738
20190804	0.077221395	0.07627285	0.075143171	0.078245505	0.082435966	0.086241035	0.086881873	0.102293334	0.11388405	0.12554082	0.130171059	0.129179392	0.12874369	0.131029203	0.134258344	0.138464072	0.17300609	0.199410679	0.233128235	0.374225394
20190801	0.077221395	0.076592996	0.074965946	0.076977638	0.081888825	0.085372419	0.086881817	0.103667176	0.11535306	0.126995104	0.131434918	0.130258399	0.13029641	0.131762624	0.13508599	0.139842623	0.172512935	0.198295067	0.230746864	0.371265172
20190731	0.077405256	0.076461335	0.074965946	0.076977638	0.081888825	0.085251783	0.086884279	0.104109647	0.11597619	0.127424005	0.132262587	0.131682936	0.131441871	0.132945547	0.136057379	0.140860389	0.172727307	0.199445051	0.231153809	0.372569383
20190730	0.077221395	0.076454452	0.074965946	0.077521009	0.081888825	0.085219927	0.086908984	0.104800232	0.116737547	0.127847354	0.132900641	0.132296949	0.131462003	0.132524212	0.136368122	0.140985391	0.173107021	0.199333237	0.232263888	0.347552487
20190729	0.077221395	0.076739821	0.075852069	0.076977638	0.081888825	0.085186945	0.087248887	0.105241367	0.117372581	0.12860205	0.133274957	0.132806795	0.13253611	0.134153718	0.137517117	0.142224402	0.174236364	0.198770447	0.230435881	0.372676399
20190728	0.077221395	0.076630224	0.075852069	0.077339885	0.082071205	0.085330749	0.087065205	0.105303826	0.11767515	0.129383472	0.134605653	0.134587874	0.134223623	0.135308408	0.139273441	0.144463828	0.176162657	0.201111401	0.23367865	0.378924219
20190725	0.077221395	0.07627285	0.074434273	0.077521009	0.081524064	0.08586081	0.08651416	0.105207308	0.117827144	0.130310247	0.134795985	0.13497597	0.134758135	0.136430699	0.140447033	0.145414035	0.176284079	0.200254224	0.231626278	0.385748308
20190724	0.077221395	0.07627285	0.074434273	0.077521009	0.081888825	0.086196045	0.08651416	0.104705102	0.117136115	0.130083512	0.134894109	0.135031683	0.135044309	0.13644085	0.140682543	0.145804068	0.176184194	0.200177666	0.231527989	0.385638666
20190723	0.077221395	0.07627285	0.074079824	0.077702133	0.081888825	0.085767179	0.086548361	0.103370978	0.116351584	0.129583314	0.13455302	0.135143678	0.135202362	0.137187806	0.141137244	0.146660253	0.178457335	0.203674547	0.237355868	0.376337716
20190722	0.077221395	0.07627285	0.074079824	0.077339885	0.082071205	0.085742996	0.087092335	0.10108165	0.114278581	0.126891311	0.131973209	0.13243742	0.132727236	0.134939801	0.138744303	0.143378466	0.174698057	0.197861242	0.225807329	0.365186658
20190721	0.077405256	0.076335321	0.074079824	0.077339885	0.082071205	0.085715604	0.086907184	0.100328588	0.113303728	0.125962747	0.130808524	0.131516499	0.131268768	0.133664639	0.13722211	0.141933067	0.171257841	0.194903537	0.224120479	0.352462637
20190718	0.077405256	0.076950552	0.075852069	0.077339885	0.082800727	0.08580265	0.086541877	0.099872515	0.112134841	0.125329772	0.129544473	0.129339943	0.130218004	0.132843832	0.136367908	0.140984936	0.170106548	0.194423469	0.222428646	0.357654652
20190717	0.077405256	0.07645921	0.075320395	0.077158761	0.082800727	0.085683564	0.086596339	0.099445071	0.111171105	0.124157999	0.12852046	0.128915467	0.129291005	0.132490453	0.135951253	0.140366745	0.168236833	0.190896597	0.217813658	0.349947677
20190716	0.077221395	0.076454452	0.075320395	0.077158761	0.082800727	0.08566379	0.086541216	0.099522486	0.111705693	0.123836637	0.128736543	0.129396717	0.129454098	0.132142968	0.136065886	0.141135331	0.168510781	0.189024834	0.217734162	0.358823241
20190715	0.077221395	0.075948817	0.073370926	0.077158761	0.082983108	0.085692602	0.086544449	0.099313843	0.111444633	0.1232001	0.128274156	0.129034842	0.129898506	0.133181059	0.136830471	0.141833742	0.170025138	0.190977085	0.220291555	0.346101861
20190714	0.077221395	0.076016954	0.073370926	0.077158761	0.082983108	0.085509785	0.086353916	0.097465632	0.10996088	0.121838002	0.126492842	0.127476258	0.127755444	0.130937653	0.134792336	0.139706914	0.167882405	0.188790732	0.215001727	0.353235478
20190711	0.077221395	0.072906057	0.070548467	0.077339885	0.082618347	0.085610186	0.086351601	0.096931635	0.109231489	0.121732704	0.126036833	0.127022215	0.127848969	0.130727137	0.13460381	0.13926785	0.166571049	0.187941677	0.216216328	0.346189652
20190710	0.074981442	0.073443454	0.069826437	0.077339885	0.082618347	0.08559685	0.086573673	0.097355933	0.109590993	0.12218711	0.127294537	0.128163016	0.128755501	0.131961732	0.135618061	0.140521289	0.168234986	0.190776621	0.220013117	0.352946498
20190709	0.077221395	0.073548819	0.069826437	0.077702133	0.082618347	0.085896872	0.086717679	0.097450553	0.109886619	0.121955609	0.127462011	0.128383942	0.128939299	0.131586145	0.135255847	0.140375929	0.168526575	0.189494105	0.218397104	0.350588696
20190708	0.077221395	0.073785483	0.069826437	0.077339885	0.083165488	0.086224231	0.087089323	0.098854589	0.110881705	0.122524461	0.127775614	0.129005155	0.129255753	0.131679031	0.135806158	0.14100489	0.169748203	0.190658074	0.217660998	0.358350294
20190707	0.077221395	0.073418574	0.069826437	0.077339885	0.083347869	0.086334666	0.087275007	0.099939948	0.111199684	0.122609221	0.129213565	0.129395313	0.129668316	0.132328951	0.136062789	0.14124696	0.169252873	0.190896833	0.216861605	0.357111859
20190704	0.077221395	0.073534527	0.073548151	0.077158761	0.08389501	0.086303437	0.087279066	0.100634769	0.112874494	0.123413188	0.129776049	0.129943437	0.130246066	0.132329638	0.136133257	0.141337334	0.167209729	0.18738412	0.211479521	0.356886098
20190703	0.076222868	0.073928113	0.070889784	0.077521009	0.084077391	0.086355934	0.087528782	0.101473612	0.113723093	0.124080197	0.130439107	0.131328233	0.131362195	0.133488319	0.137329538	0.141852848	0.168894127	0.191305907	0.216542489	0.357422278
20190702	0.077221395	0.074093625	0.070889784	0.078788876	0.084442151	0.086754512	0.088016475	0.102542433	0.115025469	0.124681629	0.130464779	0.131718017	0.132047627	0.134499629	0.137658913	0.141724544	0.168531844	0.191056587	0.214030135	0.379679197
20190701	0.077221395	0.074290573	0.070889784	0.078788876	0.084806912	0.08700984	0.088381837	0.101928156	0.11386486	0.123576269	0.128839233	0.130885649	0.130898898	0.133649557	0.136704677	0.141096688	0.167963994	0.188437774	0.211713057	0.365997544
20190630	0.077221395	0.074224924	0.071598682	0.078788876	0.084989293	0.086980198	0.088566474	0.102503242	0.11418602	0.12408968	0.130284389	0.132048876	0.131517163	0.134572476	0.138198429	0.142654023	0.171798621	0.191464193	0.214629083	0.381315093
20190627	0.076529234	0.075005976	0.071775906	0.078788876	0.084077391	0.086479521	0.088121799	0.102389993	0.113490031	0.12256925	0.128564313	0.129272023	0.129604835	0.132598103	0.136387752	0.1410884	0.169507765	0.188484033	0.215265869	0.372371598
20190626	0.077221395	0.075183238	0.071775906	0.078788876	0.083530249	0.086369916	0.087467561	0.101183757	0.112028307	0.120837522	0.125929753	0.126684961	0.126148696	0.128482727	0.133052671	0.138035814	0.165936159	0.186385185	0.217850259	0.348337701
20190625	0.077221395	0.075338889	0.071598682	0.078788876	0.083347869	0.086430031	0.086916313	0.10069113	0.110737869	0.119001633	0.123837684	0.123910365	0.124701285	0.126996389	0.131449595	0.135915396	0.164364516	0.187755183	0.22053019	0.359516362
20190624	0.078324558	0.075367491	0.071598682	0.077339885	0.082983108	0.085648203	0.086548857	0.099935396	0.109845093	0.117688621	0.122217275	0.12156788	0.122603247	0.125085966	0.129968104	0.136787802	0.161681732	0.181797009	0.212554081	0.372431704
20190623	0.078324558	0.075441603	0.071775906	0.077883257	0.082983108	0.085624149	0.086367967	0.099919737	0.109924929	0.117972571	0.122436937	0.121975474	0.122535913	0.124700374	0.129849932	0.134281514	0.16336217	0.185253851	0.217241773	0.353215707
20190620	0.077863124	0.076101944	0.071775906	0.07661539	0.082983108	0.085552174	0.086438428	0.099411539	0.10964562	0.117128064	0.121276499	0.12152781	0.12096013	0.123113669	0.128443055	0.134788432	0.161151361	0.184608986	0.216306705	0.326454148
20190619	0.078324558	0.07627285	0.071775906	0.077702133	0.082800727	0.085387102	0.086371806	0.099480254	0.109949472	0.117811245	0.122481315	0.12218745	0.122165331	0.123770899	0.129314334	0.135537384	0.162888958	0.185975559	0.214777744	0.332715554
20190618	0.078324558	0.076428501	0.071775906	0.077883257	0.082435966	0.085530869	0.086147623	0.098989824	0.109744202	0.117331669	0.122515831	0.12275038	0.121060999	0.122675599	0.127931726	0.133593712	0.162029994	0.183407637	0.213507138	0.32204716
20190617	0.079427721	0.076457103	0.071775906	0.077883257	0.082435966	0.085507369	0.085964033	0.098499059	0.108991944	0.118138997	0.122837164	0.123574397	0.121575686	0.122837987	0.127475824	0.13293969	0.161309303	0.181511313	0.205526434	0.325627792
20190616	0.079427721	0.076644516	0.074079824	0.078426628	0.081706445	0.085547212	0.086331378	0.100213563	0.111005257	0.12127027	0.125227026	0.127280372	0.126149324	0.127515857	0.132135129	0.137530038	0.164495029	0.184703042	0.214711605	0.32670194
20190613	0.078966286	0.077191556	0.07230758	0.079513372	0.081888825	0.085622729	0.086339386	0.102545895	0.113504124	0.123248836	0.127316105	0.128621138	0.128087605	0.129816829	0.134057228	0.139432255	0.166778495	0.187783257	0.214430282	0.36063068
20190612	0.079427721	0.077362462	0.07230758	0.079694495	0.081159303	0.085596536	0.086331451	0.102940669	0.113260953	0.122964819	0.127079535	0.128359111	0.126984027	0.129336209	0.133067928	0.138191599	0.164499622	0.185689633	0.213892089	0.359066754
20190611	0.079427721	0.077518113	0.07230758	0.079694495	0.081524064	0.085381365	0.086147623	0.101544612	0.111162724	0.121523697	0.125740154	0.12552795	0.124681976	0.12667936	0.130282083	0.135201759	0.160817731	0.181209531	0.207749048	0.355210532
20190610	0.079611581	0.077652607	0.073193702	0.07897	0.081524064	0.085348789	0.086698613	0.101071053	0.110351581	0.120852323	0.124579842	0.124138059	0.123842667	0.125126137	0.128727317	0.133633435	0.159612489	0.182013977	0.21194853	0.320491515
20190609	0.079611581	0.077729897	0.076383742	0.081505734	0.082435966	0.085823383	0.086698466	0.100110419	0.109784343	0.119071843	0.123250164	0.122499006	0.121658797	0.123203726	0.127667144	0.132865806	0.157672894	0.180251054	0.210744517	0.325357327
20190606	0.079380855	0.078003408	0.074434273	0.080962362	0.082983108	0.086154265	0.086885987	0.099020421	0.108555271	0.117850966	0.121905056	0.121124489	0.12027421	0.121776341	0.126150943	0.131394733	0.156946776	0.180105325	0.211522765	0.310317118
20190605	0.079611581	0.07808887	0.074434273	0.081143486	0.083165488	0.086326679	0.087093694	0.097598284	0.10737159	0.116349418	0.120571958	0.119584506	0.119810285	0.120719547	0.124781481	0.129914904	0.155374458	0.179777592	0.213203738	0.34322955
20190604	0.079611581	0.078109518	0.076206518	0.08132461	0.083165488	0.086314892	0.087248887	0.097023496	0.106579926	0.116415731	0.120889903	0.119898661	0.120108311	0.120429933	0.124903697	0.130176879	0.157686281	0.184342326	0.220551077	0.32951508
20190603	0.079795442	0.078248062	0.074434273	0.08132461	0.083347869	0.086495071	0.087432569	0.096132879	0.105415897	0.116276081	0.121462949	0.120201745	0.120387979	0.120653799	0.125626229	0.131170762	0.15951536	0.184921233	0.219065755	0.344597532
20190602	0.079795442	0.07730898	0.073725375	0.081867982	0.08389501	0.086466812	0.087065205	0.095337567	0.104541729	0.115918644	0.120548385	0.11922677	0.119747502	0.119998539	0.124960426	0.130621701	0.158169744	0.182497454	0.209038893	0.353496517
20190530	0.079795442	0.077764838	0.073725375	0.081867982	0.08371263	0.086471221	0.087065205	0.095385633	0.104673114	0.11577324	0.120825007	0.118682201	0.119180488	0.120344119	0.124615934	0.129871694	0.156044019	0.177555296	0.203716333	0.344127135
20190529	0.079795442	0.077907268	0.073725375	0.082230229	0.083530249	0.086426028	0.087088992	0.095741532	0.10570947	0.117071117	0.121844375	0.120283201	0.119957504	0.121479008	0.12511983	0.129969607	0.155501107	0.176920225	0.202971349	0.343137749
20190528	0.079795442	0.078036986	0.073725375	0.082049106	0.08371263	0.086426416	0.087091454	0.095517968	0.106397985	0.117488813	0.12331436	0.119916351	0.120405388	0.121359818	0.125199854	0.130069142	0.154103601	0.174061619	0.201420828	0.340687361
20190527	0.079979302	0.07815964	0.073725375	0.082230229	0.084442151	0.086623178	0.08745226	0.094260205	0.10602714	0.116164762	0.120179382	0.118176672	0.117254018	0.118709339	0.121444402	0.125568628	0.149501059	0.169026644	0.193459105	0.340403708
20190526	0.079979302	0.07881052	0.075674844	0.082773601	0.085354054	0.086994253	0.087634656	0.09387167	0.105912995	0.115915951	0.120167723	0.118106019	0.118317305	0.11980641	0.122797307	0.126786151	0.1478492	0.167396513	0.192563393	0.323398124
20190523	0.08013312	0.079419177	0.078864885	0.082954725	0.085718815	0.087336277	0.087857333	0.093697209	0.106085923	0.115570154	0.119712922	0.117640635	0.11752919	0.120246013	0.122756858	0.12656159	0.147156158	0.166882855	0.188826004	0.33963059
20190522	0.079979302	0.079360084	0.078864885	0.082954725	0.085718815	0.087266275	0.087821626	0.094452855	0.106431507	0.115474155	0.120104592	0.118335685	0.118226488	0.120988316	0.123499475	0.12747378	0.148606526	0.168609267	0.193139581	0.317246091
20190521	0.079979302	0.0793082	0.078864885	0.082954725	0.085718815	0.087552352	0.087616563	0.094012072	0.105678428	0.115760413	0.11982595	0.118888485	0.118502079	0.120967484	0.123886058	0.128310896	0.148818797	0.167733567	0.190057306	0.319887299
20190520	0.079979302	0.079235142	0.078864885	0.082954725	0.085901195	0.087975869	0.087800208	0.094383507	0.10610785	0.115989004	0.12077573	0.119867182	0.119426942	0.122733628	0.126454482	0.131142802	0.152669724	0.175797037	0.196206043	0.338753613
20190519	0.079979302	0.076144185	0.077624313	0.082954725	0.085901195	0.088174808	0.088167444	0.094404719	0.106209048	0.115042227	0.119844847	0.118365416	0.118545526	0.121225083	0.124468993	0.12868811	0.14948669	0.171493824	0.18672856	0.328003166
20190516	0.079979302	0.075428909	0.077624313	0.082954725	0.085901195	0.088110173	0.089086183	0.094250152	0.106129468	0.115197531	0.120331332	0.118857215	0.118725386	0.121435704	0.124455974	0.128558099	0.14935112	0.167262086	0.180765403	0.324577769
20190515	0.079979302	0.07536484	0.077624313	0.082954725	0.085901195	0.088087688	0.089085743	0.094667579	0.10609456	0.115171608	0.120246044	0.118865791	0.11871197	0.121447085	0.124445824	0.128679049	0.150236172	0.166773369	0.18024842	0.323786504
20190514	0.079979302	0.075502494	0.077624313	0.085128211	0.087725	0.090186478	0.087508705	0.094617703	0.10611924	0.114964658	0.118310521	0.117194689	0.117275504	0.120610668	0.123568831	0.127605167	0.148951178	0.163341515	0.177905614	0.326257284
20190513	0.079979302	0.076084892	0.077624313	0.083498096	0.087725	0.090168843	0.087501156	0.094659301	0.106178707	0.114528682	0.118594475	0.117221403	0.117803273	0.121435533	0.124255793	0.128081559	0.148385292	0.162449966	0.179694323	0.315511295
20190512	0.079979302	0.07899688	0.07709264	0.082411353	0.087360239	0.089799834	0.087817456	0.093950421	0.105096464	0.113709446	0.118021016	0.117074896	0.117739639	0.120761251	0.123552437	0.127476298	0.147439323	0.160970498	0.176072352	0.301784348
20190509	0.07906	0.07808887	0.076206518	0.079694495	0.085718815	0.089157198	0.08419176	0.094534611	0.105747011	0.113599566	0.117575187	0.116531747	0.118317947	0.12051884	0.123031792	0.126760143	0.147641786	0.161899347	0.17522893	0.306488792
20190508	0.07906	0.07808887	0.076206518	0.079694495	0.085718815	0.089020311	0.088696851	0.095866275	0.10672159	0.116470772	0.12065222	0.121063651	0.120642405	0.124633885	0.127782245	0.131916153	0.153985757	0.169606111	0.189016898	0.342022885
20190507	0.07906	0.077621899	0.074079824	0.080056743	0.085718815	0.088484532	0.088858528	0.09709541	0.109174826	0.12088706	0.124443544	0.12458771	0.124109378	0.129515411	0.13266514	0.136980683	0.159006485	0.179327469	0.200579771	0.34201978
20190506	0.07906	0.077731495	0.074079824	0.079875619	0.084806912	0.087924165	0.088942305	0.096587036	0.107790544	0.117642762	0.121724889	0.120661332	0.121254289	0.124993768	0.128189015	0.132231271	0.152546464	0.172088003	0.196199615	0.347549877
20190505	0.07906	0.076917719	0.074079824	0.079151124	0.084624532	0.087448372	0.087217276	0.095328429	0.106890722	0.115099977	0.119502581	0.117570818	0.118202629	0.120599683	0.124483959	0.128896978	0.150278328	0.170846986	0.196471255	0.330221128
20190502	0.078752383	0.077252756	0.074079824	0.07897	0.084624532	0.086937422	0.085273297	0.096164196	0.107463877	0.116089502	0.120144866	0.119546736	0.118045763	0.120625433	0.124111393	0.128377474	0.151526444	0.172602885	0.19768955	0.348395555
20190501	0.07906	0.077362462	0.073548151	0.081867982	0.084624532	0.086898722	0.086961517	0.095506018	0.106642592	0.115491866	0.119488409	0.118641623	0.117110401	0.119992273	0.123234817	0.127527047	0.149517296	0.170700657	0.193053112	0.37271633
20190430	0.07887614	0.077452991	0.073725375	0.082049106	0.084806912	0.086898981	0.086805534	0.096076465	0.106582235	0.115278478	0.120359215	0.118900542	0.117008429	0.120497836	0.123564672	0.127654148	0.150680793	0.172418774	0.196289123	0.353547362
20190429	0.07906	0.077521654	0.073725375	0.082049106	0.084077391	0.086277392	0.08608394	0.093923778	0.104326009	0.112310788	0.117450181	0.115511621	0.114891028	0.118627201	0.121876769	0.125760857	0.14801072	0.168203784	0.196952382	0.337180681
20190428	0.07906	0.077096669	0.074611498	0.082049106	0.08389501	0.085697656	0.08554173	0.092800283	0.102164225	0.109546218	0.113380566	0.113049745	0.112323299	0.115415709	0.117718718	0.120944353	0.141301984	0.161671929	0.189064957	0.306138592
20190425	0.079718533	0.078605183	0.076206518	0.081686858	0.08389501	0.085773303	0.085474722	0.093587176	0.10306639	0.110083728	0.11442831	0.115039887	0.114365227	0.11780794	0.119993652	0.123223871	0.143084894	0.166666874	0.191614696	0.311231729
20190424	0.079795442	0.078633676	0.076206518	0.081686858	0.084077391	0.085773303	0.085750209	0.094503698	0.103849707	0.110818739	0.116344555	0.117410102	0.115392927	0.119364679	0.121640045	0.125015712	0.146033677	0.169040337	0.190713048	0.349065329
20190423	0.07906	0.07777755	0.074434273	0.081686858	0.084077391	0.085499068	0.085567941	0.094726664	0.103710284	0.110152935	0.114778465	0.115018044	0.114570049	0.117796559	0.119924725	0.123152075	0.141700659	0.16828653	0.193627266	0.314102791
20190422	0.079795442	0.078815278	0.076383742	0.081867982	0.084259771	0.085482411	0.085570274	0.093378884	0.100994859	0.109129308	0.113372692	0.1122769	0.113009987	0.116539877	0.118689121	0.121715506	0.140128109	0.167057408	0.191794638	0.357133762
20190421	0.07906	0.078788801	0.077978762	0.08132461	0.082983108	0.084570927	0.08466261	0.09436718	0.102153775	0.110430479	0.115174795	0.115339744	0.113985584	0.119075594	0.121696129	0.125169864	0.144536761	0.172450455	0.200463266	0.325984687
20190418	0.079205415	0.078528637	0.077978762	0.08132461	0.082983108	0.084551633	0.084367562	0.092688299	0.099574079	0.10859347	0.113893566	0.113635893	0.112186146	0.118026863	0.120892954	0.124492217	0.142909744	0.168565802	0.196334272	0.311280562
20190417	0.07906	0.078270472	0.07709264	0.080056743	0.082071205	0.08362043	0.083558553	0.09123154	0.097976933	0.106346842	0.110588966	0.109525163	0.1099564	0.113340506	0.116176618	0.119820704	0.138860556	0.160888707	0.180778953	0.297585535
20190416	0.07906	0.077764838	0.075320395	0.080056743	0.082071205	0.083611557	0.083193632	0.09070756	0.097911309	0.106153222	0.109834767	0.108367748	0.109284064	0.112458287	0.115021025	0.118526044	0.138686842	0.158319523	0.176510332	0.290162879
20190415	0.07906	0.076804944	0.0739026	0.079875619	0.081888825	0.083606153	0.083743851	0.089724783	0.096924638	0.104669469	0.108151959	0.106631775	0.107488883	0.111118131	0.113744897	0.117217202	0.136715036	0.156123106	0.174559235	0.279743945
20190414	0.07906	0.074822158	0.072662029	0.077521009	0.078970738	0.082719441	0.083378655	0.089549127	0.096444146	0.104075814	0.107933442	0.106861471	0.107797674	0.111155103	0.113773451	0.117229506	0.13728524	0.156749431	0.175459413	0.281202695
20190411	0.07906	0.075956245	0.072662029	0.077339885	0.078970738	0.082652925	0.082884514	0.089410359	0.095378185	0.103318108	0.107684481	0.107151422	0.108109745	0.111470373	0.114082816	0.117664849	0.138433566	0.158283319	0.17642363	0.309628755
20190410	0.07906	0.07627285	0.072662029	0.077339885	0.078970738	0.08189967	0.082226217	0.0888642	0.095436677	0.103030629	0.106517012	0.106698499	0.10746272	0.111049012	0.114037539	0.117920132	0.139842938	0.162190292	0.185326739	0.296995129
20190409	0.07906	0.075690452	0.070180886	0.076253142	0.078788357	0.080401053	0.082289477	0.087436721	0.093578625	0.101584891	0.105541051	0.105035287	0.106155408	0.110360296	0.112969176	0.116523764	0.137403896	0.160201601	0.184618668	0.288277478
20190408	0.07906	0.075795454	0.069826437	0.076253142	0.078788357	0.080400279	0.081922113	0.086653817	0.093103573	0.10092693	0.104877755	0.105109257	0.106292883	0.110178808	0.112612182	0.115965531	0.136755102	0.15988637	0.188313843	0.280217984
20190407	0.077906404	0.075988007	0.070889784	0.076072018	0.078788357	0.080212371	0.079717931	0.084515225	0.092139084	0.098546072	0.101159105	0.101743822	0.103047289	0.106038978	0.108280078	0.111594304	0.13098031	0.148606151	0.175128574	0.259451151
20190404	0.07906	0.07627285	0.069826437	0.075528647	0.078058835	0.079870624	0.079713614	0.084032105	0.091350807	0.097900654	0.100243731	0.099772998	0.101390491	0.104736058	0.106422848	0.109335624	0.128650338	0.143970826	0.168896478	0.255520768
20190403	0.07906	0.076532286	0.069649213	0.075528647	0.077694075	0.079874534	0.079713816	0.083941738	0.091478908	0.098209072	0.100285436	0.100675005	0.102191743	0.104222379	0.105882384	0.108980303	0.128042063	0.144135355	0.1690748	0.261539453
20190402	0.07906	0.074576487	0.069471988	0.074804151	0.077146933	0.079501706	0.078980705	0.083316458	0.091367294	0.096891461	0.099127892	0.099619081	0.10038457	0.102995438	0.104974057	0.108171049	0.127066459	0.145009524	0.167265204	0.257927545
20190401	0.07906	0.072797532	0.069649213	0.075166399	0.077511694	0.079686165	0.079164222	0.082581919	0.08965602	0.096187641	0.098158358	0.098103496	0.098854663	0.10116849	0.103266245	0.106486859	0.125641366	0.142918102	0.164498967	0.258509783
20190331	0.077405256	0.073573699	0.069649213	0.075166399	0.077511694	0.080902412	0.079509488	0.083286705	0.089557011	0.095887167	0.098379976	0.098521263	0.099088189	0.100864983	0.102874921	0.106150706	0.124395668	0.140997177	0.162036785	0.254686116
20190328	0.07906	0.073912023	0.069117539	0.075166399	0.079335499	0.082713944	0.081916401	0.082887626	0.089554189	0.095310722	0.098556739	0.098799486	0.099123539	0.100910692	0.102388228	0.105250279	0.123729865	0.139559894	0.158424022	0.254385101
20190327	0.07906	0.07430541	0.069117539	0.075166399	0.080247401	0.083012804	0.08338457	0.08439064	0.091161357	0.097354915	0.100253576	0.100008536	0.100266822	0.101840432	0.103474566	0.106489302	0.123787826	0.138339232	0.15364434	0.25820873
20190326	0.077374606	0.074145509	0.069117539	0.077158761	0.081159303	0.083478194	0.083936368	0.085985445	0.092951185	0.098128409	0.10030104	0.099418175	0.099825556	0.101398648	0.103293775	0.106350929	0.122182779	0.134497176	0.151545581	0.244046313
20190325	0.077753855	0.074903788	0.068054193	0.077521009	0.081524064	0.083432208	0.084075746	0.085493486	0.093140447	0.097830244	0.100152207	0.099414798	0.099413118	0.100427218	0.101854337	0.104582406	0.121458688	0.133677995	0.149565971	0.240246113
20190324	0.07906	0.075183238	0.068054193	0.077521009	0.081341684	0.084303462	0.084487745	0.085458196	0.092926334	0.097821212	0.100291274	0.099249481	0.098936684	0.099911266	0.101487977	0.104406496	0.120422864	0.132532108	0.147335387	0.231533452
20190321	0.07906	0.075483971	0.068408641	0.07897	0.081341684	0.084274354	0.08485498	0.08684775	0.094276222	0.099810465	0.101983212	0.101559142	0.100872564	0.102066545	0.103397348	0.106029966	0.122385158	0.133518888	0.147178152	0.247378525
20190320	0.07906	0.075414072	0.068054193	0.078607752	0.081341684	0.084260114	0.085039911	0.087786679	0.094530732	0.100706567	0.102472878	0.102188184	0.101259201	0.102366403	0.103923465	0.106689955	0.122348407	0.133957062	0.14615867	0.235554065
20190319	0.07906	0.075799522	0.073370926	0.079332248	0.082983108	0.084696175	0.085223593	0.08769401	0.094758236	0.100359466	0.101987872	0.101673213	0.101021556	0.101949378	0.103131805	0.105577554	0.12070663	0.133440815	0.144726384	0.232773951
20190318	0.078819621	0.077053684	0.073370926	0.078788876	0.082989619	0.084677028	0.085190181	0.08807156	0.09488107	0.100379351	0.10258554	0.102762977	0.101986781	0.102395616	0.103472695	0.105926735	0.121195699	0.133628872	0.144991136	0.233372982
20190317	0.07906	0.077362462	0.073370926	0.079694495	0.082993978	0.084670535	0.08522418	0.087723412	0.094585154	0.099802504	0.102470667	0.102154404	0.101279026	0.101936225	0.103045752	0.105545064	0.120476813	0.132231036	0.144109467	0.236770133
20190314	0.07906	0.076259084	0.071421457	0.076977638	0.082800727	0.084858111	0.085591416	0.08727168	0.09484163	0.100060548	0.102180048	0.10211121	0.101515023	0.101767863	0.102747446	0.105237963	0.119382531	0.130517631	0.144388495	0.232485174
20190313	0.07906	0.07671229	0.071421457	0.076072018	0.082435966	0.084975187	0.085591562	0.08727407	0.094590627	0.100007982	0.102056109	0.101665339	0.101441644	0.102017174	0.102921525	0.105269078	0.120434266	0.131530805	0.143282576	0.235412646
