DATE	1	7	30	90	180	270	360	720	1080	1440	1800	2160	2520	2880	3240	3600	5400	7200	9000	10800
20211015	0.014786074	0.014792221	0.014815804	0.015184462	0.015620437	0.016085637	0.016504869	0.018018919	0.019240564	0.020178688	0.020557807	0.021081501	0.021634636	0.022142522	0.022662278	0.023200064	0.02587251	0.028122453	0.030738294	0.033666514
20211014	0.014442213	0.014792221	0.014815804	0.015149636	0.015656099	0.016085637	0.016542466	0.017974126	0.019151473	0.020377687	0.020557538	0.020801479	0.021381732	0.022041252	0.022751741	0.023489065	0.025658781	0.028290966	0.029780869	0.03387548
20211013	0.014442213	0.014792221	0.014883922	0.015184462	0.01554911	0.016048743	0.016542466	0.017973259	0.019292882	0.02063162	0.020778643	0.020903624	0.021348927	0.022193757	0.023074712	0.023694429	0.025464066	0.027700718	0.028752172	0.0320859
20211012	0.014612768	0.014792221	0.014883922	0.015184462	0.01554911	0.016048743	0.016542466	0.017812648	0.018968988	0.020040607	0.020183013	0.020497016	0.020858028	0.02168982	0.022542475	0.022942831	0.024823145	0.026348098	0.028310737	0.030309706
20211011	0.014442213	0.014792221	0.014883922	0.015288942	0.015727426	0.016301881	0.016731268	0.018078251	0.01945629	0.020703797	0.020941284	0.021200775	0.021550608	0.022363313	0.023194512	0.023608729	0.025474231	0.026791227	0.02757509	0.031032408
20211008	0.014442213	0.014779184	0.014883922	0.015323768	0.015763089	0.016368201	0.016807698	0.018173913	0.019537961	0.020671199	0.021088699	0.021245903	0.021869249	0.022594009	0.023273481	0.023761798	0.025493166	0.027212135	0.028655099	0.029422905
20211007	0.014442213	0.014724023	0.014883922	0.015323768	0.015834415	0.016373127	0.016805593	0.018038023	0.019408139	0.020427053	0.020892382	0.021071971	0.022019142	0.02273604	0.023369284	0.023898337	0.026111496	0.027882076	0.029844114	0.030435587
20211006	0.014442213	0.014656825	0.014645506	0.015254115	0.015798752	0.016371459	0.016730441	0.018039197	0.019406221	0.020550792	0.020950817	0.021184343	0.022307553	0.023098387	0.023768552	0.024316013	0.026900872	0.028938443	0.03102998	0.032591339
20211005	0.014442213	0.014467271	0.014645506	0.015254115	0.015830746	0.01636566	0.016730411	0.01802761	0.019470474	0.020735694	0.02130222	0.021503685	0.022823256	0.023489887	0.02397335	0.024611483	0.027046642	0.029462689	0.030528182	0.03541989
20211004	0.014442213	0.014448217	0.014645506	0.015288942	0.015864151	0.016369257	0.016730445	0.018158351	0.019542718	0.02090145	0.021287956	0.021610531	0.02301479	0.023705693	0.024195785	0.024889005	0.026961805	0.029184429	0.03076565	0.034696408
20211001	0.014442213	0.014448217	0.014645506	0.015254115	0.015870078	0.016374263	0.016655339	0.018284972	0.019727501	0.021096894	0.021643757	0.021790798	0.023119116	0.02392633	0.024517142	0.02521807	0.027361699	0.029609473	0.03260506	0.034401414
20210930	0.014132737	0.014448217	0.014645506	0.015219289	0.015977068	0.01641768	0.017031232	0.018793995	0.020526908	0.021977086	0.022459109	0.022499888	0.023836623	0.024767338	0.025516263	0.026325335	0.028201369	0.030257099	0.033177903	0.033470639
20210929	0.014132737	0.014448217	0.014781744	0.015045155	0.015870078	0.016369733	0.01703136	0.019310558	0.020921869	0.022275851	0.022552021	0.022638146	0.023379178	0.024243953	0.025117071	0.025923179	0.028265378	0.028773484	0.030818166	0.032534332
20210928	0.014286236	0.014448217	0.014781744	0.015045155	0.015870078	0.016361815	0.016994651	0.019096236	0.02055097	0.02178489	0.022020316	0.022224305	0.022963371	0.023740674	0.024488904	0.025081757	0.027320398	0.02728032	0.028809037	0.032264629
20210927	0.014132737	0.014448217	0.014781744	0.015045155	0.015870078	0.01635924	0.017031273	0.019019429	0.020333501	0.021465653	0.02162511	0.021729444	0.022688727	0.023414628	0.023991169	0.024477525	0.027064113	0.026979722	0.027376674	0.03251007
20210924	0.014132737	0.014436482	0.014781744	0.015079982	0.015870078	0.01637109	0.016993692	0.018836973	0.020365072	0.021446635	0.021846809	0.02200403	0.023198818	0.023733355	0.024028517	0.024534696	0.027552015	0.027793105	0.028941888	0.032275616
20210923	0.014098351	0.014403554	0.014781744	0.015184462	0.015870078	0.016369515	0.017031278	0.018681788	0.02030311	0.021401941	0.021599571	0.02193674	0.02343631	0.023957674	0.02414041	0.024583644	0.027387618	0.027852042	0.028475247	0.03185703
20210922	0.014098351	0.014208517	0.014543329	0.014975502	0.015798752	0.016491467	0.017106436	0.018966585	0.020818913	0.021967624	0.022267658	0.022586142	0.024295283	0.02479503	0.024899735	0.025461091	0.028248442	0.028795005	0.029161674	0.033910635
20210921	0.014098351	0.01411374	0.014543329	0.014975502	0.015798752	0.016491467	0.017144969	0.019403135	0.021019328	0.02220772	0.022487338	0.02278088	0.02434497	0.024935639	0.025130365	0.025559877	0.028086748	0.028774748	0.029413382	0.037167626
20210920	0.014098351	0.014104212	0.014543329	0.014975502	0.015727426	0.016402306	0.017111583	0.01973379	0.02109328	0.022396437	0.022551678	0.022652287	0.024174512	0.024829937	0.025069546	0.025567256	0.027808675	0.029122903	0.031663685	0.036143046
20210917	0.014098351	0.014104212	0.014543329	0.014801368	0.015584774	0.016233211	0.017031221	0.01919647	0.020356289	0.021750221	0.021878047	0.022208956	0.023317127	0.02375669	0.023946548	0.024371541	0.02667747	0.028632334	0.031948359	0.037897449
20210915	0.014098351	0.014104212	0.014543329	0.014801368	0.015584774	0.016233211	0.016730588	0.018887509	0.020120827	0.021354205	0.02166718	0.022140991	0.02325203	0.023712246	0.023941286	0.024360409	0.026651344	0.028657081	0.032988624	0.042588537
20210914	0.014270282	0.014292262	0.01447521	0.014905848	0.015620437	0.01612253	0.016622885	0.018869757	0.020017766	0.021672134	0.02200096	0.022421074	0.023356515	0.023772297	0.024029927	0.02456458	0.026496537	0.028451899	0.031090385	0.038190277
20210913	0.014270282	0.014276214	0.01447521	0.014940675	0.015620437	0.016105194	0.016584932	0.018399452	0.019383805	0.021001948	0.021567754	0.021903229	0.022616584	0.022958619	0.023189718	0.023638221	0.02561495	0.026824836	0.029123685	0.034614551
20210910	0.014270282	0.014276214	0.01447521	0.014871021	0.015584774	0.01609659	0.016470142	0.017971644	0.019099801	0.02068563	0.021294252	0.021510347	0.022170822	0.022817851	0.023377955	0.023663143	0.025899285	0.026710127	0.02812785	0.035602515
20210909	0.014270282	0.014276214	0.01447521	0.014696887	0.015584774	0.016159424	0.016657143	0.017964803	0.019099726	0.020998581	0.021655295	0.021886914	0.022443935	0.023086885	0.023753012	0.024140208	0.026442784	0.026947905	0.029282726	0.036006791
20210908	0.014270282	0.014276214	0.014202735	0.014592407	0.015299468	0.015868979	0.016431538	0.017897869	0.019124655	0.020793012	0.021576295	0.021822465	0.02226989	0.022786167	0.023357631	0.023820551	0.026328635	0.026183331	0.029969998	0.035465149
20210907	0.014270282	0.014276214	0.014202735	0.0144531	0.015299468	0.015864275	0.016167205	0.017609078	0.018808935	0.02015108	0.020383423	0.020607507	0.021089251	0.021631988	0.022246297	0.022875734	0.024670948	0.024495451	0.026995462	0.034698689
20210906	0.014270282	0.014276214	0.014202735	0.0144531	0.015299468	0.015864275	0.016166565	0.017310878	0.018562476	0.019866531	0.019912988	0.02007257	0.02050209	0.021078784	0.021694971	0.02209449	0.024127497	0.023765082	0.025743725	0.031177048
20210903	0.014270282	0.014276214	0.014202735	0.014836194	0.015477784	0.016011849	0.016317004	0.017836596	0.0190904	0.020550854	0.020524027	0.020651049	0.021157123	0.021755489	0.022335471	0.022680349	0.024568188	0.02365458	0.026061781	0.031824606
20210902	0.014270282	0.014276214	0.014202735	0.014940675	0.015370795	0.015904393	0.016279407	0.017783772	0.019055063	0.020262117	0.020014176	0.020120179	0.020598491	0.021063761	0.021560486	0.022032912	0.023793535	0.023095555	0.026034306	0.030512707
20210901	0.014063964	0.014085858	0.014066499	0.015114809	0.015335131	0.015915055	0.016317	0.017837978	0.019022618	0.020139432	0.020106634	0.020152184	0.020606963	0.021167505	0.021757393	0.022393067	0.02424599	0.02300417	0.026678224	0.033093324
20210831	0.014063964	0.014067905	0.013998379	0.015114809	0.015335131	0.015944603	0.016317744	0.017880968	0.018866261	0.019925691	0.019888193	0.019852439	0.02042104	0.020934259	0.021369194	0.021971883	0.023690529	0.024517132	0.024723377	0.030033941
20210830	0.014063964	0.014069811	0.013998379	0.015114809	0.015335131	0.015947758	0.016354589	0.017918804	0.018993578	0.02013508	0.020013675	0.020019847	0.020603361	0.021151117	0.021628322	0.02235907	0.024167512	0.025146707	0.02615655	0.031662181
20210827	0.014063964	0.014069811	0.013998379	0.015114809	0.015335131	0.016090252	0.016504983	0.018137217	0.019389194	0.020425166	0.020133917	0.020409219	0.020905723	0.021332442	0.021770507	0.022454476	0.024463777	0.026006028	0.027784877	0.034431803
20210826	0.014063964	0.014069811	0.013998379	0.014975502	0.015335131	0.0160952	0.016542553	0.018094965	0.019306324	0.020245353	0.019947688	0.020298728	0.020767722	0.021148502	0.021624031	0.022192175	0.02426343	0.026016804	0.028285071	0.038043501
20210825	0.014063964	0.014069811	0.014270855	0.014975502	0.015442121	0.01620519	0.016617701	0.018038975	0.019025293	0.020092564	0.020023218	0.020357893	0.020741876	0.021048188	0.021456425	0.022023439	0.024440247	0.025197228	0.026595309	0.035960283
20210824	0.014063964	0.014069811	0.014270855	0.014975502	0.015335131	0.016161859	0.016618005	0.017787391	0.018950681	0.019833411	0.01990058	0.020221939	0.020459209	0.020605485	0.020905236	0.021493128	0.023525126	0.024255349	0.025345686	0.033193409
20210823	0.014063964	0.014069811	0.014202735	0.015079982	0.015620437	0.016491467	0.016959517	0.018601924	0.019837347	0.02095116	0.021239259	0.021466751	0.021576514	0.021809509	0.022213828	0.022585394	0.024651525	0.025316954	0.025726379	0.037305695
20210820	0.014063964	0.014069811	0.014168676	0.015149636	0.015727426	0.016490235	0.016993624	0.018452603	0.019681474	0.020737749	0.020694041	0.02115914	0.021367727	0.021575888	0.0219373	0.022366539	0.02453374	0.024886786	0.025112889	0.034445322
20210819	0.014063964	0.014069811	0.014134617	0.015114809	0.015727426	0.01648998	0.016993624	0.018328706	0.019316757	0.020250167	0.020113534	0.020096117	0.020263958	0.020436382	0.020640946	0.02066944	0.023178677	0.022953883	0.022582424	0.029884026
20210818	0.014063964	0.014069811	0.014338973	0.015149636	0.01554911	0.01648839	0.016880835	0.018182111	0.019186178	0.01999837	0.019887617	0.019890615	0.020158911	0.02034869	0.020540064	0.020961725	0.022404834	0.022325839	0.022104581	0.029150341
20210817	0.014063964	0.014069811	0.014373032	0.015149636	0.015656099	0.016487535	0.016888441	0.01844659	0.019637808	0.020445745	0.020555941	0.020443777	0.020426774	0.020515133	0.020744981	0.020999085	0.022095864	0.022105853	0.022066917	0.02985292
20210816	0.014063964	0.014069811	0.013930261	0.014975502	0.015656099	0.016486962	0.016883542	0.01835702	0.019594825	0.020527736	0.020659532	0.020496628	0.020344384	0.02034573	0.020503846	0.020779075	0.021998478	0.021985055	0.022331695	0.029346211
20210813	0.014063964	0.014069811	0.013930261	0.014836194	0.015727426	0.016525712	0.016883752	0.018470004	0.019858951	0.021102535	0.021303581	0.021260315	0.020937391	0.020824277	0.020987179	0.021334634	0.022646646	0.022953804	0.023769684	0.031358859
20210812	0.014063964	0.014069811	0.013930261	0.014731715	0.015656099	0.016452312	0.016845934	0.018359082	0.019825814	0.021194129	0.021313288	0.021439015	0.021150736	0.021121272	0.021439065	0.021774669	0.023505386	0.024329307	0.025726317	0.033946308
20210811	0.014098351	0.013815667	0.013589668	0.014557581	0.015584774	0.016458123	0.016808319	0.018363009	0.019880345	0.021262393	0.021484682	0.021736912	0.021522264	0.021533313	0.021852855	0.022185043	0.024221986	0.02569435	0.027405246	0.036239476
20210810	0.014098351	0.013899211	0.013589668	0.01434862	0.015584774	0.016458994	0.01681374	0.018414436	0.019929222	0.021240855	0.021585712	0.021830833	0.021615727	0.02167135	0.022064604	0.022335213	0.024763757	0.026057021	0.027732653	0.037840212
20210809	0.014098351	0.013932209	0.013589668	0.01434862	0.015834415	0.016484059	0.016883086	0.018420335	0.019984948	0.021332081	0.021666224	0.021758134	0.021431199	0.021544345	0.022014109	0.022288529	0.024534665	0.02562886	0.027097989	0.035963097
20210806	0.014098351	0.013956781	0.013589668	0.01434862	0.015763089	0.016565254	0.016920477	0.018472265	0.020101957	0.021599244	0.021845449	0.021862129	0.021439737	0.021559016	0.022103262	0.022244338	0.024086147	0.02505287	0.026405519	0.036048648
20210805	0.014270282	0.013961295	0.013589668	0.014487927	0.015905741	0.016600569	0.016959299	0.019164783	0.021063767	0.022708453	0.022976967	0.022876966	0.022464559	0.022625695	0.023121801	0.023350824	0.0254094	0.025960989	0.027182808	0.038750216
20210804	0.014270282	0.013990879	0.013453431	0.0144531	0.015798752	0.016536496	0.016961118	0.019355164	0.021014455	0.023059716	0.022927664	0.022688251	0.022180124	0.022342267	0.022964801	0.023061353	0.024904799	0.025035921	0.025762007	0.034756702
20210803	0.014201509	0.014077231	0.01348749	0.0144531	0.015798752	0.016598075	0.017009618	0.019437722	0.021098925	0.022835525	0.022804532	0.022388868	0.02192704	0.021969929	0.022317811	0.022445753	0.023947221	0.023806748	0.023789136	0.035605587
20210802	0.014270282	0.014104212	0.01348749	0.0144531	0.015798752	0.016597765	0.016999237	0.019429976	0.021055193	0.022778382	0.022846555	0.022390762	0.021860501	0.021809942	0.022076221	0.022027942	0.023645377	0.023224847	0.023560901	0.032486029
20210730	0.014270282	0.014128784	0.01348749	0.0144531	0.015798752	0.016647007	0.017074822	0.019604948	0.021320211	0.023028518	0.023180232	0.02290784	0.022396485	0.022340426	0.022685663	0.022755302	0.024219333	0.023972861	0.024325355	0.032895721
20210729	0.014442213	0.014133297	0.01348749	0.0144531	0.015763089	0.016639429	0.017150402	0.019712887	0.021405874	0.023399866	0.023520006	0.023210656	0.022774386	0.022777449	0.023216276	0.023345503	0.024728159	0.024818467	0.025421814	0.034491927
20210728	0.014442213	0.014162881	0.013521549	0.014662061	0.015798752	0.016670848	0.017225399	0.019720617	0.021689596	0.023664377	0.023816961	0.023642721	0.023156981	0.023087179	0.023415611	0.023622352	0.025039099	0.024987164	0.025311092	0.035446454
20210727	0.014370298	0.014249234	0.013623728	0.014696887	0.015870078	0.016793814	0.01735022	0.019903882	0.022016172	0.024123294	0.024217444	0.024223271	0.023820648	0.023869653	0.024324036	0.02453596	0.026036931	0.02561807	0.025489993	0.038042763
20210726	0.014442213	0.014276214	0.013623728	0.014696887	0.015870078	0.016793537	0.017339249	0.020447965	0.022544807	0.024557768	0.024704599	0.024766706	0.024485219	0.024511492	0.024970771	0.02533565	0.026953308	0.026922337	0.0273683	0.037006164
20210723	0.014442213	0.014300786	0.013623728	0.014696887	0.015870078	0.016757589	0.01733885	0.020469337	0.022616204	0.024652591	0.024748537	0.024783938	0.024572508	0.024640497	0.025009739	0.025438142	0.02729668	0.027506156	0.028294827	0.037212399
20210722	0.014442213	0.01438052	0.013896202	0.014696887	0.015870078	0.016782307	0.017444926	0.020556315	0.022661485	0.024793454	0.024789067	0.024818597	0.024583711	0.024669912	0.025052923	0.025483376	0.027626164	0.028604686	0.029851717	0.040249728
20210721	0.01464853	0.014364372	0.014134617	0.014801368	0.015905741	0.016967163	0.017489056	0.020651156	0.022935608	0.024878949	0.02486897	0.024957787	0.024750248	0.024807774	0.025199546	0.025699803	0.027961477	0.029066365	0.030830196	0.04041317
20210720	0.014579758	0.01442545	0.014134617	0.014801368	0.015905741	0.016880983	0.017391381	0.02065196	0.023111924	0.025054984	0.025066279	0.025181083	0.024998919	0.02500805	0.025315745	0.02569907	0.028197866	0.028695872	0.030012374	0.043001063
20210719	0.01464853	0.014448217	0.014134617	0.014801368	0.015905741	0.016881526	0.017339483	0.020783942	0.023277786	0.025197357	0.025090057	0.025203187	0.024975972	0.025028877	0.025291748	0.025613963	0.028060447	0.028308039	0.029022233	0.040529307
20210716	0.01464853	0.014470481	0.014134617	0.014871021	0.016012731	0.016895287	0.017339294	0.020729127	0.023105408	0.025098274	0.024992682	0.025094514	0.024945374	0.02497819	0.025190618	0.025502697	0.027685333	0.027968854	0.028614999	0.03988753
20210715	0.014854847	0.014473088	0.014134617	0.014871021	0.016012731	0.016884145	0.017413611	0.020600741	0.023049581	0.024905112	0.024952571	0.02499711	0.024851821	0.024865375	0.024956971	0.025273081	0.027436839	0.027663358	0.028251502	0.038240678
20210714	0.014854847	0.014508996	0.014134617	0.014975502	0.015977068	0.016950712	0.017413784	0.020736685	0.023072393	0.025001768	0.025097562	0.025111816	0.024904933	0.024875377	0.025062789	0.025377864	0.027248174	0.027464952	0.028050972	0.03799789
20210713	0.014768548	0.014621042	0.014134617	0.014975502	0.015977068	0.017010436	0.017463878	0.020714501	0.022968131	0.024934873	0.025178364	0.024995801	0.02476171	0.024808775	0.025080125	0.025400062	0.027368568	0.027288812	0.027852347	0.037760205
20210712	0.014854847	0.01465462	0.014134617	0.014975502	0.016048394	0.016982193	0.017526326	0.020754177	0.023136626	0.025178995	0.02536575	0.025246997	0.025041812	0.025080929	0.025262387	0.025595587	0.027517413	0.027383704	0.027848666	0.036864399
20210709	0.014854847	0.014684104	0.014134617	0.014975502	0.016084057	0.017084821	0.017557704	0.020964594	0.023524178	0.02566581	0.025900134	0.025704589	0.025460966	0.025447186	0.025633595	0.025977621	0.027748003	0.027633615	0.028152845	0.038431121
20210708	0.015061164	0.014689522	0.014134617	0.014975502	0.01611972	0.017127329	0.017595289	0.02118373	0.023712631	0.025915498	0.026142252	0.025925383	0.02564353	0.025557864	0.025764731	0.025976537	0.027713465	0.027701664	0.02810875	0.038429916
20210707	0.015061164	0.014725024	0.014304914	0.015254115	0.016084057	0.017132863	0.017632882	0.02104563	0.023414248	0.025674842	0.026004244	0.025747854	0.025444212	0.025335479	0.025497125	0.025842129	0.02739191	0.027249492	0.027605734	0.040795189
20210706	0.014974865	0.014828648	0.014304914	0.015254115	0.016084057	0.017116235	0.017633769	0.021078116	0.023392787	0.025638988	0.026058303	0.02585022	0.025513386	0.025415145	0.025668865	0.025885703	0.027445549	0.027078356	0.027291584	0.039321034
20210705	0.015061164	0.014861023	0.014304914	0.014975502	0.016084057	0.017115778	0.017670478	0.021341784	0.023764618	0.026070911	0.026401781	0.026177456	0.025871474	0.025747915	0.026000128	0.026370407	0.027828301	0.027562577	0.027742184	0.037130977
20210702	0.015061164	0.014890508	0.014304914	0.015045155	0.016084057	0.017145702	0.017670478	0.021243082	0.023619071	0.025875482	0.026126886	0.025994429	0.025743767	0.025709912	0.025993391	0.026413854	0.028171178	0.027749202	0.027820313	0.038236297
20210701	0.015095551	0.014919325	0.014304914	0.014940675	0.016084057	0.017105846	0.017708082	0.021278532	0.023615987	0.02592415	0.026198982	0.026100503	0.025935919	0.02590115	0.026151366	0.026573713	0.02859769	0.028129503	0.028130623	0.037741785
20210630	0.015095551	0.01496924	0.014577388	0.014801368	0.01611972	0.017138567	0.017783271	0.021145293	0.02344156	0.025830681	0.026101278	0.026080316	0.025862859	0.025793742	0.026053822	0.026328422	0.028603009	0.028268518	0.028301911	0.037905173
20210629	0.015068355	0.015018522	0.014577388	0.014801368	0.01611972	0.017160342	0.017784163	0.021213233	0.023472848	0.026011467	0.026256948	0.026170295	0.025948438	0.025926651	0.026137003	0.026503093	0.028763586	0.028550689	0.028759482	0.0395526
20210628	0.015095551	0.015067426	0.014747685	0.015114809	0.016155383	0.017192446	0.017864875	0.021296655	0.023510802	0.025849097	0.026135731	0.026121663	0.025986564	0.026050987	0.026209843	0.026501068	0.028723957	0.028604996	0.028953828	0.0377516
20210625	0.015095551	0.015072342	0.014747685	0.015149636	0.016155383	0.017187986	0.017858344	0.021205473	0.02351745	0.025748737	0.025950877	0.025942859	0.025834296	0.025841075	0.02585515	0.026195765	0.028791494	0.028637007	0.028844818	0.036610202
20210624	0.015095551	0.015079259	0.014747685	0.015184462	0.016155383	0.017147008	0.017858344	0.021288601	0.023557365	0.025644176	0.025781428	0.02583868	0.025759481	0.025783792	0.025943894	0.026286025	0.028419663	0.028002002	0.027860801	0.038309308
20210623	0.015095551	0.015085779	0.014815804	0.015323768	0.016262372	0.017142765	0.017670362	0.021205691	0.023439206	0.02544718	0.025610264	0.025683164	0.025647928	0.025615745	0.025733377	0.026067363	0.028016561	0.027629364	0.027331189	0.038498825
20210622	0.015095551	0.015101826	0.014952041	0.015323768	0.016262372	0.017092413	0.017687855	0.021096626	0.023333446	0.025282934	0.025388274	0.025503387	0.025481442	0.025343138	0.025463762	0.025666502	0.027715969	0.027035845	0.026534649	0.036358741
20210621	0.015095551	0.015101826	0.014952041	0.015184462	0.016262372	0.017121279	0.017713737	0.020998682	0.023328216	0.02532326	0.025490698	0.025550476	0.025529799	0.025376859	0.025445299	0.025724376	0.027802785	0.027521004	0.027196938	0.036276686
20210618	0.015095551	0.015074746	0.014815804	0.015149636	0.016226709	0.017114502	0.018049327	0.021160074	0.023507451	0.025455828	0.025600401	0.025609444	0.025580541	0.025470423	0.025539775	0.02574318	0.028134581	0.027745359	0.027452367	0.038627611
20210617	0.015129937	0.015076587	0.014815804	0.015149636	0.016191046	0.017148603	0.017892877	0.02124177	0.023602615	0.025654696	0.025850831	0.025916168	0.025948279	0.02582774	0.025909145	0.026116455	0.028493371	0.028097321	0.027735016	0.038165726
20210616	0.015129937	0.015082369	0.014849863	0.015219289	0.016226709	0.017174933	0.017859916	0.021243819	0.023586882	0.025763076	0.026000879	0.026114527	0.026131253	0.026032853	0.026257325	0.026531958	0.029083313	0.028740245	0.028357075	0.040191083
20210615	0.015115554	0.015096832	0.014815804	0.015220327	0.016226709	0.017116549	0.017948982	0.021354621	0.023662244	0.02598344	0.026213657	0.026135061	0.026170386	0.026185164	0.026407413	0.02669363	0.029530199	0.029281211	0.029111641	0.041336804
20210614	0.015129937	0.015101826	0.014815804	0.015219289	0.016191046	0.017144337	0.017815578	0.021442341	0.023652366	0.026185097	0.026310949	0.026212774	0.026334815	0.026279668	0.026500491	0.026801768	0.029520968	0.029300124	0.029279654	0.040497416
20210611	0.015129937	0.015106742	0.014815804	0.015184462	0.016155383	0.017278479	0.018082905	0.021267862	0.0234263	0.025983666	0.02615504	0.025897055	0.02589457	0.025921047	0.026135847	0.026361862	0.02881065	0.028206927	0.027887374	0.038432931
20210610	0.015129937	0.01511366	0.014815804	0.015288942	0.016226709	0.017366577	0.018047312	0.021384644	0.023656777	0.026139318	0.026195885	0.026070051	0.026044006	0.026004153	0.026278618	0.026583098	0.028938275	0.02837685	0.028221493	0.038936803
20210609	0.015129937	0.01523604	0.015054219	0.015149636	0.016226709	0.017432709	0.017908799	0.021384664	0.023438527	0.025989707	0.026097089	0.025908037	0.025850137	0.025830138	0.026061374	0.026358213	0.028271737	0.027636865	0.027533913	0.037894516
20210608	0.015129937	0.015145756	0.015054219	0.015149636	0.015941405	0.017320121	0.017921014	0.021456955	0.023568481	0.026018397	0.026094703	0.025895696	0.025864143	0.025901161	0.02617539	0.026487938	0.028535703	0.027561129	0.027328101	0.036729085
20210607	0.015129937	0.015136227	0.015054219	0.015149636	0.015941405	0.017151373	0.017687404	0.021538279	0.023708135	0.026058983	0.026107764	0.02588259	0.025776317	0.025740322	0.02611123	0.026365406	0.028252049	0.027556662	0.027318612	0.034846072
20210604	0.015129937	0.015136227	0.014883922	0.015149636	0.015941405	0.01709065	0.017612858	0.021312026	0.023626126	0.02580591	0.025888875	0.025634413	0.025523957	0.025456069	0.025721884	0.026028878	0.02786709	0.02734203	0.027183518	0.033667955
20210603	0.014717303	0.014999261	0.014883922	0.015219289	0.015905741	0.017035818	0.017615388	0.021390032	0.023663308	0.026006217	0.026062177	0.025728507	0.025573231	0.025513179	0.025746862	0.02605653	0.0280245	0.027398349	0.026867553	0.035109944
20210602	0.014717303	0.014924409	0.014781744	0.015358595	0.016048394	0.017002492	0.017508062	0.021435376	0.023643039	0.026058604	0.026126292	0.025859061	0.025596441	0.025442311	0.025733301	0.026042	0.028091804	0.027078368	0.026418758	0.034599566
20210601	0.01477798	0.014876386	0.014781744	0.015358595	0.015870078	0.016978987	0.017556113	0.021381338	0.023436749	0.025852031	0.025932094	0.025679286	0.025478415	0.025308934	0.025452759	0.025761581	0.027645921	0.026428478	0.025698926	0.034457295
20210531	0.014717303	0.014861023	0.014781744	0.015358595	0.015870078	0.016938802	0.017500343	0.02150564	0.023618764	0.026044	0.026096777	0.025797222	0.025556149	0.025377104	0.025469964	0.02585946	0.027534011	0.026331321	0.025721464	0.034491247
20210528	0.014717303	0.014846179	0.015088278	0.015463076	0.015941405	0.01691346	0.017503463	0.021408472	0.023481285	0.025939436	0.025979485	0.025672022	0.025416886	0.025178429	0.025317737	0.025634384	0.027207129	0.026060518	0.025652544	0.033462506
20210527	0.014614144	0.01483976	0.015088278	0.015532729	0.016155383	0.01693542	0.017615531	0.021450914	0.023613965	0.026159605	0.026088258	0.025868102	0.025658197	0.025415693	0.02564541	0.025970928	0.027589273	0.026447481	0.025973202	0.033147444
20210526	0.014614144	0.014816292	0.014952041	0.015428249	0.016155383	0.017127809	0.017652278	0.021548922	0.023589158	0.026202313	0.026135129	0.025875122	0.025691412	0.025518645	0.025704297	0.025951768	0.027525586	0.026231531	0.025762573	0.032922773
20210525	0.014614144	0.014747491	0.014952041	0.015428249	0.016155383	0.017132048	0.017727737	0.021618917	0.023666538	0.02627857	0.026236737	0.025943164	0.025723745	0.025529363	0.025751535	0.026057533	0.027749583	0.026259694	0.02543739	0.033423676
20210524	0.014614144	0.014723421	0.014952041	0.015497903	0.016155383	0.017145695	0.017762507	0.0217836	0.02379692	0.026418666	0.026393326	0.026098184	0.025824133	0.025663072	0.025815905	0.026152302	0.028037329	0.026654391	0.025871471	0.033184638
20210521	0.014614144	0.014706272	0.014917981	0.015532729	0.016155383	0.017140404	0.017761966	0.02190759	0.024034455	0.026602957	0.026569926	0.026263453	0.02606891	0.026012724	0.026210867	0.026491203	0.028395403	0.027049936	0.026189402	0.03369264
20210520	0.014476599	0.014707308	0.014917981	0.015532729	0.016298035	0.017148879	0.017794411	0.021994341	0.024182375	0.02661233	0.026578882	0.026358381	0.026191247	0.026022386	0.02618433	0.026535914	0.028507436	0.027333677	0.026370705	0.033933509
20210519	0.014476599	0.014689219	0.014781744	0.015532729	0.016334422	0.017143703	0.017831752	0.022108396	0.024308124	0.026753442	0.026726906	0.026472723	0.026321628	0.026239613	0.026410236	0.026677124	0.028667399	0.027389811	0.026463139	0.034965014
20210518	0.014535706	0.014637691	0.014781744	0.015532729	0.016369361	0.017110104	0.017783061	0.022093759	0.0240124	0.026481952	0.026592763	0.026303868	0.026112039	0.026045363	0.026257509	0.026540904	0.028265386	0.027160628	0.02619721	0.034528637
20210517	0.014476599	0.014620219	0.014781744	0.015532729	0.016369361	0.017140925	0.017757142	0.022010318	0.024143003	0.026537377	0.026662308	0.026489156	0.026233566	0.026232774	0.026483518	0.026840702	0.028573808	0.027527495	0.026731341	0.035277415
20210514	0.014476599	0.014602967	0.014781744	0.015567556	0.016405024	0.0171244	0.017671433	0.022005383	0.024287125	0.02658104	0.026729341	0.026618974	0.026397164	0.026401543	0.026651816	0.026936218	0.028945173	0.028201047	0.028004857	0.035982566
20210513	0.014442213	0.014586252	0.014781744	0.015567556	0.016440688	0.017090229	0.017671448	0.022081461	0.024479131	0.026718436	0.02687643	0.026791322	0.026604707	0.02658348	0.026799884	0.027083197	0.029277412	0.028596398	0.028598399	0.035848974
20210512	0.014442213	0.014499566	0.014543329	0.015602383	0.016405024	0.017171852	0.017821868	0.022127351	0.024590879	0.026872487	0.027003176	0.026981312	0.026726402	0.026663138	0.0268865	0.027234226	0.029689836	0.028712734	0.028498957	0.03869229
20210511	0.014442213	0.014452531	0.014543329	0.015602383	0.016476351	0.017155553	0.017866194	0.022030358	0.024519509	0.026921898	0.027061213	0.027015937	0.026752844	0.026644705	0.026870526	0.027161369	0.029917027	0.028814753	0.028203241	0.038363005
20210510	0.014442213	0.014448217	0.014543329	0.015602383	0.016405024	0.017153952	0.017934526	0.022074562	0.024509099	0.02695065	0.027176224	0.027177991	0.02685285	0.026627918	0.026900086	0.027274617	0.029984875	0.028563346	0.027937856	0.03710969
20210507	0.014442213	0.014448217	0.014543329	0.015637209	0.016405024	0.017191189	0.017934361	0.022058395	0.02451926	0.027046313	0.027203432	0.02713401	0.026800987	0.026738569	0.026907004	0.02719598	0.029765278	0.028336227	0.027147883	0.037012147
20210506	0.014442213	0.014448217	0.014543329	0.015463076	0.016476351	0.017179693	0.018009238	0.022113818	0.024610389	0.02716586	0.027306486	0.027219025	0.027055078	0.026884436	0.027067839	0.027365655	0.029903743	0.02848604	0.027855159	0.03523452
20210505	0.014579758	0.014585819	0.014441151	0.015532729	0.016333698	0.01721507	0.018009166	0.022046143	0.024567395	0.026879344	0.027084196	0.026963531	0.026815474	0.026577038	0.026859923	0.027225194	0.029462749	0.027998771	0.027194626	0.034364783
20210504	0.014579758	0.014585819	0.014441151	0.015532729	0.016333698	0.017198796	0.018086472	0.021979221	0.02456891	0.02704956	0.027230365	0.027056716	0.02696587	0.026803717	0.027084836	0.027408499	0.029330154	0.027674969	0.026722025	0.034693214
20210503	0.014579758	0.014585819	0.014441151	0.015463076	0.016333698	0.017192446	0.018128784	0.022174857	0.024839294	0.027329941	0.027460092	0.027278531	0.027131886	0.026913494	0.027144881	0.027543158	0.029640006	0.028087777	0.027580724	0.034924853
20210430	0.014579758	0.014585819	0.014441151	0.015358595	0.016405024	0.017186525	0.018196713	0.022297411	0.024988841	0.027498305	0.02774128	0.027512354	0.027431911	0.027237151	0.027463815	0.027919505	0.029863761	0.028296661	0.027826668	0.035338609
20210429	0.014579758	0.014585819	0.014441151	0.015358595	0.016405024	0.017216841	0.018196713	0.022272748	0.024806845	0.027352242	0.027554767	0.027285049	0.027325981	0.027185919	0.027327281	0.027699017	0.029764606	0.028095495	0.027594026	0.035857852
20210428	0.014579758	0.014585819	0.014645506	0.015497903	0.016440688	0.017210152	0.01812152	0.022127147	0.024713417	0.027225584	0.027361415	0.027121807	0.027156412	0.026979628	0.027171536	0.027602928	0.029597338	0.027905365	0.027264029	0.035402107
20210427	0.014579758	0.014585819	0.014441151	0.015463076	0.016440688	0.017196173	0.01812152	0.022284125	0.024892978	0.027386792	0.027672807	0.027471254	0.027344831	0.027216338	0.027349177	0.027792346	0.029778842	0.028217539	0.027488368	0.035794576
20210426	0.014579758	0.014585819	0.014441151	0.015428249	0.016440688	0.017190185	0.018129197	0.022515765	0.025125427	0.027691026	0.027982208	0.027701758	0.027579852	0.027447608	0.027535984	0.027921439	0.029986724	0.028405316	0.027849026	0.035455012
20210423	0.014579758	0.014585819	0.014441151	0.015463076	0.016440688	0.017245171	0.018164767	0.022757839	0.025373827	0.027985208	0.028279656	0.028020548	0.027906176	0.027681486	0.02777778	0.028113707	0.030417885	0.028865007	0.027813132	0.035522728
20210422	0.014579758	0.014585819	0.014441151	0.015463076	0.016440688	0.017267145	0.018165173	0.022843063	0.025424408	0.027813162	0.028287692	0.028007984	0.027825912	0.02754789	0.027709685	0.028117137	0.029869523	0.028303505	0.027471722	0.035914472
20210421	0.014579758	0.014517017	0.014679566	0.015393422	0.016405024	0.017284507	0.018202258	0.022850048	0.025403223	0.027887617	0.028240133	0.027981269	0.027751758	0.027466611	0.027838518	0.02821607	0.029945292	0.028289519	0.027746839	0.036244849
20210420	0.014530837	0.014519625	0.014679566	0.015358595	0.016405024	0.017235199	0.018127317	0.022771906	0.025374995	0.027777484	0.028089946	0.027871491	0.027740088	0.027357279	0.027714842	0.028095622	0.029859503	0.02843402	0.0280367	0.03843159
20210419	0.014579758	0.01453514	0.014747685	0.015358595	0.016405024	0.01722419	0.018164474	0.022449746	0.025045876	0.027371579	0.027601739	0.02736239	0.027257841	0.026950631	0.027257564	0.027623925	0.029337061	0.028315085	0.028139689	0.037359938
20210416	0.014614144	0.01453773	0.014747685	0.015219289	0.016369361	0.017136419	0.018163605	0.022518904	0.025104211	0.027496844	0.027778089	0.027543586	0.027409406	0.027113421	0.027476148	0.027901753	0.029858135	0.029065403	0.029313173	0.038972273
20210415	0.01459695	0.014543777	0.014577388	0.015254115	0.016369361	0.01709746	0.018142266	0.022498001	0.02510797	0.027547279	0.027791048	0.027560601	0.027333136	0.027026324	0.027333959	0.027818472	0.029786263	0.029318236	0.029748224	0.038515442
20210414	0.014614144	0.014544181	0.014577388	0.015254115	0.016369361	0.017084072	0.018239881	0.022582902	0.025507667	0.027842408	0.028131686	0.027926544	0.027749446	0.027447703	0.027760071	0.028204808	0.03061195	0.030162957	0.030603587	0.0387605
20210413	0.014614144	0.014585819	0.014577388	0.015254115	0.016369361	0.017077678	0.018277828	0.022663665	0.025623608	0.027895827	0.028157684	0.028053089	0.027765232	0.027632364	0.027935696	0.028374269	0.030852845	0.03035808	0.030679933	0.039938452
20210412	0.014614144	0.014593676	0.014577388	0.015184462	0.016369361	0.017220884	0.01831383	0.022663489	0.025606854	0.027931072	0.028138347	0.02816475	0.027818487	0.027684387	0.028048299	0.02855971	0.031078226	0.030629095	0.030843023	0.041229815
20210409	0.014614144	0.014620219	0.01450927	0.015149636	0.016405024	0.017380288	0.018313765	0.022739809	0.025649977	0.028072706	0.028462086	0.028445493	0.027981163	0.027763522	0.028249693	0.028667182	0.031426401	0.031197513	0.031376944	0.040938049
20210408	0.014614144	0.014620219	0.01450927	0.015149636	0.016369361	0.017423076	0.018356152	0.023052657	0.025846533	0.02829182	0.028660269	0.028452784	0.027994988	0.027766125	0.028199512	0.028689342	0.031622955	0.031429704	0.031648114	0.040253668
20210407	0.014614144	0.014620219	0.01450927	0.015149636	0.016333698	0.017413808	0.018327323	0.023217153	0.025976615	0.028431164	0.028824024	0.028573008	0.028242987	0.027925766	0.028459931	0.029037067	0.031724387	0.031408646	0.031489032	0.041263369
20210406	0.014614144	0.014620219	0.01450927	0.015219289	0.016405024	0.017478254	0.018408663	0.023356635	0.026243819	0.028592728	0.028948313	0.028644825	0.028262903	0.027944411	0.028426496	0.02898246	0.031637506	0.031345128	0.031897895	0.040738787
20210405	0.014614144	0.014620219	0.01450927	0.015323768	0.016512013	0.017468732	0.018535119	0.023523322	0.026679095	0.028931041	0.029287276	0.028913063	0.028454533	0.028219669	0.028619567	0.029164885	0.032206507	0.031952436	0.032461757	0.040500855
20210331	0.014614144	0.014620219	0.014645506	0.015393422	0.016405024	0.017543486	0.018352517	0.023647437	0.026840104	0.029138715	0.029414279	0.029012588	0.028680917	0.028490514	0.028850892	0.029331625	0.032109937	0.031952307	0.032497199	0.042755921
20210330	0.014614144	0.014620219	0.014645506	0.015393422	0.016369361	0.017498667	0.018327462	0.023657357	0.027075694	0.029277876	0.029538887	0.029070783	0.028911244	0.028764049	0.029072899	0.029506227	0.032186873	0.031880237	0.032425597	0.042756895
20210329	0.014614144	0.014620219	0.014645506	0.015393422	0.016369361	0.017485364	0.01827914	0.023723409	0.027046507	0.029409143	0.02971471	0.029335835	0.029121926	0.028983897	0.029291261	0.029738527	0.03233012	0.032047157	0.03247014	0.044026409
20210326	0.014786074	0.014792221	0.014645506	0.015358595	0.016369361	0.017465057	0.018315431	0.023653508	0.027000395	0.02935786	0.029682482	0.029341041	0.02906717	0.02892732	0.029174658	0.029668675	0.032192989	0.031625092	0.031654525	0.045213513
20210325	0.014614144	0.014792221	0.014645506	0.015254115	0.016405024	0.017450665	0.018315417	0.023699378	0.027028654	0.029339996	0.029891375	0.029398494	0.029164568	0.028946173	0.029154757	0.029737588	0.032242755	0.031548226	0.031571785	0.045116246
20210324	0.014614144	0.014929624	0.014815804	0.015254115	0.016405024	0.017436635	0.01835334	0.02352151	0.026723405	0.02930657	0.029660412	0.029130902	0.028984612	0.028869733	0.029029867	0.02942261	0.031887205	0.031094744	0.031066341	0.043169678
20210323	0.014614144	0.014827826	0.014849863	0.015288942	0.016440688	0.017408813	0.018400535	0.023593328	0.026825944	0.029481058	0.029859278	0.029270804	0.02913861	0.029085132	0.029241218	0.02971066	0.032141077	0.031408869	0.031438875	0.043785801
20210322	0.014614144	0.014792221	0.014857111	0.015219289	0.016476351	0.017456853	0.018427051	0.023424319	0.026649101	0.029359072	0.029776052	0.029226663	0.029037678	0.028990341	0.029143674	0.029610566	0.032044345	0.03145393	0.031804584	0.04199759
20210319	0.014614144	0.014767649	0.014815804	0.015288942	0.016654666	0.017471388	0.018650375	0.023397685	0.026618379	0.029273711	0.029761603	0.029373723	0.029216997	0.029115972	0.029260234	0.029716308	0.032279018	0.031550705	0.031921785	0.04222341
20210318	0.014442213	0.014718674	0.014645506	0.015288942	0.016868645	0.017731921	0.01830957	0.023389048	0.026587725	0.029357051	0.029976054	0.029467617	0.029275583	0.029291549	0.029501207	0.030018586	0.032626749	0.031997284	0.032127182	0.043708288
20210317	0.014545371	0.014655022	0.014917981	0.015323768	0.016725993	0.017677602	0.018310168	0.023146296	0.026253017	0.029090539	0.029631137	0.029228108	0.02913029	0.029040468	0.029284236	0.029766914	0.032496544	0.031996105	0.032137567	0.042512653
20210316	0.014442213	0.014551418	0.014577388	0.015323768	0.016547677	0.017662191	0.01823432	0.022835673	0.026069679	0.028936092	0.029437434	0.029081262	0.028924994	0.028839871	0.029072799	0.029552026	0.032441201	0.0319929	0.032291431	0.044879155
20210312	0.014442213	0.014448217	0.014441151	0.015045155	0.01611972	0.017431521	0.017971172	0.022665715	0.025952285	0.0288522	0.029410938	0.029039979	0.028794421	0.028541788	0.028823363	0.029305278	0.032413253	0.031842972	0.032105822	0.04343559
20210311	0.014442213	0.014448217	0.014441151	0.015045155	0.01611972	0.017249104	0.017783223	0.022724836	0.025854624	0.028787629	0.029306001	0.028930871	0.028660855	0.028606229	0.028751941	0.029082716	0.032247947	0.031592488	0.031325653	0.042371247
20210310	0.014442213	0.014508861	0.014407092	0.014801368	0.016012731	0.017075372	0.017783211	0.02303004	0.026188128	0.029121109	0.02959054	0.029172524	0.02900652	0.028766349	0.028929183	0.029372264	0.032156024	0.031415742	0.031005665	0.042036079
20210309	0.014476599	0.014483921	0.014407092	0.014801368	0.016012731	0.017051244	0.017783715	0.023128337	0.026329594	0.02921946	0.029776876	0.029491561	0.029261522	0.029024604	0.02913721	0.029586034	0.032195982	0.031597933	0.031060347	0.042183747
20210308	0.014442213	0.014482617	0.014407092	0.014905848	0.016012731	0.017044872	0.017788772	0.023281753	0.026502443	0.029316537	0.029920524	0.029629074	0.029266004	0.028932618	0.029203757	0.029612289	0.03226676	0.031580218	0.03120951	0.039351237
20210305	0.014442213	0.014536674	0.014577388	0.014801368	0.016012731	0.017038275	0.017858344	0.023379752	0.026646612	0.029489595	0.030004795	0.029743259	0.029505121	0.029288371	0.029449819	0.029872528	0.032477267	0.031491056	0.030963879	0.042195863
20210304	0.014442213	0.014515913	0.014577388	0.014871021	0.016048394	0.017067037	0.017820748	0.023393628	0.026715302	0.029668782	0.030304381	0.030142148	0.029880795	0.029540462	0.029825942	0.030342893	0.032836324	0.031861932	0.031399612	0.042903266
20210303	0.014442213	0.014448217	0.014304914	0.014905848	0.015941405	0.017173056	0.017707958	0.023372186	0.026749809	0.0298813	0.030347232	0.030229065	0.029999787	0.029785481	0.030077272	0.030542472	0.032858957	0.03172613	0.031123833	0.043675916
20210302	0.014442213	0.014448217	0.014304914	0.014905848	0.016012731	0.017240106	0.017707958	0.023260619	0.026592927	0.029829308	0.030369323	0.030241543	0.030063495	0.029787697	0.030127707	0.030624394	0.032840338	0.031714001	0.031110626	0.043663502
20210301	0.014442213	0.014448217	0.014236795	0.014940675	0.016012731	0.017154328	0.017714958	0.022964239	0.026414819	0.029714608	0.030292532	0.030266625	0.030098681	0.029950772	0.030225083	0.030804225	0.033264046	0.032268009	0.031893724	0.042610412
20210226	0.014442213	0.014448217	0.014236795	0.014871021	0.016048394	0.017149491	0.017826301	0.022455656	0.025944194	0.029097308	0.029711727	0.029660534	0.029547669	0.029459989	0.029712626	0.030114925	0.032563325	0.031347012	0.030341936	0.041347847
20210225	0.014476599	0.01446005	0.014236795	0.014871021	0.016048394	0.017144013	0.017788404	0.022288361	0.025722876	0.02888438	0.029449516	0.029454286	0.029222986	0.029181596	0.029386642	0.029811337	0.031922077	0.030878424	0.030115273	0.039907184
20210224	0.014476599	0.014576593	0.014577388	0.014871021	0.016191046	0.017161423	0.017713631	0.022187042	0.025457509	0.028739233	0.029164935	0.028966827	0.028989066	0.029002398	0.029203711	0.029612193	0.031707479	0.030802368	0.029887939	0.040495043
20210223	0.014476599	0.014483518	0.01447521	0.014836194	0.016191046	0.017137604	0.017724779	0.022092084	0.025238716	0.028470535	0.028934394	0.028871762	0.028782697	0.028925248	0.029114483	0.02948235	0.031358968	0.030243608	0.029267819	0.03962243
20210222	0.014442213	0.014482617	0.01447521	0.014836194	0.016191046	0.017133649	0.017713496	0.022109282	0.025360081	0.028396844	0.028983042	0.028979542	0.028819005	0.028849386	0.029139032	0.029643782	0.031410031	0.029947066	0.029257137	0.040627356
20210219	0.014442213	0.014386836	0.014100558	0.014836194	0.016226709	0.017139412	0.017714158	0.022062932	0.025300814	0.02825088	0.028878943	0.028898497	0.028917939	0.029076021	0.029302771	0.029790474	0.031692304	0.03025636	0.029600776	0.039186992
20210218	0.014442213	0.014399743	0.014100558	0.014836194	0.016226709	0.017102847	0.017675159	0.021652344	0.024963963	0.027938539	0.028477907	0.028549439	0.028440851	0.028586242	0.028866297	0.02934376	0.031292903	0.029909977	0.028889977	0.039994688
20210217	0.014442213	0.013810452	0.013558132	0.014871021	0.016155383	0.017122928	0.017674685	0.021533715	0.024798373	0.027914394	0.028375244	0.028447751	0.028461673	0.028540282	0.028825923	0.02925154	0.031048469	0.029775462	0.029053185	0.039196932
20210216	0.014023289	0.013912249	0.013419371	0.014871021	0.016155383	0.017120261	0.01772014	0.021627975	0.02487999	0.028018592	0.028658397	0.028703244	0.028663484	0.028809818	0.029043129	0.02951481	0.031358624	0.0302246	0.029563363	0.039961968
20210215	0.014442213	0.013932209	0.013419371	0.014940675	0.016155383	0.017180268	0.017749615	0.021648995	0.024947104	0.027965507	0.0286961	0.028752722	0.028704401	0.02872782	0.028965559	0.029484278	0.031412975	0.030021412	0.029346217	0.039695009
20210212	0.014442213	0.013977039	0.013419371	0.014871021	0.016262372	0.017245743	0.017825684	0.021960906	0.025173015	0.02809595	0.028766703	0.028891848	0.02877485	0.028748099	0.029083411	0.029616384	0.031640684	0.030205819	0.029247306	0.040573807
20210211	0.014442213	0.013907537	0.013419371	0.014871021	0.016298035	0.017267832	0.01786369	0.022202023	0.025245204	0.028115386	0.029090436	0.028979228	0.028866694	0.028889989	0.02913837	0.029667228	0.031548356	0.030243645	0.029139891	0.040433586
20210210	0.014442213	0.013929502	0.014134617	0.014836194	0.016405024	0.017261586	0.017864521	0.02235638	0.025625429	0.028299743	0.029217071	0.029101985	0.028995313	0.028890139	0.02915346	0.02968621	0.031167518	0.029687129	0.028416696	0.040408025
20210209	0.014255464	0.014004058	0.013623728	0.014905848	0.016440688	0.017272085	0.017915634	0.022542731	0.025818083	0.028452694	0.029366347	0.029412122	0.029243785	0.029143101	0.029409648	0.029794487	0.031481486	0.030308455	0.029097011	0.040468733
20210208	0.014442213	0.01403541	0.013623728	0.015149636	0.016512013	0.017351805	0.018015456	0.022780175	0.026113756	0.028590608	0.029372128	0.029499418	0.029396376	0.029363891	0.029480185	0.029767539	0.031413957	0.030268955	0.028759424	0.042988747
20210205	0.014442213	0.014072718	0.013623728	0.015149636	0.01658334	0.017402873	0.018090239	0.02264371	0.025850268	0.028337139	0.029006161	0.029313001	0.029140646	0.029178303	0.029275832	0.029635665	0.031308111	0.029854059	0.028448076	0.041439658
20210204	0.014442213	0.014060282	0.013759964	0.015149636	0.016619003	0.017396944	0.018128032	0.022771468	0.02592318	0.028454869	0.029331515	0.029573517	0.029278284	0.029379794	0.029595724	0.029962764	0.032022877	0.030333531	0.028839905	0.04317397
20210203	0.014312762	0.014208235	0.013794024	0.015149636	0.016440688	0.017296804	0.018037014	0.022746309	0.025765172	0.028106221	0.028944267	0.028951615	0.028852562	0.02894875	0.029207962	0.029633925	0.031595866	0.029861387	0.02892547	0.042161353
20210202	0.014442213	0.014241814	0.013794024	0.015149636	0.016333698	0.017274881	0.017903103	0.022478339	0.025433323	0.02770912	0.028351137	0.02837222	0.028083158	0.028050284	0.028493741	0.028992765	0.030930127	0.029528869	0.029272737	0.039440142
20210129	0.014442213	0.014271298	0.013759964	0.015149636	0.016298035	0.017286905	0.017790272	0.022368901	0.02514036	0.027288134	0.027880139	0.027750824	0.027760936	0.027725787	0.028150436	0.028547397	0.030637177	0.029745916	0.029632842	0.040705833
20210128	0.01464853	0.014276716	0.013759964	0.014871021	0.016226709	0.017130531	0.01771506	0.022201012	0.024937677	0.026987049	0.02751533	0.027226205	0.027293872	0.027308704	0.027833169	0.028730635	0.030137111	0.028801967	0.028561085	0.042168158
20210127	0.01464853	0.014290755	0.013794024	0.014975502	0.016226709	0.017125721	0.017678035	0.022197533	0.024955802	0.027052161	0.027564783	0.027317489	0.027278882	0.027224522	0.027807862	0.02820422	0.030450342	0.029349632	0.029190974	0.039992449
20210126	0.014562231	0.014415842	0.013794024	0.014731715	0.016226709	0.017111325	0.017692457	0.022084635	0.024892391	0.026858508	0.027303528	0.027217231	0.026928083	0.026878114	0.027506574	0.028310692	0.030038252	0.029247467	0.029065329	0.036962402
20210125	0.01464853	0.014448217	0.013794024	0.014940675	0.016191046	0.017078308	0.017678821	0.0220999	0.024961373	0.027015167	0.027574774	0.027364963	0.027196384	0.0270216	0.027693161	0.028468	0.030362136	0.029463971	0.02885988	0.037671343
20210122	0.01464853	0.014477701	0.013794024	0.014975502	0.01611972	0.017107064	0.017632935	0.021990949	0.024914772	0.026905196	0.027582545	0.027491036	0.026950538	0.026782474	0.02739707	0.028059755	0.030202027	0.029057138	0.028689148	0.036463425
20210121	0.014854847	0.01448312	0.013794024	0.014975502	0.01611972	0.017102364	0.017595357	0.021881924	0.02474399	0.027090324	0.027654888	0.027675582	0.027065117	0.026817927	0.027299437	0.027922386	0.030067692	0.028756705	0.027616774	0.036868838
20210120	0.014854847	0.01451862	0.014236795	0.015079982	0.015977068	0.017110332	0.017670546	0.022262807	0.025201064	0.027808353	0.028192928	0.028505568	0.028083298	0.027839197	0.028297245	0.028886533	0.030661504	0.029262367	0.028850994	0.036990457
20210119	0.014768548	0.014622245	0.013896202	0.015288942	0.016012731	0.017125437	0.017672185	0.022780944	0.025768371	0.028262056	0.028663252	0.028805844	0.028514798	0.028341544	0.02870887	0.029286071	0.031087137	0.029750364	0.028813191	0.040832001
20210118	0.014854847	0.01465462	0.013896202	0.015323768	0.015870078	0.017120197	0.017670561	0.022868644	0.025713165	0.028196928	0.028609992	0.028747161	0.02826912	0.028236616	0.028497008	0.029025486	0.03066236	0.029418673	0.028740874	0.040654927
20210115	0.014854847	0.014684104	0.013896202	0.015323768	0.015941405	0.017077161	0.017632935	0.022558505	0.025236813	0.027866466	0.028308451	0.028113098	0.027756638	0.027656574	0.027900409	0.028397506	0.029976064	0.028708893	0.027915429	0.040218311
20210114	0.014889233	0.014709581	0.014066499	0.015184462	0.015941405	0.017070646	0.017745712	0.022453302	0.025052663	0.027712514	0.028047225	0.02780182	0.027569792	0.027317475	0.027567449	0.028068098	0.02975141	0.028836341	0.028479717	0.036287289
20210113	0.014889233	0.014724223	0.014679566	0.015672037	0.01611972	0.01716557	0.017745682	0.022239893	0.024923885	0.027304234	0.027747868	0.027434738	0.027083619	0.026897775	0.027340409	0.027906867	0.029389874	0.028557042	0.028317932	0.036838215
20210112	0.014846082	0.014776033	0.014304914	0.015567556	0.016226709	0.017231749	0.017784064	0.021997746	0.024644854	0.027024276	0.027445038	0.027126903	0.026775383	0.026586149	0.027015709	0.027597886	0.029254527	0.028533955	0.028422506	0.035135305
20210111	0.014889233	0.014792221	0.014304914	0.015602383	0.016262372	0.017266234	0.017826579	0.021681814	0.024376127	0.026679958	0.027144912	0.02678201	0.026672104	0.02635543	0.026722434	0.027287066	0.02896145	0.028482032	0.02864838	0.038861777
20210108	0.014889233	0.014796133	0.014645506	0.015637209	0.016262372	0.017263876	0.017858344	0.021554123	0.024196399	0.026695164	0.027216492	0.026852368	0.026738451	0.026292202	0.026748607	0.027342091	0.029392369	0.02920522	0.029635648	0.037308972
20210107	0.014923619	0.014822378	0.014304914	0.015637209	0.016298035	0.017299914	0.017895941	0.021356269	0.023932135	0.026663141	0.027345505	0.026920246	0.02680071	0.026341076	0.026903339	0.027550844	0.029733305	0.029296935	0.029436065	0.039016666
20210106	0.014923619	0.014644489	0.014168676	0.01574169	0.016405024	0.017294262	0.017820748	0.021179587	0.023733676	0.026581178	0.027139605	0.026701893	0.026658128	0.02619802	0.026760755	0.02743552	0.029482485	0.028912938	0.028088746	0.040024244
20210105	0.014923619	0.014730841	0.014168676	0.01574169	0.016369361	0.017295144	0.017820748	0.021190265	0.023763504	0.026547835	0.027201882	0.026579931	0.026531899	0.026273467	0.026686981	0.02727799	0.029086255	0.028129956	0.027373549	0.038963405
20210104	0.014923619	0.014757822	0.014168676	0.015811343	0.016333698	0.017286105	0.017825617	0.02126933	0.023998783	0.02684545	0.027431377	0.02693849	0.026704878	0.026521235	0.026794892	0.027298556	0.028985057	0.028029342	0.027273445	0.038851383
20201231	0.014923619	0.014782394	0.014168676	0.015776517	0.016369361	0.017286182	0.01782612	0.021219664	0.024155094	0.026941231	0.027762321	0.02685633	0.026804586	0.026495213	0.02681203	0.027319461	0.028724565	0.027576455	0.0270651	0.038573941
20201230	0.014958006	0.014805627	0.014168676	0.015811343	0.016512013	0.017325537	0.017899971	0.020940247	0.024070903	0.026637615	0.027056529	0.026466713	0.02610303	0.025916562	0.026007786	0.026374182	0.027866662	0.026778768	0.025995276	0.038541825
20201229	0.014958006	0.014928922	0.014543329	0.015915823	0.01669033	0.017399756	0.017937304	0.020853933	0.024044989	0.02658056	0.027053905	0.02645089	0.026339738	0.026156074	0.026297515	0.026629909	0.027558759	0.026520507	0.025874918	0.036616387
20201228	0.014986773	0.015044219	0.015156397	0.015950651	0.016761656	0.017468164	0.017982883	0.020815176	0.024084248	0.026501266	0.026951513	0.026346664	0.026164288	0.026252048	0.026288852	0.026582743	0.027429578	0.026439129	0.025372722	0.03845429
20201224	0.014958006	0.015033025	0.015156397	0.015950651	0.016761656	0.017454163	0.017975574	0.020983045	0.024162705	0.026479252	0.027039692	0.026502326	0.02631952	0.026414108	0.026447888	0.026774337	0.027699923	0.026712642	0.025952341	0.03591983
20201223	0.014958006	0.015023196	0.015156397	0.015950651	0.016761656	0.017511381	0.017933601	0.020885124	0.023991736	0.026544893	0.026976959	0.02662613	0.026380872	0.02640956	0.026530675	0.026950163	0.02773949	0.026573906	0.025538173	0.036218878
20201222	0.014958006	0.015009358	0.015156397	0.015950651	0.016797319	0.017596089	0.01797119	0.020967639	0.024089226	0.026597312	0.027190788	0.026845318	0.026586765	0.026795143	0.027080713	0.027544971	0.028457294	0.027851396	0.026364384	0.038354994
20201221	0.014958006	0.014423843	0.014917981	0.015950651	0.016797319	0.017635879	0.018046357	0.020972352	0.024112201	0.026380208	0.026981214	0.026508985	0.026390545	0.026465798	0.026655513	0.027029392	0.027863984	0.027169641	0.025090886	0.037137788
20201218	0.014958006	0.014288351	0.014917981	0.015950651	0.016797319	0.017622951	0.018234407	0.020938014	0.024094134	0.02641582	0.027090739	0.026619127	0.026430585	0.026511781	0.026652725	0.027002085	0.027838713	0.02649921	0.024289612	0.036749951
20201217	0.014958006	0.014276214	0.014917981	0.015950651	0.016797319	0.017618454	0.018234317	0.021030747	0.024086209	0.026409875	0.027071537	0.026621048	0.026427598	0.026514266	0.026650551	0.027027489	0.028003685	0.026421783	0.024220144	0.036660361
20201216	0.014958006	0.01430229	0.014917981	0.016368571	0.01715395	0.018038233	0.017911524	0.021019666	0.024091812	0.02636242	0.026635784	0.02624679	0.026107813	0.02633166	0.02646274	0.026801934	0.027764165	0.025878076	0.023905339	0.036940112
20201215	0.014958006	0.014412612	0.014917981	0.016055131	0.01715395	0.018034707	0.017909979	0.021028908	0.024105313	0.026262447	0.026699713	0.026252773	0.026225305	0.026511744	0.026609856	0.026901994	0.027658685	0.025736829	0.024145689	0.035723409
20201214	0.014958006	0.014964224	0.014815804	0.01584617	0.017082623	0.017960901	0.01797472	0.020871427	0.023859616	0.026074589	0.026570607	0.026219961	0.026211138	0.026364535	0.026459229	0.026774866	0.027482359	0.025502438	0.023659002	0.034169192
20201211	0.014786074	0.014792221	0.014645506	0.015323768	0.016761656	0.017832368	0.017232603	0.021001208	0.024007306	0.026049392	0.026470235	0.026098318	0.026339881	0.026311612	0.026347731	0.026624446	0.027520097	0.025649595	0.023545671	0.034701847
20201210	0.014786074	0.014792221	0.014645506	0.015323768	0.016761656	0.017804988	0.018154717	0.021297041	0.024228561	0.026707786	0.027162982	0.027113278	0.026857351	0.027210006	0.027365059	0.027707404	0.028702599	0.026870572	0.025398373	0.038725154
20201209	0.014786074	0.014703764	0.014236795	0.015393422	0.016761656	0.017697827	0.01818781	0.021570099	0.024785509	0.02772048	0.028016539	0.027902522	0.027629166	0.028275739	0.02841075	0.028771148	0.029638452	0.02841072	0.026952087	0.038724803
20201208	0.014786074	0.014724525	0.014236795	0.015358595	0.01658334	0.017585748	0.018204957	0.021457161	0.024471241	0.026976533	0.027404476	0.027023175	0.026993568	0.027288576	0.02745217	0.027773591	0.028434318	0.027263776	0.02636352	0.039350942
20201207	0.014786074	0.014570373	0.014236795	0.015219289	0.016547677	0.017490584	0.017851874	0.021177557	0.024266958	0.02639345	0.026904158	0.026331027	0.026314209	0.026329261	0.026658718	0.027073263	0.028011543	0.027067163	0.026400021	0.037388914
20201204	0.014728543	0.014633839	0.014236795	0.015184462	0.016547677	0.017388389	0.017453975	0.021363225	0.02439708	0.026620357	0.027048759	0.026773551	0.026279287	0.026334883	0.026578932	0.026964147	0.028244189	0.027345349	0.026563725	0.039446693
20201203	0.014786074	0.01465462	0.014134617	0.01574169	0.016547677	0.017380649	0.017799524	0.021217009	0.024210627	0.026483313	0.026900967	0.026570844	0.026071058	0.026196652	0.026391209	0.026785525	0.027869688	0.02704398	0.025940722	0.042200385
20201202	0.014751689	0.014671768	0.014168676	0.015776517	0.01658334	0.0173807	0.017767597	0.021343736	0.024196924	0.026434382	0.027097016	0.026628831	0.026048357	0.026307026	0.026461849	0.026812221	0.028086561	0.02731618	0.026375548	0.04003
20201201	0.014786074	0.014684775	0.014168676	0.015776517	0.016440688	0.017256376	0.017619899	0.020865509	0.023684702	0.025753864	0.026442092	0.025869851	0.025576982	0.02589863	0.026100378	0.026414558	0.027588865	0.026648402	0.02646467	0.038176901
20201130	0.014786074	0.014604271	0.014338973	0.015776517	0.016405024	0.017140422	0.017508919	0.02061592	0.023193921	0.025119924	0.025525881	0.025318492	0.025005355	0.025197499	0.025209916	0.025402909	0.026338373	0.025613566	0.02540483	0.034662195
20201127	0.014909236	0.014890026	0.014645506	0.015706864	0.016405024	0.017155553	0.017495203	0.020790731	0.023398736	0.025243179	0.025761764	0.025764203	0.025459929	0.025719769	0.025697102	0.025881695	0.026670703	0.02640491	0.025747441	0.03523886
20201126	0.014923619	0.014895423	0.014645506	0.015706864	0.016440688	0.017155553	0.017551591	0.02099434	0.023576569	0.025411724	0.026193177	0.026295033	0.025688715	0.026059636	0.026049683	0.026258049	0.02722035	0.026780937	0.025626286	0.039522527
20201125	0.014786074	0.014733249	0.014304914	0.015706864	0.016440688	0.017100703	0.017514283	0.021043873	0.023544917	0.025259049	0.025840597	0.025759311	0.025505526	0.025717284	0.025682341	0.025866615	0.026412685	0.026661511	0.026017872	0.035563934
20201124	0.014923619	0.014929823	0.014679566	0.01574169	0.016476351	0.017097372	0.017514761	0.020744458	0.022928445	0.025024322	0.025524109	0.025145407	0.025158225	0.025442927	0.025417731	0.02556488	0.026119565	0.026466783	0.02577162	0.040436066
20201123	0.014786074	0.014924809	0.0149861	0.015637209	0.016226709	0.016915065	0.017328978	0.020964012	0.023191549	0.025322692	0.025929824	0.025831358	0.025375413	0.025996523	0.026061694	0.026290427	0.026941328	0.0273212	0.026936431	0.036909248
20201120	0.01481327	0.014875526	0.0149861	0.015637209	0.016226709	0.016911206	0.017268587	0.020591042	0.022605891	0.02490145	0.025641375	0.025449766	0.024974823	0.025767565	0.025889691	0.026148096	0.026638055	0.026705757	0.026381615	0.035244389
20201119	0.014786074	0.014826622	0.014815804	0.015393422	0.016048394	0.016724956	0.017102997	0.020267418	0.022243298	0.024386278	0.024897395	0.024529131	0.024478438	0.024744441	0.024879669	0.025166901	0.025883296	0.02548948	0.024291432	0.033693786
20201118	0.014786074	0.014730841	0.01447521	0.015393422	0.016048394	0.016723182	0.017028304	0.020151015	0.022228399	0.02434188	0.024727599	0.024269918	0.024328763	0.024551836	0.024632194	0.024894972	0.025850916	0.025082446	0.023717854	0.032853364
20201117	0.014786074	0.014549011	0.014202735	0.015358595	0.016012731	0.016722101	0.017140924	0.019932687	0.022004399	0.024001642	0.024348741	0.023881132	0.02392912	0.024259254	0.024358907	0.024620066	0.025483375	0.02473447	0.023455683	0.031673692
20201113	0.014786074	0.014173414	0.013964321	0.014905848	0.015442121	0.016544749	0.017066174	0.019893665	0.021895315	0.023865511	0.024299545	0.023932574	0.023997863	0.024267326	0.024365022	0.02462265	0.02558966	0.024833698	0.023576641	0.031838857
20201112	0.014786074	0.014388243	0.013964321	0.014871021	0.015442121	0.016531445	0.016965032	0.019862836	0.021653315	0.023691762	0.024243495	0.023997511	0.024067336	0.024336155	0.024431274	0.024714089	0.025803706	0.02507671	0.023706203	0.035057366
20201111	0.014786074	0.014448217	0.013964321	0.014871021	0.015442121	0.016380786	0.016830291	0.019741505	0.021666594	0.02362584	0.023980658	0.023896075	0.023923296	0.024244163	0.024421577	0.024767708	0.02606641	0.025695689	0.024902523	0.033626938
20201110	0.014786074	0.014337894	0.01348749	0.014662061	0.015406457	0.016081048	0.016843238	0.019424386	0.021244768	0.02329432	0.023760935	0.023523584	0.023632263	0.024093804	0.024192783	0.024474418	0.025611778	0.025380622	0.024807378	0.032639891
20201109	0.014786074	0.014357785	0.013419371	0.014662061	0.015406457	0.016080892	0.016768045	0.01925046	0.021136919	0.023143444	0.023611605	0.02354015	0.023662867	0.024054181	0.024116331	0.024357168	0.025490844	0.02533068	0.025303903	0.031727364
20201106	0.014570326	0.014394259	0.013623728	0.014627234	0.015406457	0.016043309	0.016316887	0.018775365	0.020917955	0.022597492	0.022774408	0.022786431	0.022940335	0.023150376	0.023188595	0.023439044	0.024414436	0.023543564	0.023532186	0.029376063
20201105	0.014786074	0.014448217	0.013419371	0.014522754	0.015263806	0.015974956	0.016316004	0.018668038	0.020738996	0.022449492	0.022568325	0.022345047	0.022571499	0.022865923	0.022790862	0.022964635	0.023980134	0.022809192	0.022694773	0.02893105
20201104	0.014786074	0.014497361	0.013385312	0.014522754	0.015192479	0.015975738	0.016316045	0.018647962	0.020768078	0.022520215	0.022577716	0.02254706	0.022749874	0.022753777	0.02267512	0.022890004	0.023866753	0.022835258	0.022718735	0.029612509
20201103	0.014786074	0.014126878	0.013351253	0.014383447	0.01508549	0.015901168	0.01616599	0.018509054	0.020742739	0.022218075	0.022317112	0.022310577	0.022347562	0.022485911	0.022480597	0.02272003	0.023684903	0.022973753	0.022475578	0.029203555
20201030	0.014786074	0.013789894	0.013385312	0.0144531	0.015156816	0.015938062	0.016203553	0.018345874	0.020354235	0.022056682	0.022098836	0.021971147	0.022006975	0.022087053	0.022114863	0.022366286	0.023419269	0.02264241	0.022103875	0.029269477
20201029	0.014476599	0.013936922	0.013385312	0.0144531	0.015156816	0.016181324	0.016274222	0.018502445	0.020331758	0.021987781	0.02214873	0.02206471	0.022058962	0.022020792	0.02203106	0.022295681	0.023187073	0.022338079	0.02177303	0.028836548
20201028	0.014786074	0.014001009	0.013283134	0.0144531	0.015513447	0.01654365	0.016766876	0.018413787	0.020331117	0.021855597	0.022188525	0.022127021	0.022066832	0.022030771	0.021926832	0.022106558	0.023062969	0.022110371	0.02128758	0.028802465
20201027	0.014786074	0.014075528	0.013283134	0.0144531	0.015691763	0.016603424	0.017067385	0.018747687	0.020695986	0.022324349	0.022570542	0.022397799	0.022321348	0.022233751	0.022159476	0.0223668	0.023073773	0.021916983	0.02064533	0.029235391
20201026	0.014470867	0.014045239	0.013283134	0.014836194	0.015870078	0.016696507	0.017180329	0.019101979	0.021102323	0.022501718	0.022581228	0.022265582	0.022223114	0.022137301	0.022120759	0.022337736	0.022774596	0.021308289	0.020363317	0.027631868
20201023	0.014541795	0.014188878	0.013078779	0.014905848	0.015941405	0.016687309	0.017208857	0.018992689	0.02114529	0.022433346	0.022547721	0.022264826	0.022131298	0.021925219	0.021812498	0.021966278	0.022639627	0.021178507	0.020097315	0.027201594
20201022	0.014786074	0.014241814	0.013078779	0.014905848	0.015905741	0.016861569	0.017293186	0.018984849	0.021096681	0.022431275	0.02257903	0.022227802	0.022025234	0.021812577	0.021734041	0.021929331	0.022446551	0.020996965	0.01979759	0.026215113
20201021	0.014786074	0.014298781	0.013146897	0.015184462	0.015905741	0.016855747	0.017368353	0.019293544	0.02140314	0.022887429	0.022959943	0.02274507	0.022456199	0.022283116	0.02214294	0.022270321	0.022812318	0.0211533	0.019776462	0.028009154
20201020	0.014786074	0.01428554	0.013078779	0.015114809	0.015905741	0.016852899	0.017406205	0.01950213	0.021460921	0.023092913	0.023070184	0.02288595	0.022542272	0.022348582	0.022255609	0.022408944	0.022805468	0.02122272	0.019639473	0.026670343
20201019	0.014786074	0.014358555	0.014100558	0.015254115	0.016226709	0.016940116	0.017443801	0.019481544	0.02151257	0.023013319	0.022960992	0.022770618	0.022489367	0.022257536	0.022086072	0.022175298	0.022499444	0.021140931	0.019447016	0.026355567
20201016	0.014741118	0.014596128	0.014100558	0.015149636	0.016227982	0.016936287	0.017436963	0.019565417	0.021540457	0.023017879	0.023095548	0.02301468	0.022704245	0.022354959	0.022159075	0.022248639	0.022590606	0.021170725	0.01948259	0.026423392
20201015	0.014786074	0.01465462	0.014100558	0.015323768	0.016228835	0.016934988	0.017443921	0.019488075	0.021473276	0.022885603	0.023069686	0.022878385	0.022546685	0.022254664	0.022067643	0.022168473	0.022456607	0.020949266	0.01936412	0.02680803
20201014	0.014786074	0.014445609	0.013725905	0.014801368	0.016191046	0.016972505	0.017519089	0.019387721	0.021531503	0.022944775	0.023004258	0.022868711	0.022599223	0.022217908	0.02200376	0.02210397	0.022252636	0.020677813	0.019401613	0.026322871
20201013	0.014786074	0.014531459	0.013725905	0.014627234	0.01611972	0.016995922	0.017519118	0.019388252	0.021474519	0.022932721	0.022976355	0.022768854	0.022582887	0.022272338	0.02204104	0.022110506	0.022448677	0.020838329	0.01925301	0.026654331
