DATE	28	91	182	364	728	1092	1820	3640
2025-09-10	3.2246356270677587	3.0885150519757687	3.0284952518860755	2.9590499375345463	3.0049220924165803	3.0326032437409594	3.0341673444619164	3.0268784221218326
2025-09-09	3.2242396464448806	3.088229563217516	3.0289681198212826	2.958774213634365	3.004764554804045	3.032565270341686	3.033417737932542	3.0268101467156385
2025-09-08	3.224399398878467	3.0881875388913858	3.0288396906034936	2.959790723291631	3.0049416626316527	3.032979930951196	3.0348811442879597	3.027333150726602
2025-09-07	3.224593316568728	3.088618552104602	3.0281618671771744	2.9599846494359427	3.005016214215455	3.0325247179413752	3.033373572496908	3.027420675758091
2025-09-06	3.2235240709364494	3.0882025051988866	3.0281881560578063	2.9586788421032364	3.005272330553423	3.0325398439870557	3.035152851756555	3.026817008988074
2025-09-05	3.223666938422513	3.089202164416773	3.0283959745390927	2.9605163598704163	3.0045631517005966	3.0323110234082606	3.0338864561243097	3.0266084620540634
2025-09-04	3.2235125956331823	3.0879736928804684	3.0283378937035765	2.9597396016667257	3.0042881963627073	3.0330681985747816	3.0347199077628653	3.026672651117539
2025-09-03	3.2239954775657678	3.08867852219993	3.028661748659685	2.9592240508543775	3.00520477008855	3.033118958009094	3.034725297074051	3.027162432738687
2025-09-02	3.223850214061864	3.088461323582961	3.028151428842025	2.958602710327764	3.004755802792492	3.0332927961837552	3.0344028614001277	3.0268231160110832
2025-09-01	3.223600036951073	3.088337100907389	3.028381158732555	2.9590263421627583	3.0044497673701462	3.0324793310849656	3.0336356676678844	3.0265767682527507
2025-08-31	3.2246372419405	3.0887867920758745	3.0287722733940448	2.9588183254619276	3.004527049152638	3.0321555124103794	3.034305411944547	3.027150336136616
2025-08-30	3.223271379097541	3.088042576136799	3.0293411011303286	2.958764034547321	3.0043279313521682	3.0325873744677287	3.0350668707961916	3.0260107856833183
2025-08-29	3.22393610983089	3.0876108542552307	3.0279833246130523	2.9589063038790213	3.005083016135527	3.032153155616359	3.0352191014673253	3.025683553411545
2025-08-28	3.22325674262248	3.0889339279490398	3.0278529552791347	2.9596889441480925	3.0048225002804982	3.0329366907409305	3.034020505198475	3.026500078559453
2025-08-27	3.2233422234195657	3.088319239681993	3.0284647690242954	2.958848900810332	3.0059969395379516	3.0331281194814412	3.0333425564812346	3.027301737079764
2025-08-26	3.224171360064327	3.087449344855248	3.029002621139356	2.958518413278301	3.0041642298416775	3.0319173130597865	3.034492275521895	3.026359238055531
2025-08-25	3.2233814812353527	3.0881129625769654	3.028777022619393	2.9591835453270043	3.004835220583387	3.0325589013347933	3.0342528269822955	3.025831056655181
2025-08-24	3.2238820103849872	3.0881979450732455	3.028453120720221	2.9591085277853635	3.004759515332381	3.0326269754581507	3.0343960962456067	3.0268311602166333
2025-08-23	3.2231998562163184	3.0888859273298137	3.0279971409338557	2.9596880951782123	3.005366422621692	3.0327377794204957	3.034038468570777	3.0264391816859297
2025-08-22	3.2235164545397352	3.0875411612476644	3.0287616227859018	2.9588554552555584	3.005177187509678	3.032865263457541	3.03458937198142	3.02692786693778
2025-08-21	3.223103131457665	3.0881237862587643	3.02891359479937	2.9583773558226603	3.00557303642933	3.0325386088046162	3.0338343152605156	3.0275573497808823
2025-08-20	3.2238697186426633	3.0885687911039583	3.0289416276961987	2.959324054772199	3.004450361003443	3.032898863540563	3.0342342117818477	3.0267998188208876
2025-08-19	3.2241161856035574	3.08770297562028	3.0288410373040757	2.958495733045018	3.0055602335451694	3.0330810704256748	3.03349392743063	3.025178398098185
2025-08-18	3.2235217683949027	3.0883790015917376	3.028585068404113	2.959034340324455	3.005339751606573	3.0327307053382757	3.0327698915663044	3.026045666498988
2025-08-17	3.223794970753585	3.0878282566821507	3.0285914989180722	2.9586808956020696	3.0049827452783107	3.032536808166401	3.0340172699314056	3.026282030766847
2025-08-16	3.223611705914214	3.0871615796728067	3.0298768836363172	2.9596879711647275	3.0048534232401685	3.0319945869677785	3.0341888836476927	3.026188537700961
2025-08-15	3.22395998915778	3.087758902346646	3.029217966555481	2.9593126963002367	3.0054442908182715	3.0325742649546417	3.033814899826791	3.026885610458457
2025-08-14	3.224490280526761	3.0885329019640926	3.028627214719134	2.958817439653409	3.004574642194429	3.033082282343678	3.0346521069513455	3.0262572226028444
2025-08-13	3.222894089760564	3.0880788656485363	3.0279319840025503	2.9597297001085225	3.0053881555143374	3.032599640595209	3.0346174782851842	3.026715167986638
2025-08-12	3.223050280582248	3.0885111594850607	3.028883913492678	2.9591901584380187	3.0049428317733238	3.032693128151904	3.0335856409557524	3.027322590082121
2025-08-11	3.2236348033601847	3.0885171473715225	3.029691835076505	2.958977154958907	3.004495245213943	3.0327011227522744	3.034151410673259	3.02674521711785
2025-08-10	3.224043638022285	3.0883875643616823	3.0284570312175245	2.9597655599151844	3.0046009572268155	3.0319639742527658	3.0346302386400623	3.0271883849381975
2025-08-09	3.2231165547098573	3.0883629271303503	3.028878038127527	2.958600673211284	3.0044593551498053	3.0328289385763814	3.033224029794056	3.0263400675023617
2025-08-08	3.2241961045325795	3.088001336839519	3.0278763232874146	2.958430607598689	3.0046966891653386	3.0333159578268467	3.0343042147569115	3.026980510686631
2025-08-07	3.223562657073246	3.088460887048011	3.0287213315296295	2.958908736989887	3.004877253341808	3.0319728457855275	3.034719230145914	3.027109963091052
2025-08-06	3.2237050963066354	3.087434947995799	3.0284186968959164	2.9598961735532585	3.0051049804815055	3.032931215186644	3.034684166051071	3.02606554534935
2025-08-05	3.224389774654594	3.0885460928850326	3.028185659555445	2.959359599919671	3.004992026309902	3.033417559166973	3.0341644764489697	3.027066574176988
2025-08-04	3.2235870419862502	3.087912714100225	3.0291786376510768	2.958932024988926	3.0051998151165016	3.032592505393791	3.034345490207608	3.0271685719008445
2025-08-03	3.2231127269735245	3.0881218297276196	3.0287007747500967	2.958394098072433	3.004992587050316	3.0337985159727134	3.0346877284715204	3.0267632674355496
2025-08-02	3.2235992044974613	3.088896183650249	3.027624077085543	2.9591733833847282	3.0044316916477856	3.033105717908392	3.0341399477993245	3.026408384838554
2025-08-01	3.22390791726846	3.0884629354592357	3.0296522271677917	2.9597418046198385	3.0043990740312965	3.033261618970629	3.034022974772487	3.027074470005739
2025-07-31	3.2245689758208074	3.088351701292575	3.0284305091584143	2.959029864143243	3.0048757402830177	3.032558649812027	3.0338484567933492	3.026775928798635
2025-07-30	3.224143157592418	3.0883222155777155	3.027948548158955	2.9585131056165745	3.0046411832134443	3.0324031652678194	3.0347007298337716	3.027380101727273
2025-07-29	3.224111983778465	3.0887341241840525	3.028149813098973	2.959618821286325	3.0042039764590203	3.0322750129449108	3.0345803104618874	3.026660422313964
2025-07-28	3.2231592417455883	3.087791327009943	3.0289801572388213	2.9588479774598646	3.0041630470329688	3.0325603969855153	3.0337772047770257	3.026776081861842
2025-07-27	3.2232715975573187	3.0881657686921082	3.0281833909277376	2.9598047592317958	3.004571100905434	3.032802050579276	3.0345780158529148	3.0269065282273324
2025-07-26	3.2240321668194105	3.08754855097627	3.0293243065643143	2.958260549802611	3.005106831018524	3.0316380504393585	3.033792485070629	3.0265810302358496
2025-07-25	3.223970146557409	3.087339970266134	3.0293844988344794	2.959714362458179	3.004782215829115	3.0327974747685036	3.034191097736203	3.0265099238574726
2025-07-24	3.223086854912912	3.08835407109794	3.028746976012861	2.959904532292943	3.0049231310178515	3.0314743896273453	3.0342733812932976	3.027302684135475
2025-07-23	3.223590840083023	3.0890777559600107	3.0293974327025377	2.9592976747851494	3.0058737810828804	3.032871165620196	3.0339107739228526	3.0267171165320694
2025-07-22	3.2237950025405833	3.087781462138195	3.0289277383880044	2.9586404865933766	3.0046243300311675	3.0329711796820282	3.033256982477374	3.0262439128670504
2025-07-21	3.2243330487109354	3.088238686497845	3.0284856654597427	2.9590244728206727	3.0049633089871657	3.031869182957372	3.034479702102175	3.02632402151683
2025-07-20	3.22372507802939	3.0877178426227783	3.028058077406809	2.958815826562301	3.004998716783039	3.0326316164565794	3.033730008301678	3.0264973864850657
2025-07-19	3.2235365058450127	3.0878102878265627	3.0286230806881216	2.9585167529913554	3.004591310548796	3.032662223422805	3.0340910831749572	3.0268059338879123
2025-07-18	3.224225714992606	3.088382750404353	3.029541310463584	2.9591294850865837	3.005035955915797	3.0329898192692637	3.0330562414607165	3.0264608448172647
2025-07-17	3.2231625239901502	3.088163363363196	3.0287350277795033	2.959823665788818	3.004183927365288	3.0328662454018445	3.033919754224017	3.0260862346711077
2025-07-16	3.222978563795412	3.088298053940286	3.0290538539711047	2.9589285457732903	3.004539618097524	3.033163397538227	3.034918504038979	3.0269943319061356
2025-07-15	3.224431161117926	3.087965406647535	3.028994131165253	2.958938146624627	3.0046490586714594	3.0330551076082606	3.0340231833110454	3.0267936822577677
2025-07-14	3.224593212930915	3.0891012589981206	3.0281405923576035	2.9590536464370274	3.0045081713315454	3.032154780034114	3.0347260576603254	3.027480854213994
2025-07-13	3.2236103502419153	3.0877445372569263	3.028820660645593	2.958658161032644	3.0049635664200998	3.034162495889109	3.0351032219790914	3.0264175842031853
2025-07-12	3.224205230359683	3.08883361911365	3.0287604978902953	2.959419520762493	3.00564729843155	3.0335243554554054	3.0336936768133533	3.027514606823879
2025-07-11	3.224128734909045	3.0884184000553967	3.029050521973428	2.959370734657667	3.0053169655388823	3.032534440165625	3.0338203169866937	3.0268329330658763
2025-07-10	3.2240740993474204	3.0880135589312827	3.029170566979837	2.960047450542979	3.0044881726316657	3.033096603589609	3.0339277719245104	3.0262997257566124
2025-07-09	3.223968264825409	3.0887612333636665	3.028544630955144	2.95951677003341	3.004307971899511	3.032302747698671	3.0333312935163343	3.027360060375722
2025-07-08	3.2240579123411512	3.088085558237768	3.0281790679394534	2.9594033454828126	3.005691126488863	3.0327915015228806	3.0339730861166028	3.027120901627727
2025-07-07	3.2242517617882718	3.0877721356530934	3.028565772987104	2.9585380732611437	3.005212017256824	3.033154907817732	3.034403007792607	3.0264544113794396
2025-07-06	3.2242070375349097	3.087990406093758	3.0288348217477665	2.9598955902028563	3.0049305172519083	3.0328505294945485	3.0338357875665665	3.0265786042071947
2025-07-05	3.2236631132984215	3.0877726710394504	3.0287521423453567	2.959412972522983	3.0043347781102003	3.0323166701598727	3.034033645042075	3.0267027068720034
2025-07-04	3.2246656121396913	3.0882733350922003	3.028753400736139	2.9596465809168437	3.004481982478731	3.0322980053289488	3.034209301354214	3.0263982460073753
2025-07-03	3.2233273384755647	3.0889124047394882	3.0277160847695446	2.9591856915874244	3.00423594466565	3.0332730474946556	3.0343112072507346	3.026779168459703
2025-07-02	3.22462781658323	3.0873652838680425	3.0285634111874216	2.958197522762316	3.00512913683084	3.0320019483967684	3.0343190208129505	3.027574101039157
2025-07-01	3.2247257757172143	3.0886558990151163	3.02900990831542	2.9596466775796793	3.0046994173128723	3.0329894582968273	3.0337361169264474	3.0267557425821523
2025-06-30	3.224099002103669	3.088593991457017	3.0284761355142784	2.9596630367596934	3.0053644485167754	3.032346089133581	3.0340229983026767	3.02666066068481
2025-06-29	3.2237336713638824	3.0878525649037316	3.028419462913166	2.9589579493254305	3.004246804687976	3.0323647600167547	3.033841753515591	3.0264512410977855
2025-06-28	3.224151767992623	3.088258703658492	3.0287967189247387	2.958228620372938	3.005920898451973	3.0317662476888025	3.035625393663615	3.026451433026462
2025-06-27	3.22335003554287	3.0878987060887737	3.029192268672693	2.959340200883031	3.004848673661956	3.0327817588807626	3.0340812315259322	3.0266905194850358
2025-06-26	3.223735006591951	3.0886603119162586	3.0277057080365144	2.959147706647842	3.0050742941489763	3.0329579205519597	3.034366588771522	3.026289592029492
2025-06-25	3.224444190451014	3.0889287470928037	3.0287073021379	2.9585828729756813	3.0052702703284124	3.0330656598714336	3.03409195962921	3.026624615922464
2025-06-24	3.2233253924011045	3.087652405829037	3.0286756752391093	2.9596258505232567	3.0048277049638106	3.032870640246418	3.034661242900933	3.0264983576330184
2025-06-23	3.2240959343922055	3.0879327433813213	3.0284015896192025	2.9591576589613684	3.005558189949059	3.031772040151393	3.03414857585663	3.027500954760622
2025-06-22	3.22452704732317	3.0870972058615846	3.028517289357739	2.959297188474136	3.0053649963411924	3.032160089895698	3.0342536330589946	3.026247213842888
2025-06-21	3.2235320141238764	3.0871123141051635	3.027785063934513	2.9600267392352015	3.005360177305055	3.032684611442013	3.034931368292396	3.0269011458344925
2025-06-20	3.2232934788672023	3.0886268277328615	3.0284507223927566	2.959432047463705	3.0044348514567276	3.0326157980372335	3.0344651383829864	3.0263982415592627
2025-06-19	3.223620245613608	3.08711003676636	3.028315949279835	2.9591740322479527	3.004497069235483	3.0328376786894133	3.034339288290222	3.027203346448785
2025-06-18	3.2241204014251594	3.086915224495476	3.0276922308517897	2.959397647517092	3.005069850640466	3.0331827558875193	3.0340940476873004	3.025356693874632
2025-06-17	3.2231180932288432	3.088173574512387	3.0292381264017214	2.9596830934544993	3.0049768040477227	3.0335226478876187	3.0336337840193677	3.027070771967116
2025-06-16	3.223765704671656	3.0878119667487263	3.028914325450794	2.9590044379007865	3.0045027275852454	3.033563102754655	3.0334268892346903	3.0264818639115045
2025-06-15	3.223708702406729	3.088091863910485	3.0280956710240803	2.9588745120494	3.0049621624584644	3.03206713128336	3.03389333805767	3.026464355959874
2025-06-14	3.2234121380419896	3.0874760205772827	3.02777064334929	2.9600684559090116	3.0044108425814926	3.0322195304698227	3.033661509953325	3.0261901571657166
2025-06-13	3.223967537926856	3.0870621844314003	3.027848210495232	2.9588112807588405	3.005034629676382	3.033399578947148	3.0331816737845596	3.026720616835869
2025-06-12	3.223441898971822	3.0880554903147637	3.0288232273635813	2.9582570180325334	3.004861285800102	3.0318911322777407	3.033802861145145	3.026754410568242
2025-06-11	3.224532441802688	3.088182875499687	3.0290464388289737	2.9595903517665585	3.0051773217855864	3.0328097413365582	3.034415646423809	3.027758653269908
2025-06-10	3.2232785253707203	3.0877136238015233	3.0279838861549053	2.9585020717542383	3.004730501712376	3.0323893330823575	3.0336741414246395	3.026724554569417
2025-06-09	3.2242222347511866	3.0882679916023354	3.0291907428104246	2.9587657784786963	3.004464933170491	3.0328158479501792	3.034290712719829	3.0269699319724133
2025-06-08	3.224171273994367	3.0877190312190104	3.02909049270893	2.958894693344961	3.0047054839431446	3.0321815950572684	3.034214176059298	3.027014922592022
2025-06-07	3.223003851053982	3.0882056853289006	3.027263573317902	2.9578794119160645	3.005571729637968	3.033351123913421	3.034108838953607	3.026574241628562
2025-06-06	3.2236263940353913	3.0884886085851275	3.028316266018836	2.959582364139898	3.0052706431321106	3.0323149691930995	3.03485715004661	3.027017822869131
2025-06-05	3.22441265424214	3.0889903411146866	3.0288605353924454	2.957978897189175	3.00552628326123	3.0328001181950417	3.0343931788172647	3.0273457063405282
2025-06-04	3.224663540788088	3.087741416124235	3.0290604039417164	2.958838522151443	3.0043998868055692	3.033050324800462	3.0352417843916033	3.026375391403346
2025-06-03	3.22359194861996	3.086995016882372	3.0281789011332405	2.9587532966623966	3.005212790569107	3.0323177350292374	3.0342449249746064	3.0262673742324067
2025-06-02	3.2238728486463772	3.0878557233774835	3.028694941545226	2.9590528821102913	3.0060160893266796	3.031779613250897	3.0348274680777325	3.0266614008917956
2025-06-01	3.2241487276798764	3.0890200950452757	3.0286568644674676	2.9595841028080567	3.005026432299437	3.0335744969801848	3.034460313259607	3.026967326768266
2025-05-31	3.2236823847716094	3.088086665227123	3.029259999334381	2.9591910929632723	3.004557186324783	3.0333416788946552	3.03492804468945	3.0267105547758417
2025-05-30	3.22452423715245	3.087696834901556	3.0278206947405604	2.9585688744561565	3.0049203157855815	3.0326267620524963	3.035043913545379	3.026842415422921
2025-05-29	3.223829896107316	3.0879670331561644	3.0285382694771696	2.959169832503492	3.0041400428831273	3.0327845911017524	3.034177099287197	3.02678857861216
2025-05-28	3.223618896087174	3.08817798249087	3.028369168403422	2.9590240356432167	3.005842381258596	3.032475946083785	3.033774967128604	3.027424811154834
2025-05-27	3.223859445996386	3.0877922341087456	3.028235832663425	2.959306302490806	3.0057519711591656	3.031653093136271	3.0347725952207623	3.0258324847732974
2025-05-26	3.2237918974274073	3.0879637165699623	3.0287593917624607	2.9591532994348397	3.0052859390666584	3.033326706764693	3.03417605100617	3.0260419436875776
2025-05-25	3.223935045664487	3.088422938196316	3.029192149788749	2.9594519052948978	3.0044052934061836	3.031342920184055	3.03452813283974	3.0261057238978486
2025-05-24	3.223380251256087	3.088621061026286	3.028703650311677	2.9594688635908484	3.005623387523011	3.032400181081118	3.0346764764384653	3.0266191624443635
2025-05-23	3.224621288683284	3.0877784294266593	3.0287657427435395	2.95867972682834	3.004815171299672	3.032971061825109	3.0336714633960415	3.0264105666295893
2025-05-22	3.2231505449259625	3.088979460346571	3.0283494719023416	2.959358067568892	3.005510979711419	3.032253568455254	3.0340456317826456	3.027104768428674
2025-05-21	3.2232927524472275	3.08815062494858	3.028714604920421	2.9593282075173164	3.004253862733749	3.0329940556013852	3.0347693011825947	3.0257407744683147
2025-05-20	3.2242620828323934	3.0878793977437544	3.028880709654185	2.959240714116984	3.0047680979108833	3.033626203281047	3.0343742597070835	3.025497212715215
2025-05-19	3.223245986941199	3.0875962082538884	3.0282173444176057	2.9598389918862766	3.0051133170411584	3.0324367866456186	3.033931075881903	3.0267773760588637
2025-05-18	3.2237945876354965	3.08767083108636	3.0287267984265656	2.959840053274807	3.0045858374843433	3.0329401434875396	3.0348742474436117	3.0266754183917017
2025-05-17	3.2235645370320962	3.0877143688437463	3.02909612883355	2.9587464168329363	3.0053810599649364	3.0327610515412773	3.033895960154192	3.0272399176223677
2025-05-16	3.2232587219587683	3.088628396948312	3.0286233725825737	2.9591940089469264	3.005278975976283	3.032479582223142	3.0347586817373102	3.0268731142279437
2025-05-15	3.223327695248417	3.087826968182524	3.0280929931437988	2.9580475485203297	3.0045585360793865	3.0321464425807076	3.0335675749863382	3.0264445367099566
2025-05-14	3.2237353296224494	3.088489944505744	3.0291325670220015	2.9584847754020465	3.0041465999720924	3.0324300576812635	3.034806633437126	3.0272101228756463
2025-05-13	3.2241012811424112	3.087645654397663	3.0279109764881365	2.9592495662585105	3.0045449378223457	3.032887082401943	3.0349110210682086	3.026978981344868
2025-05-12	3.224587118091823	3.0883018473040744	3.029519630863756	2.959957790997803	3.0053283437722644	3.0330806600944005	3.0335801827990765	3.026770286776158
2025-05-11	3.2243602544503336	3.0886823382184647	3.0291730008585236	2.9590903526780306	3.005587796348131	3.0323538165612853	3.0343554862426263	3.0263994931972196
2025-05-10	3.22306304917331	3.0880262665941083	3.027544822985262	2.95977839591419	3.0051100448331294	3.032620179844831	3.035271097868864	3.027081993068004
2025-05-09	3.224084393328366	3.0871856059851575	3.0284546007013198	2.959149145595054	3.005344109501289	3.0326959096844	3.034695943209079	3.027198284172816
2025-05-08	3.2230485164164	3.0881698051693665	3.0278680253290937	2.95930579720607	3.0052678391692687	3.032129530851876	3.0342328407757466	3.027052882921045
2025-05-07	3.223213544634525	3.088158124146589	3.0285024492987342	2.9586339551145975	3.005224326627604	3.033056364406351	3.034897309079455	3.026551723776293
2025-05-06	3.2240737423090384	3.087778992594032	3.0284694501512477	2.9585889712072007	3.0050789842079073	3.032327413770701	3.034325610349125	3.026918484328764
2025-05-05	3.22376078609747	3.087295276015729	3.0283420854094008	2.959423395656927	3.0039479212309548	3.0329241404463643	3.0340252256384077	3.0264485094870035
2025-05-04	3.2238931856078312	3.0887490947565963	3.0289454028874263	2.9588133686820837	3.0048982626649385	3.032196056327673	3.034268339480886	3.02689341319493
2025-05-03	3.223709021156339	3.088711025674254	3.0282980568449354	2.959601986712783	3.00496687351846	3.032067295627118	3.033424722203758	3.0264306054908787
2025-05-02	3.223921134639586	3.0873544775640047	3.028821038089495	2.959088301913972	3.004712859651677	3.0324411998304375	3.03463300371655	3.0272008077962655
2025-05-01	3.2239264382907775	3.088263986514473	3.028816742851707	2.9591540559914375	3.004475664301819	3.0327141003107987	3.0337219629399814	3.026816125931386
2025-04-30	3.2236591625799615	3.0872033863089166	3.0287324732855954	2.9594584139212836	3.0041594783478685	3.033515223878623	3.0338085129551007	3.027001263623471
2025-04-29	3.2236643383342005	3.08757653052564	3.028059425530868	2.9588159558304525	3.0054832079417504	3.03308997393632	3.034403585046663	3.027152591522303
2025-04-28	3.225048671990508	3.088213611737896	3.0288566905503953	2.95899499621979	3.0053528977921933	3.032064475255233	3.0345232867173153	3.0274236688337237
2025-04-27	3.2241542689311937	3.088282619505528	3.028781266954527	2.9587680519416932	3.0045371921292854	3.0328854500040388	3.0341789351111332	3.026430538150233
2025-04-26	3.2243227692459713	3.0888822268246563	3.028429400735676	2.958985227466648	3.004598233303446	3.032724640796124	3.0336236823333365	3.025961244334252
2025-04-25	3.2247363259041535	3.0884050684523534	3.0283693707167973	2.959145130245536	3.0047922376764498	3.032210313962343	3.033811371626659	3.0262852869098906
2025-04-24	3.2235742162570493	3.088092522554654	3.0284708051651457	2.9592253907743036	3.0047150589579688	3.033067781346294	3.035038195516947	3.027321511038408
2025-04-23	3.2237334628440855	3.087838353618544	3.0285473089618904	2.9593392109447207	3.00507362415518	3.032464701802193	3.033384656077035	3.027490732557037
2025-04-22	3.224841946412313	3.0872626690663747	3.028388742845472	2.9592707862213508	3.0048566796007776	3.0322524935474693	3.033892235701017	3.027595062672228
2025-04-21	3.2237252449104297	3.088533831696083	3.0291194720819186	2.9595885946413025	3.005946873822936	3.033145287404933	3.0341662893577515	3.0270370896511722
2025-04-20	3.2235396529641664	3.0885281837176093	3.0285993342299546	2.958744461208761	3.004891423647794	3.0315418659660023	3.0341231877444765	3.0270102903962295
2025-04-19	3.2244635027891477	3.088821594068631	3.0284071238614207	2.957657373589837	3.004651125902639	3.033030015817803	3.0343830650703225	3.02688905799384
2025-04-18	3.2243081036083865	3.088553990715973	3.0283418927701304	2.959018857624308	3.0055045964912654	3.032493357285637	3.034932184393306	3.0271668107054914
2025-04-17	3.2236596231953594	3.0883142247248583	3.0275099663380582	2.96044518834545	3.0044315438750653	3.0332066840199383	3.0352620605419838	3.0274038826792387
2025-04-16	3.2246844515154027	3.0876241189942495	3.0285551297980366	2.9593506640211156	3.0033324719370884	3.0321483569964363	3.0341188621022424	3.026441989247276
2025-04-15	3.224554246406452	3.08788326043583	3.0280974968668786	2.9587673657467457	3.0050269305058577	3.033173247276449	3.034562000678584	3.0269300316027605
2025-04-14	3.2242480938502402	3.0874752640034426	3.0286283100837674	2.9592562491688383	3.005075332994183	3.0320661019929	3.03417193702682	3.0270498200138154
2025-04-13	3.2246245688418744	3.0893796697549902	3.0287118363959453	2.9586298568207203	3.004672301225411	3.032444681465991	3.0339318754613154	3.026902962933976
2025-04-12	3.224086403071731	3.087775238681912	3.0288878895798814	2.9588053588592347	3.004996877266704	3.0336905900027418	3.0353023319066765	3.0256733873588773
2025-04-11	3.223466039237981	3.0885456934149493	3.028463172473341	2.9594405948800824	3.004948340506194	3.0331098662391613	3.0335214421138637	3.027328554489315
2025-04-10	3.22339129735323	3.0879584146759473	3.028736816112111	2.958839789661385	3.005126963396841	3.032500877319549	3.0352873308106276	3.0269705992451894
2025-04-09	3.2240679905388876	3.088203546967715	3.028088952019904	2.9584100081786158	3.0046766610776268	3.0323683638680636	3.034026820804034	3.027072736319094
2025-04-08	3.224029859888359	3.0878411265532395	3.027990621849556	2.960233525250362	3.005361365119707	3.0323515560460566	3.03341024170292	3.026737348920062
2025-04-07	3.2242056405336332	3.087516010488398	3.028280216443008	2.958733407906603	3.0050639671750923	3.0331221008774225	3.033827026141654	3.026142777251911
2025-04-06	3.224313917109369	3.087602947213654	3.027990614968794	2.9587325307471377	3.004571412088389	3.0317106111391876	3.033898053148241	3.0268580788833424
2025-04-05	3.224266236439292	3.0877396298298385	3.028242741744688	2.9591460435275123	3.0050048534170384	3.033025257223584	3.0340198858717002	3.027205415823778
2025-04-04	3.2237945607722023	3.087272058074614	3.0284117570391773	2.959059322637189	3.00476206369063	3.0327565886352867	3.0348063147276623	3.0268229346627815
2025-04-03	3.2248091257452254	3.0880093685715155	3.026957872523805	2.95964649262106	3.004276757020861	3.033199148921647	3.034584581848286	3.026412692574881
2025-04-02	3.224503870049465	3.0881837986349807	3.0284182803092667	2.9584632540704225	3.004401898856623	3.031983887143704	3.034136654363273	3.027087839946557
2025-04-01	3.2236234029235455	3.08853831892013	3.0285149412047545	2.9591395224528343	3.005115231906127	3.0324178398873602	3.0337814486848766	3.026963782001136
2025-03-31	3.223001212487594	3.089170634370351	3.028896784837154	2.958373057696256	3.004983994306218	3.032261349994954	3.0344780796845554	3.0268089458227343
2025-03-30	3.223726210762954	3.088149742913382	3.028404198136484	2.9599111639910403	3.0055771501440307	3.0330974100675974	3.0346252168377568	3.026469345054466
2025-03-29	3.2243781172759025	3.0876003037526476	3.0282898604849553	2.9585925334390963	3.0050556805743804	3.032569036664655	3.033955056889002	3.0265324984536206
2025-03-28	3.2231526771478545	3.087858759120279	3.0288079807281645	2.9579776179014226	3.006069499874381	3.03291348177072	3.033514465959559	3.0257408149843075
2025-03-27	3.2231806168818724	3.0880885417914126	3.028009817485974	2.9598328796703646	3.0048214896790824	3.0324427291561884	3.034397196863594	3.0266577648805724
2025-03-26	3.223596982214784	3.0883617053034205	3.0284358074355757	2.9588275043325645	3.005769948088738	3.0330069596947777	3.0346494929736574	3.025846519557005
2025-03-25	3.223925778849514	3.087570225180428	3.028566457547311	2.9580745280537357	3.004752556845108	3.03323474111365	3.0353630443203734	3.0267588940961856
2025-03-24	3.223854179189737	3.087648784536917	3.0292977067648312	2.9583350403234157	3.004677869797006	3.032171700836551	3.033603447580227	3.0261036887554993
2025-03-23	3.224393356883506	3.0872121761703832	3.028960241973474	2.9592172573316304	3.0045316712727352	3.033167205437167	3.0343796794896116	3.026302594561482
2025-03-22	3.2239062522525943	3.087970980503093	3.028860096786401	2.9595435615133567	3.0047926504518596	3.0325701523527417	3.0339554991100752	3.027348851283077
2025-03-21	3.2236117433499283	3.0879070633881835	3.0292451540543808	2.9592222359706146	3.0048526283695396	3.032071352338432	3.0331612755509996	3.0272790077274867
2025-03-20	3.2238758412841952	3.087811357342978	3.0281226450887098	2.959268767917454	3.005444588666435	3.0326227668002814	3.0341340362223623	3.025591831836609
2025-03-19	3.2237760138213587	3.089154366022172	3.028383444384822	2.9594503591283496	3.004791004834927	3.0314889071549525	3.033852211450522	3.0258841930663265
2025-03-18	3.224178124032015	3.088526978533724	3.0286485563703756	2.959582417363875	3.0057824725333075	3.0315327301113815	3.0354297119473554	3.0260379577898044
2025-03-17	3.224120371449993	3.087633954541407	3.0282809517415523	2.9596219212655743	3.005422162459625	3.0320729633065677	3.0343655937714997	3.026590896604548
2025-03-16	3.22361427152919	3.0876229069347105	3.027846079637346	2.958661328372374	3.0049007767347127	3.0326086625028945	3.0345464808070917	3.027954759254123
2025-03-15	3.223863802407854	3.0871442315593067	3.028084209601036	2.959928338530278	3.00539025237629	3.0324688832646207	3.034903483550595	3.0274349994695133
2025-03-14	3.2236910618841965	3.0874178283954925	3.028660917490506	2.959877787313382	3.004561510308729	3.034002034657588	3.0339146228271137	3.027048217153751
2025-03-13	3.223835760464592	3.088133760284311	3.0285389758572117	2.959781285225186	3.004505699107531	3.0324370220170436	3.0347621361657677	3.0264705318123593
2025-03-12	3.2236259185094536	3.088850215248456	3.027783278660753	2.959337697054154	3.0048427439018788	3.0331339913140285	3.0347314218941177	3.0270406201761966
2025-03-11	3.223948378097845	3.0876024578829893	3.028738384792578	2.9584139055831753	3.0050164422214944	3.0332810494439992	3.0344289076861517	3.0270386755181535
2025-03-10	3.2234743335031704	3.087780227176536	3.027525705848381	2.958258987855192	3.0058307954234684	3.032486128035966	3.033431633932388	3.026772359326013
2025-03-09	3.223170330079095	3.088947979597433	3.0280781219997706	2.958729506080181	3.0047939334237213	3.032732258348093	3.033924248431568	3.0258238895498573
2025-03-08	3.224792709792125	3.0883558212240003	3.028356026547256	2.960144817432054	3.0044587968755865	3.032826302366008	3.034034183712944	3.0265145533566606
2025-03-07	3.223751312042842	3.088343188897391	3.028435708686356	2.959878063205748	3.003594148058921	3.0320850627241636	3.034738881078369	3.0277399518111983
2025-03-06	3.2240135030130728	3.0882109472377857	3.028701191120579	2.9593480752279255	3.006266815457108	3.032996768606208	3.0334272159433073	3.0271698498010235
2025-03-05	3.223589151764356	3.0874756118500337	3.0279116203064516	2.9593809392546717	3.005408358234364	3.0322279052918995	3.0335350348505896	3.027315260950365
2025-03-04	3.225096815091014	3.0889688321570814	3.02880558513515	2.9591018159403393	3.0051556321644557	3.0326887623431	3.0337925993319264	3.026844285006571
2025-03-03	3.2235586886758556	3.0878192386922625	3.0279216240466087	2.9595379233282086	3.005426885086327	3.032578515336005	3.0335542656723806	3.027483940010233
2025-03-02	3.224114283589102	3.0880556242478385	3.028591439122719	2.9592804389144653	3.004212224252696	3.0325029972808393	3.0341966396110345	3.025561316030614
2025-03-01	3.2247150260012587	3.088024565693861	3.028926706167045	2.960135078520529	3.0053428396605173	3.0325993718108517	3.0343813790483125	3.0265798805837028
2025-02-28	3.223621133133576	3.087711927283598	3.02885979223794	2.9584332178574715	3.005804343853849	3.0330053803300006	3.034247314668083	3.0267401716659807
2025-02-27	3.2240519193012585	3.0875550697683445	3.02794809931609	2.959172425289368	3.005647764346099	3.0331806919701862	3.0349855545161875	3.026624825651525
2025-02-26	3.2240082369027623	3.08811478807093	3.027823884686321	2.9590148505968776	3.0053901148748605	3.0327140454681136	3.034128240457444	3.027473844337907
2025-02-25	3.2239015864576834	3.0880021462673297	3.02901636081225	2.959756956012226	3.0047081388731054	3.033450790815718	3.034582100388277	3.0268531621771597
2025-02-24	3.2228416305623706	3.088122032553236	3.0284333638460237	2.9594730311707313	3.0046246751422623	3.032483061172695	3.0342191202412314	3.026388435648442
2025-02-23	3.2228512065970922	3.0880181822760187	3.028329457844684	2.9597821596385283	3.0047657221354616	3.0320092021219724	3.0345952974446586	3.0268340423512043
2025-02-22	3.2243386970542853	3.088276810319687	3.0274635034377164	2.959466653383197	3.005656875497036	3.0325496648966026	3.0339588520504788	3.0267122695386983
2025-02-21	3.223102100517877	3.0879448508248766	3.027762217123595	2.9589415429780117	3.005237578620984	3.033282541266751	3.0349419588474644	3.026397591431035
2025-02-20	3.2243332415667765	3.088771656543624	3.029218319084906	2.9593877721755812	3.0047137311449292	3.0329406762435336	3.033988107181903	3.0269209210897094
2025-02-19	3.223896716388368	3.087908944826886	3.0284589357426825	2.959346710398491	3.005139064971727	3.032962910403961	3.033748516446429	3.026944987367167
2025-02-18	3.2239899122107976	3.088588108120211	3.0290592901776883	2.95870424623671	3.00484586373064	3.0329968914024237	3.03407573670184	3.026851605449138
2025-02-17	3.2243045067061633	3.0875838133708315	3.0289312030160978	2.9592282463904755	3.0053929715859136	3.033873147022147	3.034085719076824	3.0262374700378176
2025-02-16	3.2230103261728558	3.087571707498504	3.0291178629996964	2.9596472102799356	3.004612281133879	3.032513401952692	3.0343731131216853	3.026872031164249
2025-02-15	3.223544535950968	3.0878635814864697	3.027914482610986	2.9594517532192106	3.0054155913317926	3.0328888682551494	3.034354470987486	3.0268278122506342
2025-02-14	3.223969117633032	3.088389231698174	3.029254495076362	2.9587454526210686	3.0052684877170845	3.0331758721861464	3.0346117272123236	3.0274170244237353
2025-02-13	3.2240915684563074	3.0879551709244817	3.0279465612868175	2.9599795417544286	3.0049451369635447	3.033210216732546	3.034796021037585	3.0275120952809016
2025-02-12	3.2234554773553596	3.0887505589873085	3.0291344387437653	2.9585843138113512	3.0054669248901975	3.032117619663246	3.0344542831626886	3.0261541058797103
2025-02-11	3.2243261624872903	3.0874650174129594	3.0276333076715565	2.958803162231127	3.0065532699945843	3.032073072048607	3.0341568194300734	3.0271446533750788
2025-02-10	3.2231802493671258	3.0880915232761517	3.028657812658904	2.9596854856200423	3.004818801133206	3.033105985416574	3.033478644411707	3.026789455825063
2025-02-09	3.2235028707380255	3.0877710443569857	3.028502657987863	2.959704296334721	3.0045245022827984	3.0339695532691655	3.0342463446750205	3.0272620085905464
2025-02-08	3.223170810038983	3.0877617984935175	3.02804526802825	2.9592579919309	3.0044271088480685	3.0325273560777446	3.034092001782656	3.0269120900560176
2025-02-07	3.2237299956041428	3.088203222072248	3.027456484497397	2.958158899303962	3.0058088909444747	3.0332108422711612	3.03602655595195	3.0263060271521445
2025-02-06	3.223670307362628	3.0870760194596474	3.027701415597816	2.959252354616174	3.004344971762763	3.033157744006097	3.0342167609549793	3.026475629018112
2025-02-05	3.2238715725860216	3.088540344611572	3.028392456612125	2.9587132281056037	3.0050020718216666	3.032435629025868	3.0342377928788244	3.025978441067863
2025-02-04	3.22503629489075	3.0884780318864116	3.028372338006739	2.958185139451327	3.004777630083963	3.0330816509458773	3.0354214068281578	3.0260545360706885
2025-02-03	3.223369994781088	3.0881176082220256	3.027239351986345	2.9593438566259493	3.0046474547881035	3.0326189439355864	3.0347865629819366	3.027386489636428
2025-02-02	3.223780333083528	3.0879178299508583	3.028866726164683	2.959455435158722	3.0047741999117172	3.032477901391922	3.0336947955727562	3.026669022817215
2025-02-01	3.223629195918243	3.0883061357936485	3.028318114506641	2.9583958153737897	3.0046441378066633	3.0326700938055042	3.033744351954935	3.0263062380680155
2025-01-31	3.223819270969243	3.0885414573535517	3.0291236277584597	2.958973552246906	3.005107231989429	3.0325549046440843	3.033766490020878	3.0278224907148843
2025-01-30	3.223954252524531	3.087479323010983	3.0288197609405296	2.9590187173590827	3.004221175325606	3.032503274088258	3.034775804755116	3.026957112588046
2025-01-29	3.222749371132091	3.087279439663804	3.0296859779424676	2.958816199024579	3.005790074896492	3.032451728642494	3.0340592008399625	3.02765418508129
2025-01-28	3.2243344921233956	3.0880083086693144	3.0282199450104135	2.9592591677972275	3.00489011891959	3.0322730599412457	3.0346139209358602	3.0279107063470536
2025-01-27	3.2256516087405247	3.0881159260292965	3.028206411207587	2.9588929075756147	3.004254801180448	3.033141134758068	3.034101959121511	3.0273858501622186
2025-01-26	3.2242284670627237	3.08751696810125	3.027589886505207	2.9589553832889095	3.0056113210948627	3.0330009612215054	3.034034632401819	3.0268145261036508
2025-01-25	3.2234063577760237	3.087779061241875	3.0287025563970467	2.958666116538606	3.004553620160478	3.032137766037943	3.033824476988044	3.027077367647906
2025-01-24	3.223883390813379	3.087606873092372	3.027070608444357	2.9574145557301836	3.005061318646765	3.033282361901796	3.0350764756977417	3.0263848406871667
2025-01-23	3.2237316543047507	3.0878949196702785	3.0285170865727165	2.9585844988087833	3.0056597224929367	3.033128726054095	3.034467213627257	3.0270002135090657
2025-01-22	3.223688586067636	3.087657026554127	3.0291325107185068	2.9587190135472863	3.0044734977648586	3.0327579045900497	3.032575243247729	3.026599955513139
2025-01-21	3.2238458273183483	3.088095055523594	3.0281273778662716	2.9591517121535866	3.005579249658858	3.032163595116301	3.0345679148402374	3.0261652946327597
2025-01-20	3.2249734334726137	3.088232461126408	3.02846114654566	2.959573092377094	3.0051541495573115	3.0326969292142185	3.034984071552373	3.027023941007497
2025-01-19	3.223570884292231	3.0877111959204524	3.0281893273630907	2.959606345939132	3.004269511862615	3.03232391113883	3.0351064261673897	3.0260646787234284
2025-01-18	3.2245295862752825	3.088021481239118	3.0283748304646605	2.958973035182551	3.005407389623643	3.032365237404663	3.0350529094926055	3.0271776275621933
2025-01-17	3.2239292674621867	3.0877494465802076	3.0284880318386884	2.960159923068947	3.0048428555196995	3.0332072325561636	3.035276116238163	3.0268170445264113
2025-01-16	3.2239208102272623	3.087263999997265	3.0284599600737283	2.959972590631872	3.0051547394081557	3.0333975846610928	3.0338310856910136	3.026258464770059
2025-01-15	3.223771241892193	3.0885427606054545	3.028899333628839	2.959270969671629	3.0050693458547544	3.0321647164897216	3.034563051114382	3.027422072331449
2025-01-14	3.224267099157149	3.0886114672263894	3.0287765235395856	2.9590663236135373	3.005909040219088	3.0335017616406876	3.0330649643456633	3.0272612574116278
2025-01-13	3.2236684682873924	3.0878416770790436	3.028434232149605	2.959131612390322	3.0041050395670807	3.0325203226638657	3.033903038413519	3.026422639152667
2025-01-12	3.2239911258064993	3.087247360321146	3.027729302652864	2.958813820550806	3.0038444220459484	3.032538296489567	3.035076284335689	3.026270115699999
2025-01-11	3.2242982755813645	3.088306992105611	3.028454922551271	2.95891185982747	3.0058249090547657	3.0329502119225458	3.034225915023574	3.026702595335117
2025-01-10	3.224457533025451	3.087754689751556	3.0297779804436153	2.9584911760670844	3.0045006554045535	3.033162054147656	3.034174359244934	3.0268706375086705
2025-01-09	3.2236609264266054	3.087960998365069	3.028292027004055	2.958872543419273	3.004677292279072	3.0334096811866846	3.03449264297092	3.0269071096708244
2025-01-08	3.2233955594729222	3.088296062995318	3.028479298774293	2.9594123594546415	3.0057189534332878	3.032530243764709	3.03475192726162	3.0265300717123256
2025-01-07	3.223815162848149	3.087936484749447	3.028535596078996	2.9579427350884937	3.0052509102862404	3.033135065719197	3.0346886927201133	3.0265953829741292
2025-01-06	3.2236883043235403	3.088063668856727	3.027568632372131	2.958943576672205	3.004984516929481	3.0318701915169637	3.034467758138532	3.026691497362711
2025-01-05	3.2236005928404876	3.089371352977138	3.0279486125521875	2.959410731619122	3.0047514798908135	3.033525512490297	3.0342839887293733	3.027872859108783
2025-01-04	3.2245069752481426	3.0876078995570455	3.0284183838576006	2.9593025894058496	3.0040669479176128	3.033287767836795	3.033812291299459	3.0269833834843407
2025-01-03	3.2230097716437767	3.088364083286851	3.0280592204078647	2.958996559063232	3.005241936365694	3.032167531872921	3.033964454438539	3.0266543045586958
2025-01-02	3.224042037282324	3.087883184802823	3.0284529271776908	2.959535610118713	3.004279068276615	3.032675092226343	3.0340118773134774	3.0258020031071795
2025-01-01	3.223956252014952	3.0879967750507595	3.028974294823079	2.958715180560976	3.0038712313629303	3.0338337469890844	3.0344536964455777	3.027361867172437
2024-12-31	3.2239223468611766	3.087874241334525	3.027963073636889	2.958700621468027	3.0047207575164756	3.032259881939516	3.0339809268086264	3.0263599517767092
2024-12-30	3.2239168410411394	3.087658014130547	3.0279088298881485	2.9588835586105153	3.004771702772529	3.0332476646393687	3.0347606428662344	3.0273711671628765
2024-12-29	3.223902225961412	3.0874504215605576	3.0288932205902737	2.9584739309697228	3.0050703227649733	3.0330232074645695	3.034926296837472	3.026434841369731
2024-12-28	3.2245926483554275	3.0885907269820168	3.0291784806704465	2.959469693022055	3.00466836786761	3.0326198112348446	3.0348431192473972	3.026991484397004
2024-12-27	3.223930785292742	3.087773327596174	3.028749787607807	2.959888858293837	3.005629195393158	3.03266058784707	3.033119930783202	3.0272349347858776
2024-12-26	3.2232469132009567	3.0886137241114375	3.029213826742131	2.9587284627799497	3.0052054004299746	3.0333710007952823	3.0335831100341446	3.0262668198422884
2024-12-25	3.2236709152795826	3.088214612284558	3.0284036389305946	2.9589355896442346	3.0047152226958223	3.0324215799194154	3.0330995067846027	3.0261387500187893
2024-12-24	3.224282794087948	3.0876597514880273	3.0291155470063087	2.959273771930887	3.0041065061202072	3.0319982143918947	3.033809780739934	3.026281688570901
2024-12-23	3.2244408046504667	3.0888127243441654	3.0279546633642767	2.9590858314765036	3.0055018976492986	3.032568544970354	3.033576476307345	3.0270798961758874
2024-12-22	3.2230546529661703	3.0882677608253517	3.0278485488556193	2.9593528371971463	3.0047880233339717	3.0326321069249795	3.033572914200735	3.026241858663257
2024-12-21	3.2235681298581307	3.0872930317932865	3.027920736459735	2.958906488113507	3.0054368414839794	3.0330250413984357	3.03368487196229	3.026944409157301
2024-12-20	3.2236319557821362	3.088804222011793	3.0290086073728033	2.9592475761559025	3.0041103056179286	3.032256948186816	3.0351864958297017	3.026079899873447
2024-12-19	3.2237346085379963	3.0882575271133015	3.028092545638271	2.9594143224209057	3.004239628069114	3.0324455031155075	3.0337711264075153	3.027055228575241
2024-12-18	3.2241969052862274	3.0876653661433915	3.0281360441363065	2.9589114379212598	3.0045187936205515	3.0330020628224275	3.0347571786865237	3.0265519360541893
2024-12-17	3.2231046840765827	3.0879687347670783	3.0285179601018366	2.959347704074944	3.005581030545031	3.033071061217944	3.0339618974132474	3.027574178133969
2024-12-16	3.2235668673025093	3.0877188706467478	3.028042747900733	2.958545230907722	3.004834461343406	3.032366045182264	3.034430745053874	3.0254947662414167
2024-12-15	3.2245173703519097	3.0878905597520383	3.0294323795798297	2.958877466520871	3.0051697788523777	3.032934550027279	3.0336283195433262	3.0266424672940158
2024-12-14	3.223273679428345	3.0888170091108145	3.0285276218006785	2.959697643996165	3.0061694947184683	3.0322360106828183	3.0346088890907685	3.026277297198432
2024-12-13	3.223703663868242	3.088042675853919	3.028869037883432	2.9590340594332605	3.004576189488154	3.032346804563717	3.03468544385157	3.0268260285866444
2024-12-12	3.2229338300841373	3.087094307695533	3.0276457145543128	2.95885550464963	3.0048284094977085	3.033036653779686	3.034152610900197	3.0270150535057856
2024-12-11	3.2239168069299597	3.0879587940890283	3.028803537421021	2.9584422394296843	3.0042263830705065	3.0326950818533076	3.0356384255506734	3.0265895166011925
2024-12-10	3.2236151567426266	3.0884866506623396	3.028493925212347	2.9603537046675266	3.00392680284032	3.0325319466486644	3.0349106578821017	3.0256292199327284
2024-12-09	3.224288128808142	3.0889472298016045	3.0287360180538543	2.9593858133467617	3.0045362103367537	3.0332870335075857	3.0334928039856437	3.0270910625810155
2024-12-08	3.2231473748732027	3.0882384417810402	3.028569189252649	2.9593681561845426	3.0046331455258013	3.032387145306075	3.034312213791015	3.026024788281819
2024-12-07	3.2236517073456312	3.088105192489697	3.0281622056708097	2.9590780692922203	3.0050383773312963	3.0333644118516294	3.033934742400502	3.0266311068521228
2024-12-06	3.223853246908353	3.0884483876778925	3.0292722287588685	2.9591811631663827	3.0046751163817356	3.0327628775537203	3.0337723279443938	3.026517926728707
2024-12-05	3.2239627326271107	3.0882028475984424	3.028711069768349	2.960060651545708	3.0050290316308206	3.0324003043948204	3.033799311225124	3.0271205959095604
2024-12-04	3.223154857989442	3.087892643964588	3.028315622865418	2.9590421300143754	3.0047623928723723	3.032414881029331	3.0343291236682868	3.0269294023266
2024-12-03	3.223789785686556	3.088339801921679	3.0286783658005243	2.959158394171872	3.004496624061348	3.0326122120526247	3.0344421752662982	3.026695390001498
2024-12-02	3.22480172556002	3.0880491437978304	3.028670413706733	2.9587528521309867	3.005358623926856	3.032950315709761	3.0352005546969454	3.0269350353880693
2024-12-01	3.2235307472524295	3.0870214871851003	3.028671092055535	2.9589091442064057	3.0041078124932894	3.0328361259564067	3.0336939414027335	3.0263298718973917
2024-11-30	3.224041203328886	3.087622769416298	3.0278411332547703	2.9586129499932095	3.0049772847989864	3.0333211109658706	3.0343492965393253	3.0261580317073236
2024-11-29	3.22361377691549	3.087776801175756	3.028735327831258	2.958487737063768	3.005272789833147	3.0330628442234966	3.0350342807825155	3.026588166960583
2024-11-28	3.2243012778364877	3.088649014154696	3.0293175428413748	2.95897637706093	3.0042449431721385	3.033151225847199	3.0344453285189377	3.027614006544156
2024-11-27	3.223539020600728	3.0893547953255616	3.0286591591713954	2.9599363020402008	3.0043525424634776	3.0329447113721857	3.033954767879883	3.0264665456211914
2024-11-26	3.223838483115956	3.0875723275556517	3.0283152057883624	2.9591232482984857	3.003655723650017	3.032584318004309	3.0344233871440944	3.0266790612619454
2024-11-25	3.2234817498118162	3.087165510825065	3.028367567042839	2.9598609824343165	3.006278517868052	3.0325396766131547	3.034074260597329	3.026971477665662
2024-11-24	3.223698607519528	3.0890618135309786	3.0282891857089935	2.9587808943732075	3.0055761545848068	3.0331021290942006	3.0340061471763615	3.027255011518821
2024-11-23	3.2244000710394816	3.0876047525950097	3.0290358506117765	2.958763051810643	3.0045599034933086	3.032457039397464	3.034124804530957	3.0268124765999476
2024-11-22	3.223659856457778	3.087906096872414	3.0293961669008227	2.959752789067681	3.004355784923792	3.032736208437789	3.0336470871907486	3.0266409605084803
2024-11-21	3.2235440937116637	3.0880132027265392	3.0288215905679445	2.9588684510013747	3.004071058502305	3.033179744326505	3.033937543881687	3.027150716414118
2024-11-20	3.223334553800594	3.0880021409027782	3.0283445555839266	2.9582435463102756	3.004956779244475	3.0317056108080265	3.034050679267869	3.027323710531167
2024-11-19	3.2238188651679116	3.0883472762519415	3.028170406295715	2.9585573651750714	3.005453003892944	3.03208940263701	3.034217485754279	3.027045480075245
2024-11-18	3.223308181489978	3.0885211983103917	3.0290206130363644	2.9591351414287255	3.0046544874911385	3.0320212967840963	3.033716407247745	3.027108051346762
2024-11-17	3.2244760647659123	3.0872777865216223	3.0276498125689137	2.9596800113573534	3.0045376270807114	3.0335239199223043	3.0336543862613436	3.026856332728456
2024-11-16	3.2244771415541122	3.087638530183371	3.0284258292888104	2.959651071686602	3.005732001789706	3.0331110938894708	3.0335907899594257	3.02600621698056
2024-11-15	3.224081710039362	3.088173122603879	3.027281145928812	2.959261819387765	3.0041670403267586	3.0324939488780043	3.0342386498212943	3.0272971935604116
2024-11-14	3.2245853119352317	3.0876912902994	3.029586759584696	2.9593405460518385	3.0045670226154617	3.0325580727988655	3.0345224205167938	3.0274346237389533
2024-11-13	3.2236906643544487	3.087388814067918	3.027904620455458	2.959335189667631	3.004284873593227	3.032608470216554	3.0346531034856516	3.027231702291048
2024-11-12	3.223533957518258	3.088122083028098	3.0298340681163487	2.9588296121160638	3.0049728740169455	3.031907284137583	3.035504103252675	3.026784017317786
2024-11-11	3.2243972134477294	3.0882716986442458	3.028840126976313	2.958812984681368	3.0047997733256038	3.0332229233319326	3.0336857892873734	3.0265067081514943
2024-11-10	3.223855298377117	3.088312553983994	3.027972658309433	2.9582915940192698	3.005116381115123	3.033077414679662	3.0341799811371577	3.0271856640845187
2024-11-09	3.223686474499875	3.088556169333598	3.0282261363263165	2.9585455668024254	3.004337975986409	3.0328463192604036	3.0346973519901312	3.0268162384606114
2024-11-08	3.2242739233485143	3.0884947616525307	3.0286485580662084	2.9591381673208668	3.005169155865419	3.0327890785629363	3.03469378349913	3.027720448030988
2024-11-07	3.2232219452348927	3.0878824155671873	3.0283145903260413	2.9585083035588915	3.0058768103912286	3.033388971485891	3.0345739818983244	3.0264131408597983
2024-11-06	3.224991810027517	3.0878361426146994	3.0283845992918064	2.959411936282072	3.0048456425059356	3.0327155497177416	3.0343679708615516	3.0272036644929603
2024-11-05	3.2250102652477683	3.0883714453783426	3.0285680742534002	2.9595241090796187	3.004678480774148	3.0332519201311383	3.0340635064846526	3.0264897388562324
2024-11-04	3.22400570582925	3.0885633085359885	3.027863985861848	2.9599082194792024	3.0045438426859166	3.0332380092099323	3.0331880134671705	3.0265569077250234
2024-11-03	3.2231672900867094	3.0882164830561556	3.028108656042304	2.9586721595775645	3.0050077255145182	3.0331202942132607	3.034398668899791	3.0259747001344066
2024-11-02	3.22343477550938	3.0880126945739717	3.028645830200391	2.960061184858219	3.0057426129908658	3.0328544648022633	3.0339535006342513	3.027338656015143
2024-11-01	3.223233224256363	3.0877385209647032	3.0286972687722966	2.9593349047575943	3.004549538696553	3.032824843778861	3.034694390093859	3.027486434842632
2024-10-31	3.22447775623379	3.087849587971017	3.0285684553946774	2.9601448037210014	3.004795943895968	3.032504651024431	3.0337975164102096	3.026151999590911
2024-10-30	3.223508391065141	3.0873651659340933	3.0291017360733195	2.9595478618532485	3.0045264609587137	3.0335490686678255	3.034699963573445	3.0269504941984686
2024-10-29	3.223729892620862	3.0882652814449267	3.028131265713979	2.958355351535361	3.0052673654792192	3.0328781031096073	3.0339246023694044	3.026815707555396
2024-10-28	3.223933407333864	3.0885430644179177	3.0285410474710672	2.959693415415686	3.0050909261449155	3.032660099112742	3.032837992476211	3.026818710212049
2024-10-27	3.223344140395512	3.0882302232320593	3.028612511541125	2.9583117638162433	3.0054421551414663	3.032752767386525	3.0346372738892935	3.0261162922780453
2024-10-26	3.2240710263320476	3.0881981787784563	3.028750587368056	2.9590139007002576	3.004695694206441	3.032901351817044	3.0345439428584706	3.0274459657668524
2024-10-25	3.223271798824389	3.0873452032399875	3.028914115231637	2.9595408496086897	3.0039077649808417	3.032887235258176	3.0341417405666227	3.0267023156327157
2024-10-24	3.224236628605635	3.087495651357305	3.0287828769512894	2.95946526529481	3.005685998494478	3.0310835626073076	3.034050389196407	3.0261021271365895
2024-10-23	3.223646166773138	3.0887516678126383	3.028158209787736	2.958972265943955	3.005905319184694	3.032589319323689	3.0345382204902025	3.0270508759023746
2024-10-22	3.2244072319599986	3.087418804838076	3.02853751743086	2.959724456939167	3.0043346238057382	3.0331587768006334	3.0345766683793562	3.0269047279540953
2024-10-21	3.2230476024154724	3.087514752147086	3.0287599803872074	2.958495055600691	3.005055180678068	3.0317940575306443	3.0341142763630944	3.0275409763633867
2024-10-20	3.2238545556685625	3.088292094218887	3.0284423096515947	2.9597325809469184	3.0048941905413153	3.0315103441184714	3.034641617908155	3.0261528586267423
2024-10-19	3.2240722782099698	3.088288660295156	3.0292676396650173	2.9582624924331937	3.00526335178094	3.0326981468635203	3.0347005500930067	3.025843475042611
2024-10-18	3.2240219777150796	3.0875634279146764	3.029381705529727	2.9595875536452305	3.0050342605370575	3.032697753361181	3.034277453265552	3.0272386245431813
2024-10-17	3.224007789225465	3.0874937785770222	3.0297598224343236	2.959490896350892	3.0038160981709807	3.0323604880476944	3.0345796830193175	3.026261792966054
2024-10-16	3.223641585532398	3.0878791766899756	3.028156174742942	2.959501526048402	3.005937885059538	3.0326613965270623	3.0340431429534	3.026248940889566
2024-10-15	3.224255966953475	3.0882540054266405	3.029677719328285	2.9581074967683287	3.0049296068101925	3.0327276476237683	3.0344334221342364	3.025912970283729
2024-10-14	3.2238169514546	3.0883083507508515	3.0291113479440193	2.9591034420627333	3.0047029063908473	3.0327735723718843	3.0334927371416502	3.026363209891007
2024-10-13	3.2239187066687123	3.089273504197765	3.028145525325603	2.9594030722077727	3.005247701589	3.033296255433068	3.035048595767638	3.0261728380437014
2024-10-12	3.224752409371146	3.0883485993449673	3.028443750234354	2.9594609695555074	3.0056483060271475	3.0332654515112436	3.0337935887845826	3.0267284812231883
2024-10-11	3.2236740146309613	3.0878557586291926	3.0293427956724646	2.9588412548285414	3.005287952056688	3.032439015573706	3.0346400827064817	3.0263960417988423
2024-10-10	3.2241195931655375	3.088280950322416	3.0290055459745453	2.9600767064616353	3.0048403839497095	3.032454960107648	3.0341916420022947	3.02619265080054
2024-10-09	3.2237360970944504	3.0879877116886054	3.0284005040884914	2.9587041270751357	3.0046818406495377	3.0325735145372867	3.0342425687488648	3.026602518884997
2024-10-08	3.2239416119450506	3.087722713174815	3.0284353417095926	2.9580832188398203	3.005584497463469	3.0320234487983995	3.0341492218124757	3.0274944137847104
2024-10-07	3.2241019000675575	3.088101737865237	3.028766655242267	2.9595472319860656	3.0056206881294747	3.0325049832654676	3.034148296457341	3.027115259513558
2024-10-06	3.224436428993152	3.0877022279083692	3.027646463674614	2.9590127737538827	3.0050845733396745	3.0333158300963823	3.0337435571134046	3.026230184381013
2024-10-05	3.223884880533689	3.0880674337345013	3.028324211270678	2.9596040964580697	3.0039691586650172	3.0329760655492977	3.034451380494474	3.0262429121746486
2024-10-04	3.222879294998938	3.0877117290025544	3.0287576454742875	2.9598309830024987	3.005274191064316	3.033322031987814	3.033667000443003	3.026359302265786
2024-10-03	3.2244433232884244	3.0874546708210806	3.027892675746873	2.958875374965917	3.0034896448208093	3.032773962154225	3.033869976621639	3.027195161204657
2024-10-02	3.223874950723319	3.0883418610986118	3.028240717506053	2.958942718380762	3.005137637488807	3.033187991746203	3.0351742082687836	3.0270949197029506
2024-10-01	3.2241832792065437	3.0883909687830498	3.0280494365954316	2.9589473219768525	3.0045339153648105	3.0319847022655937	3.0342010229627325	3.026068250195839
2024-09-30	3.223875339925294	3.0885386723035984	3.028477887519004	2.9589719848952547	3.005831928944298	3.0327756419107605	3.034191088624865	3.0257505327652994
2024-09-29	3.2237968752381763	3.0886408659319207	3.029213241424276	2.960077116507984	3.0056053671084975	3.033301194112735	3.034206306177651	3.027060500049646
2024-09-28	3.2239394736105225	3.0882915287577393	3.0281164817650916	2.9585409958137787	3.0053187872439455	3.033586247795319	3.0340558933282886	3.026519336998276
2024-09-27	3.2234950240194653	3.0881405389935432	3.0278736748250346	2.959779400409123	3.004954390581154	3.031989970964153	3.0342620706468915	3.0267182507613524
2024-09-26	3.2240550017643392	3.088296544070929	3.0281408718165	2.9590327768426543	3.0045529034513345	3.0324409709340756	3.034673169075587	3.026643511349933
2024-09-25	3.22385559	3.08808429	3.02850589	2.95913012	3.00496237	3.0327288	3.0341902	3.02675423
2024-09-24	3.24824168	3.10538615	3.04361667	2.97172832	3.01761096	3.03371146	3.05134894	3.07748467
2024-09-23	3.24820741	3.10535995	3.04360256	2.97172832	3.01761096	3.03371146	3.05134894	3.07747862
2024-09-22	3.24808647	3.10526823	3.04354915	2.97172832	3.01761096	3.03371146	3.05134894	3.07759251
2024-09-21	3.26677313	3.11774952	3.05644366	2.98644302	3.04139637	3.04479788	3.05134894	3.08748159
2024-09-18	3.26608476	3.11721536	3.05612316	2.98644302	3.04177431	3.04479788	3.05134894	3.08823446
2024-09-17	3.36143096	3.18798297	3.10823133	3.01204256	3.04076646	3.04479788	3.05134894	3.07098097
2024-09-16	3.36516204	3.19075055	3.11027123	3.01305042	3.04076646	3.04479788	3.05134894	3.07036416
2024-09-15	3.36520941	3.19078683	3.11029139	3.01305042	3.04076646	3.04479788	3.05134894	3.07029563
2024-09-14	3.37045026	3.19486058	3.11273846	3.01305042	3.03774289	3.04479788	3.05134894	3.06450348
2024-09-11	3.37052384	3.19491702	3.11277071	3.01305042	3.03774289	3.04479788	3.05134894	3.06442688
2024-09-10	3.36692176	3.19224621	3.11078725	3.01204256	3.03774289	3.04479788	3.05134894	3.06513541
2024-09-09	3.31479645	3.1546048	3.08055762	2.99128073	3.01919834	3.02917611	3.0411696	3.05838579
2024-09-08	3.31204602	3.15251955	3.07935928	2.99128073	3.01919834	3.02443919	3.0411696	3.06996908
2024-09-07	3.30386727	3.14624564	3.07547097	2.99087758	3.02212112	3.02212112	3.05895826	3.11844897
2024-09-04	3.24016673	3.10127813	3.0361918	2.95761834	2.98281474	3.001964	3.01607398	3.02154059
2024-09-03	3.24017177	3.10128216	3.03619381	2.95761834	2.98281474	3.001964	3.01607398	3.02171193
2024-09-02	3.23075336	3.09414049	3.03209083	2.95761834	2.98281474	2.98483045	3.01607398	3.06293929
2024-09-01	3.22890898	3.09277183	3.03107995	2.95711441	2.98281474	2.98483045	3.01607398	3.06321544
2024-08-31	3.22687715	3.09126206	3.02998744	2.95661048	2.98281474	2.98483045	3.01607398	3.06322754
2024-08-28	3.22780135	3.09197965	3.03041779	2.95661048	2.98231081	2.98483045	3.01607398	3.0615807
2024-08-27	3.22411159	3.08924332	3.02839603	2.95560262	2.98231081	2.98483045	3.01607398	3.06274578
2024-08-26	3.22501362	3.08994378	3.02881631	2.95560262	2.98180688	2.98483045	3.01607398	3.06226705
2024-08-25	3.21394333	3.0817348	3.02275204	2.95257906	2.98180688	2.98483045	3.01557006	3.06281028
2024-08-24	3.21405923	3.08182248	3.02280243	2.95257906	2.98180688	2.98483045	3.01557006	3.06234969
2024-08-21	3.21403303	3.08180434	3.02278026	2.95255386	2.98180688	2.98483045	3.01204256	3.05550433
2024-08-20	3.18246396	3.0587073	3.00476785	2.94151784	2.9767676	2.98483045	3.01305042	3.05501653
2024-08-19	3.18229766	3.05858132	3.00469529	2.94151784	2.9767676	2.98483045	3.01305042	3.05440073
2024-08-18	3.18201848	3.05836967	3.00457334	2.94151784	2.9767676	2.98432652	3.01297483	3.05596896
2024-08-17	3.17953815	3.05648901	3.00349292	2.94151784	2.9767676	2.97979117	3.01297483	3.06722671
2024-08-14	3.1797246	3.05663112	3.00357455	2.94151784	2.9767676	2.97979117	2.9893658	3.01785688
2024-08-13	3.17969134	3.05660491	3.00355944	2.94151784	2.9767676	2.97979117	2.9893658	3.01768857
2024-08-12	3.17969034	3.05660491	3.00355944	2.94151784	2.9767676	2.97979117	2.9893658	3.01781153
2024-08-11	3.18150145	3.05801188	3.00440402	2.94151784	2.97573455	2.97974077	2.9893658	3.01579884
2024-08-10	3.15391543	3.03795555	2.98879031	2.93171644	2.96779768	2.96951104	2.98956737	3.03208982
2024-08-07	3.11813553	3.01167268	2.96851528	2.91982374	2.9641694	2.97172832	2.99490901	3.03731153
2024-08-06	3.11798838	3.01156181	2.96845077	2.91982374	2.9641694	2.97172832	2.99490901	3.03819542
2024-08-05	3.11792287	3.01151142	2.96842255	2.91982374	2.9641694	2.97172832	2.99490901	3.03865701
2024-08-04	3.12821107	3.0197063	2.97277649	2.91831195	2.9550987	2.97172832	2.99490901	3.0218752
2024-08-03	3.08618246	2.98851315	2.94993545	2.90727593	2.9550483	2.96870475	2.99490901	3.03601845
2024-07-31	3.08602725	2.98839524	2.94986792	2.90727593	2.9550483	2.96870475	2.99490901	3.03506401
2024-07-30	3.08226997	2.98554603	2.94823117	2.90727593	2.9550483	2.96220408	2.99516097	3.05184078
2024-07-29	3.08230826	2.98557525	2.94824729	2.90727593	2.9550483	2.96220408	2.99516097	3.05244751
2024-07-28	3.1135518	3.00874183	2.96537782	2.91584271	2.9550483	2.96220408	2.99490901	3.04687205
2024-07-27	3.09043461	2.99269273	2.95023781	2.9011784	2.93746122	2.96215369	2.99490901	3.02162526
2024-07-24	3.10479051	3.00342338	2.95752561	2.90369804	2.93751161	2.97172832	3.00350098	3.01446847
2024-07-23	3.14348916	3.03093583	2.98139971	2.92330084	2.95661048	2.97172832	3.00448364	3.04161205
2024-07-22	3.19022445	3.06534504	3.00756566	2.93796514	2.96061671	2.97172832	3.00448364	3.04067776
2024-07-21	3.19539172	3.06936235	3.00997948	2.93796514	2.95761834	2.97172832	3.00448364	3.03476266
2024-07-20	3.17162648	3.05174302	2.99693681	2.93141408	2.95759314	2.97172832	2.99591686	3.02096712
2024-07-17	2.93961904	2.88153932	2.86661599	2.85582488	2.92435909	2.9445414	2.9767676	3.03781041
2024-07-16	2.93943359	2.88139923	2.86653537	2.85582488	2.92435909	2.9445414	2.9732401	3.02620697
2024-07-15	2.93244713	2.87669052	2.86162509	2.85028167	2.91680017	2.94451621	2.9732401	3.01299902
2024-07-14	2.92512103	2.8724031	2.85536026	2.84020311	2.89714698	2.93645336	2.97273618	3.0002325
2024-07-13	2.93612883	2.88021298	2.86236687	2.84625025	2.90218626	2.93242194	2.9641694	2.99746493
2024-07-10	2.9292865	2.87489452	2.85914577	2.84619986	2.90621768	2.93247233	2.9641694	3.0046328
2024-07-09	2.9296715	2.87518277	2.85933423	2.84625025	2.90621768	2.93242194	2.95711441	2.99020534
2024-07-08	2.91729099	2.8655648	2.85353806	2.84619986	2.91324748	2.93247233	2.9459776	2.98326726
2024-07-07	2.92989726	2.87556777	2.85952472	2.84574632	2.90069967	2.91881588	2.94098871	2.98145111
2024-07-06	2.92673057	2.87347143	2.85735783	2.84322668	2.89613912	2.91528838	2.93796514	2.97654285
2024-07-03	2.94460591	2.88735969	2.8656928	2.84322668	2.88606056	2.91528838	2.92234338	2.9212428
2024-07-02	2.94631019	2.88868502	2.86649001	2.84322668	2.8850527	2.91528838	2.92738266	2.92998796
2024-07-01	2.94623158	2.88862555	2.86645575	2.84322668	2.8850527	2.91528838	2.92738266	2.92951528
2024-06-30	2.94621948	2.88861648	2.86645071	2.84322668	2.8850527	2.91528838	2.92738266	2.92958482
2024-06-29	2.94873308	2.89097688	2.86700301	2.84070704	2.875982	2.90772946	2.91979854	2.91518155
2024-06-26	2.94865144	2.8909154	2.86696673	2.84070704	2.875982	2.90772946	2.91979854	2.91557663
2024-06-25	2.94865144	2.8909154	2.86696673	2.84070704	2.875982	2.90772946	2.92133552	2.9185881
2024-06-24	2.94873711	2.89098091	2.86700503	2.84070704	2.875982	2.90772946	2.92133552	2.91898419
2024-06-23	2.95452019	2.89549107	2.86972926	2.84070704	2.87220254	2.9060917	2.92133552	2.91479453
2024-06-22	2.97191276	2.90905479	2.87792212	2.84070704	2.86086416	2.9011784	2.91982374	2.90061904
2024-06-19	2.96941227	2.90618744	2.87833131	2.84675418	2.87900557	2.91428053	2.92687873	2.91602513
2024-06-18	2.96574468	2.90346825	2.87631963	2.84574632	2.87900557	2.91428053	2.92687873	2.9167911
2024-06-17	2.95828654	2.89761563	2.87300379	2.84625025	2.88404485	2.9137766	2.93242194	2.94065814
2024-06-16	2.99934156	2.92727885	2.89698169	2.86287987	2.8976509	2.92133552	2.93242194	2.93770008
2024-06-15	3.0012202	2.92867271	2.89800769	2.8633838	2.8976509	2.92133552	2.93242194	2.93730198
2024-06-12	3.00117283	2.92863744	2.89798753	2.8633838	2.8976509	2.92133552	2.93700768	2.94749543
2024-06-11	3.01706874	2.94099073	2.90540535	2.8633838	2.8885802	2.92133552	2.93846907	2.93148463
2024-06-10	3.01706874	2.94099073	2.90540434	2.8633838	2.8885802	2.92133552	2.93846907	2.93148765
2024-06-09	3.01719573	2.9410895	2.9054628	2.8633838	2.88852981	2.92133552	2.93841868	2.93131934
2024-06-08	2.98986267	2.9197935	2.8926217	2.8633838	2.90571375	2.9263748	2.9354455	2.94700763
2024-06-05	2.98981732	2.91975822	2.89260154	2.8633838	2.90571375	2.9263748	2.9354455	2.947184
2024-06-04	2.98968227	2.91965643	2.89254309	2.8633838	2.90571375	2.92612284	2.93393372	2.94433076
2024-06-03	2.98981631	2.91975822	2.89260154	2.8633838	2.90571375	2.9263748	2.94098871	2.95957055
2024-06-02	3.00375496	2.93064509	2.89919393	2.8633838	2.89613912	2.92133552	2.94653192	2.9647469
2024-06-01	3.00213231	2.92906074	2.89919393	2.86590344	2.90218626	2.92133552	2.95661048	2.99696604
2024-05-29	3.05203429	2.96595331	2.92659351	2.88001342	2.9047059	2.9263748	2.95812226	2.98295684
2024-05-28	3.04298475	2.95887412	2.922295	2.88001342	2.91125696	2.93088496	2.96920868	3.00945136
2024-05-27	3.04348565	2.95934681	2.92189186	2.87850164	2.91125696	2.94149264	2.96920868	2.98325114
2024-05-26	3.03870136	2.95595739	2.91891062	2.875982	2.90873732	2.94149264	2.97424796	2.9904049
2024-05-25	3.04122402	2.95791968	2.92009082	2.875982	2.90722554	2.94149264	2.97424796	2.98708905
2024-05-22	3.06872741	2.97903628	2.93353058	2.87799771	2.89563519	2.94149264	2.97575974	2.96570537
2024-05-21	3.07980576	2.98622331	2.94151884	2.88807627	2.91365062	2.95207513	2.98432652	2.98716464
2024-05-20	3.07547097	2.98296894	2.93922093	2.8871692	2.91433092	2.95245307	2.97918645	2.97718284
2024-05-19	3.07764492	2.98449685	2.94043439	2.88807627	2.91629624	2.95661048	2.98432652	2.98095927
2024-05-18	3.07802488	2.98443134	2.94130619	2.89059591	2.92234338	2.95963405	2.98435172	2.98389919
2024-05-15	3.07063427	2.97811208	2.93897602	2.89462734	2.93645336	2.9641694	2.98382259	2.99702147
2024-05-14	3.08193334	2.98630293	2.94559764	2.89916269	2.93947693	2.9641694	2.9858383	3.00470235
2024-05-13	3.07843104	2.98358071	2.94396189	2.89916269	2.94149264	2.9641694	2.9858383	3.00852917
2024-05-12	3.07840383	2.98355954	2.94394979	2.89916269	2.94149264	2.9641694	2.98578791	3.00859771
2024-05-11	3.08988734	2.99235913	2.94960487	2.90014535	2.93693209	2.9641694	2.98785402	3.00263523
2024-05-08	3.09087	2.99310394	2.95003321	2.90014535	2.93693209	2.96568118	2.98382259	2.98959458
2024-05-07	3.08269427	2.98655892	2.94669015	2.90168233	2.94451621	2.96462293	2.97777546	2.99388704
2024-05-06	3.22385559	3.08808429	3.02850589	2.95913012	3.00496237	3.0327288	3.0341902	3.02675423
2024-05-05	3.24824168	3.10538615	3.04361667	2.97172832	3.01761096	3.03371146	3.05134894	3.07748467
2024-05-04	3.24820741	3.10535995	3.04360256	2.97172832	3.01761096	3.03371146	3.05134894	3.07747862
2024-05-01	3.24808647	3.10526823	3.04354915	2.97172832	3.01761096	3.03371146	3.05134894	3.07759251
2024-04-30	3.26677313	3.11774952	3.05644366	2.98644302	3.04139637	3.04479788	3.05134894	3.08748159
2024-04-29	3.26608476	3.11721536	3.05612316	2.98644302	3.04177431	3.04479788	3.05134894	3.08823446
2024-04-28	3.36143096	3.18798297	3.10823133	3.01204256	3.04076646	3.04479788	3.05134894	3.07098097
2024-04-24	3.36516204	3.19075055	3.11027123	3.01305042	3.04076646	3.04479788	3.05134894	3.07036416
2024-04-23	3.36520941	3.19078683	3.11029139	3.01305042	3.04076646	3.04479788	3.05134894	3.07029563
2024-04-22	3.37045026	3.19486058	3.11273846	3.01305042	3.03774289	3.04479788	3.05134894	3.06450348
2024-04-21	3.37052384	3.19491702	3.11277071	3.01305042	3.03774289	3.04479788	3.05134894	3.06442688
2024-04-20	3.36692176	3.19224621	3.11078725	3.01204256	3.03774289	3.04479788	3.05134894	3.06513541
2024-04-17	3.31479645	3.1546048	3.08055762	2.99128073	3.01919834	3.02917611	3.0411696	3.05838579
2024-04-16	3.31204602	3.15251955	3.07935928	2.99128073	3.01919834	3.02443919	3.0411696	3.06996908
2024-04-15	3.30386727	3.14624564	3.07547097	2.99087758	3.02212112	3.02212112	3.05895826	3.11844897
2024-04-14	3.24016673	3.10127813	3.0361918	2.95761834	2.98281474	3.001964	3.01607398	3.02154059
2024-04-13	3.24017177	3.10128216	3.03619381	2.95761834	2.98281474	3.001964	3.01607398	3.02171193
2024-04-10	3.23075336	3.09414049	3.03209083	2.95761834	2.98281474	2.98483045	3.01607398	3.06293929
2024-04-09	3.22890898	3.09277183	3.03107995	2.95711441	2.98281474	2.98483045	3.01607398	3.06321544
2024-04-08	3.22687715	3.09126206	3.02998744	2.95661048	2.98281474	2.98483045	3.01607398	3.06322754
2024-04-07	3.22780135	3.09197965	3.03041779	2.95661048	2.98231081	2.98483045	3.01607398	3.0615807
2024-04-06	3.22411159	3.08924332	3.02839603	2.95560262	2.98231081	2.98483045	3.01607398	3.06274578
2024-04-01	3.22501362	3.08994378	3.02881631	2.95560262	2.98180688	2.98483045	3.01607398	3.06226705
2024-03-31	3.21394333	3.0817348	3.02275204	2.95257906	2.98180688	2.98483045	3.01557006	3.06281028
2024-03-30	3.21405923	3.08182248	3.02280243	2.95257906	2.98180688	2.98483045	3.01557006	3.06234969
2024-03-27	3.21403303	3.08180434	3.02278026	2.95255386	2.98180688	2.98483045	3.01204256	3.05550433
2024-03-26	3.18246396	3.0587073	3.00476785	2.94151784	2.9767676	2.98483045	3.01305042	3.05501653
2024-03-25	3.18229766	3.05858132	3.00469529	2.94151784	2.9767676	2.98483045	3.01305042	3.05440073
2024-03-24	3.18201848	3.05836967	3.00457334	2.94151784	2.9767676	2.98432652	3.01297483	3.05596896
2024-03-23	3.17953815	3.05648901	3.00349292	2.94151784	2.9767676	2.97979117	3.01297483	3.06722671
2024-03-20	3.1797246	3.05663112	3.00357455	2.94151784	2.9767676	2.97979117	2.9893658	3.01785688
2024-03-19	3.17969134	3.05660491	3.00355944	2.94151784	2.9767676	2.97979117	2.9893658	3.01768857
2024-03-18	3.17969034	3.05660491	3.00355944	2.94151784	2.9767676	2.97979117	2.9893658	3.01781153
2024-03-17	3.18150145	3.05801188	3.00440402	2.94151784	2.97573455	2.97974077	2.9893658	3.01579884
2024-03-13	3.15391543	3.03795555	2.98879031	2.93171644	2.96779768	2.96951104	2.98956737	3.03208982
2024-03-12	3.11813553	3.01167268	2.96851528	2.91982374	2.9641694	2.97172832	2.99490901	3.03731153
2024-03-11	3.11798838	3.01156181	2.96845077	2.91982374	2.9641694	2.97172832	2.99490901	3.03819542
2024-03-10	3.11792287	3.01151142	2.96842255	2.91982374	2.9641694	2.97172832	2.99490901	3.03865701
2024-03-09	3.12821107	3.0197063	2.97277649	2.91831195	2.9550987	2.97172832	2.99490901	3.0218752
2024-03-06	3.08618246	2.98851315	2.94993545	2.90727593	2.9550483	2.96870475	2.99490901	3.03601845
2024-03-05	3.08602725	2.98839524	2.94986792	2.90727593	2.9550483	2.96870475	2.99490901	3.03506401
2024-03-04	3.08226997	2.98554603	2.94823117	2.90727593	2.9550483	2.96220408	2.99516097	3.05184078
2024-03-03	3.08230826	2.98557525	2.94824729	2.90727593	2.9550483	2.96220408	2.99516097	3.05244751
2024-03-02	3.1135518	3.00874183	2.96537782	2.91584271	2.9550483	2.96220408	2.99490901	3.04687205
2024-02-28	3.09043461	2.99269273	2.95023781	2.9011784	2.93746122	2.96215369	2.99490901	3.02162526
2024-02-27	3.10479051	3.00342338	2.95752561	2.90369804	2.93751161	2.97172832	3.00350098	3.01446847
2024-02-26	3.14348916	3.03093583	2.98139971	2.92330084	2.95661048	2.97172832	3.00448364	3.04161205
2024-02-25	3.19022445	3.06534504	3.00756566	2.93796514	2.96061671	2.97172832	3.00448364	3.04067776
2024-02-24	3.19539172	3.06936235	3.00997948	2.93796514	2.95761834	2.97172832	3.00448364	3.03476266
2024-02-21	3.17162648	3.05174302	2.99693681	2.93141408	2.95759314	2.97172832	2.99591686	3.02096712
2024-02-20	2.93961904	2.88153932	2.86661599	2.85582488	2.92435909	2.9445414	2.9767676	3.03781041
2024-02-19	2.93943359	2.88139923	2.86653537	2.85582488	2.92435909	2.9445414	2.9732401	3.02620697
2024-02-18	2.93244713	2.87669052	2.86162509	2.85028167	2.91680017	2.94451621	2.9732401	3.01299902
2024-02-17	2.92512103	2.8724031	2.85536026	2.84020311	2.89714698	2.93645336	2.97273618	3.0002325
2024-02-14	2.93612883	2.88021298	2.86236687	2.84625025	2.90218626	2.93242194	2.9641694	2.99746493
2024-02-13	2.9292865	2.87489452	2.85914577	2.84619986	2.90621768	2.93247233	2.9641694	3.0046328
2024-02-12	2.9296715	2.87518277	2.85933423	2.84625025	2.90621768	2.93242194	2.95711441	2.99020534
2024-02-11	2.91729099	2.8655648	2.85353806	2.84619986	2.91324748	2.93247233	2.9459776	2.98326726
2024-02-10	2.92989726	2.87556777	2.85952472	2.84574632	2.90069967	2.91881588	2.94098871	2.98145111
2024-02-07	2.92673057	2.87347143	2.85735783	2.84322668	2.89613912	2.91528838	2.93796514	2.97654285
2024-02-06	2.94460591	2.88735969	2.8656928	2.84322668	2.88606056	2.91528838	2.92234338	2.9212428
2024-02-05	2.94631019	2.88868502	2.86649001	2.84322668	2.8850527	2.91528838	2.92738266	2.92998796
2024-02-04	2.94623158	2.88862555	2.86645575	2.84322668	2.8850527	2.91528838	2.92738266	2.92951528
2024-01-31	2.94621948	2.88861648	2.86645071	2.84322668	2.8850527	2.91528838	2.92738266	2.92958482
2024-01-30	2.94873308	2.89097688	2.86700301	2.84070704	2.875982	2.90772946	2.91979854	2.91518155
2024-01-29	2.94865144	2.8909154	2.86696673	2.84070704	2.875982	2.90772946	2.91979854	2.91557663
2024-01-28	2.94865144	2.8909154	2.86696673	2.84070704	2.875982	2.90772946	2.92133552	2.9185881
2024-01-27	2.94873711	2.89098091	2.86700503	2.84070704	2.875982	2.90772946	2.92133552	2.91898419
2024-01-24	2.95452019	2.89549107	2.86972926	2.84070704	2.87220254	2.9060917	2.92133552	2.91479453
2024-01-23	2.97191276	2.90905479	2.87792212	2.84070704	2.86086416	2.9011784	2.91982374	2.90061904
2024-01-22	2.96941227	2.90618744	2.87833131	2.84675418	2.87900557	2.91428053	2.92687873	2.91602513
2024-01-21	2.96574468	2.90346825	2.87631963	2.84574632	2.87900557	2.91428053	2.92687873	2.9167911
2024-01-20	2.95828654	2.89761563	2.87300379	2.84625025	2.88404485	2.9137766	2.93242194	2.94065814
2024-01-17	2.99934156	2.92727885	2.89698169	2.86287987	2.8976509	2.92133552	2.93242194	2.93770008
2024-01-16	3.0012202	2.92867271	2.89800769	2.8633838	2.8976509	2.92133552	2.93242194	2.93730198
2024-01-15	3.00117283	2.92863744	2.89798753	2.8633838	2.8976509	2.92133552	2.93700768	2.94749543
2024-01-14	3.01706874	2.94099073	2.90540535	2.8633838	2.8885802	2.92133552	2.93846907	2.93148463
2024-01-13	3.01706874	2.94099073	2.90540434	2.8633838	2.8885802	2.92133552	2.93846907	2.93148765
2024-01-10	3.01719573	2.9410895	2.9054628	2.8633838	2.88852981	2.92133552	2.93841868	2.93131934
2024-01-09	2.98986267	2.9197935	2.8926217	2.8633838	2.90571375	2.9263748	2.9354455	2.94700763
2024-01-08	2.98981732	2.91975822	2.89260154	2.8633838	2.90571375	2.9263748	2.9354455	2.947184
2024-01-07	2.98968227	2.91965643	2.89254309	2.8633838	2.90571375	2.92612284	2.93393372	2.94433076
2024-01-06	2.98981631	2.91975822	2.89260154	2.8633838	2.90571375	2.9263748	2.94098871	2.95957055
2024-01-03	3.00375496	2.93064509	2.89919393	2.8633838	2.89613912	2.92133552	2.94653192	2.9647469
2024-01-02	3.00213231	2.92906074	2.89919393	2.86590344	2.90218626	2.92133552	2.95661048	2.99696604
2024-01-01	3.05203429	2.96595331	2.92659351	2.88001342	2.9047059	2.9263748	2.95812226	2.98295684
2023-12-31	3.04298475	2.95887412	2.922295	2.88001342	2.91125696	2.93088496	2.96920868	3.00945136
2023-12-30	3.04348565	2.95934681	2.92189186	2.87850164	2.91125696	2.94149264	2.96920868	2.98325114
2023-12-27	3.03870136	2.95595739	2.91891062	2.875982	2.90873732	2.94149264	2.97424796	2.9904049
2023-12-26	3.04122402	2.95791968	2.92009082	2.875982	2.90722554	2.94149264	2.97424796	2.98708905
2023-12-25	3.06872741	2.97903628	2.93353058	2.87799771	2.89563519	2.94149264	2.97575974	2.96570537
2023-12-24	3.07980576	2.98622331	2.94151884	2.88807627	2.91365062	2.95207513	2.98432652	2.98716464
2023-12-23	3.07547097	2.98296894	2.93922093	2.8871692	2.91433092	2.95245307	2.97918645	2.97718284
2023-12-20	3.07764492	2.98449685	2.94043439	2.88807627	2.91629624	2.95661048	2.98432652	2.98095927
2023-12-19	3.07802488	2.98443134	2.94130619	2.89059591	2.92234338	2.95963405	2.98435172	2.98389919
2023-12-18	3.07063427	2.97811208	2.93897602	2.89462734	2.93645336	2.9641694	2.98382259	2.99702147
2023-12-17	3.08193334	2.98630293	2.94559764	2.89916269	2.93947693	2.9641694	2.9858383	3.00470235
2023-12-16	3.07843104	2.98358071	2.94396189	2.89916269	2.94149264	2.9641694	2.9858383	3.00852917
2023-12-13	3.07840383	2.98355954	2.94394979	2.89916269	2.94149264	2.9641694	2.98578791	3.00859771
2023-12-12	3.08988734	2.99235913	2.94960487	2.90014535	2.93693209	2.9641694	2.98785402	3.00263523
2023-12-11	3.09087	2.99310394	2.95003321	2.90014535	2.93693209	2.96568118	2.98382259	2.98959458
2023-12-10	3.08269427	2.98655892	2.94669015	2.90168233	2.94451621	2.96462293	2.97777546	2.99388704
2023-12-06	3.36692176	3.19224621	3.11078725	3.01204256	3.03774289	3.04479788	3.05134894	3.06513541
2023-12-05	3.31479645	3.1546048	3.08055762	2.99128073	3.01919834	3.02917611	3.0411696	3.05838579
2023-12-04	3.31204602	3.15251955	3.07935928	2.99128073	3.01919834	3.02443919	3.0411696	3.06996908
2023-12-03	3.30386727	3.14624564	3.07547097	2.99087758	3.02212112	3.02212112	3.05895826	3.11844897
2023-12-02	3.24016673	3.10127813	3.0361918	2.95761834	2.98281474	3.001964	3.01607398	3.02154059
2023-11-29	3.24017177	3.10128216	3.03619381	2.95761834	2.98281474	3.001964	3.01607398	3.02171193
2023-11-28	3.23075336	3.09414049	3.03209083	2.95761834	2.98281474	2.98483045	3.01607398	3.06293929
2023-11-27	3.22890898	3.09277183	3.03107995	2.95711441	2.98281474	2.98483045	3.01607398	3.06321544
2023-11-26	3.22687715	3.09126206	3.02998744	2.95661048	2.98281474	2.98483045	3.01607398	3.06322754
2023-11-25	3.22780135	3.09197965	3.03041779	2.95661048	2.98231081	2.98483045	3.01607398	3.0615807
2023-11-22	3.22411159	3.08924332	3.02839603	2.95560262	2.98231081	2.98483045	3.01607398	3.06274578
2023-11-21	3.22501362	3.08994378	3.02881631	2.95560262	2.98180688	2.98483045	3.01607398	3.06226705
2023-11-20	3.21394333	3.0817348	3.02275204	2.95257906	2.98180688	2.98483045	3.01557006	3.06281028
2023-11-19	3.21405923	3.08182248	3.02280243	2.95257906	2.98180688	2.98483045	3.01557006	3.06234969
2023-11-15	3.21403303	3.08180434	3.02278026	2.95255386	2.98180688	2.98483045	3.01204256	3.05550433
2023-11-14	3.18246396	3.0587073	3.00476785	2.94151784	2.9767676	2.98483045	3.01305042	3.05501653
2023-11-13	3.18229766	3.05858132	3.00469529	2.94151784	2.9767676	2.98483045	3.01305042	3.05440073
2023-11-12	3.18201848	3.05836967	3.00457334	2.94151784	2.9767676	2.98432652	3.01297483	3.05596896
2023-11-11	3.17953815	3.05648901	3.00349292	2.94151784	2.9767676	2.97979117	3.01297483	3.06722671
2023-11-08	3.1797246	3.05663112	3.00357455	2.94151784	2.9767676	2.97979117	2.9893658	3.01785688
2023-11-07	3.17969134	3.05660491	3.00355944	2.94151784	2.9767676	2.97979117	2.9893658	3.01768857
2023-11-06	3.17969034	3.05660491	3.00355944	2.94151784	2.9767676	2.97979117	2.9893658	3.01781153
2023-11-05	3.18150145	3.05801188	3.00440402	2.94151784	2.97573455	2.97974077	2.9893658	3.01579884
2023-11-04	3.15391543	3.03795555	2.98879031	2.93171644	2.96779768	2.96951104	2.98956737	3.03208982
2023-11-01	3.11813553	3.01167268	2.96851528	2.91982374	2.9641694	2.97172832	2.99490901	3.03731153
2023-10-31	3.11798838	3.01156181	2.96845077	2.91982374	2.9641694	2.97172832	2.99490901	3.03819542
2023-10-29	3.11792287	3.01151142	2.96842255	2.91982374	2.9641694	2.97172832	2.99490901	3.03865701
2023-10-28	3.12821107	3.0197063	2.97277649	2.91831195	2.9550987	2.97172832	2.99490901	3.0218752
2023-10-25	3.08618246	2.98851315	2.94993545	2.90727593	2.9550483	2.96870475	2.99490901	3.03601845
2023-10-24	3.08602725	2.98839524	2.94986792	2.90727593	2.9550483	2.96870475	2.99490901	3.03506401
2023-10-23	3.08226997	2.98554603	2.94823117	2.90727593	2.9550483	2.96220408	2.99516097	3.05184078
2023-10-22	3.08230826	2.98557525	2.94824729	2.90727593	2.9550483	2.96220408	2.99516097	3.05244751
2023-10-21	3.1135518	3.00874183	2.96537782	2.91584271	2.9550483	2.96220408	2.99490901	3.04687205
2023-10-18	3.09043461	2.99269273	2.95023781	2.9011784	2.93746122	2.96215369	2.99490901	3.02162526
2023-10-17	3.10479051	3.00342338	2.95752561	2.90369804	2.93751161	2.97172832	3.00350098	3.01446847
2023-10-16	3.14348916	3.03093583	2.98139971	2.92330084	2.95661048	2.97172832	3.00448364	3.04161205
2023-10-15	3.19022445	3.06534504	3.00756566	2.93796514	2.96061671	2.97172832	3.00448364	3.04067776
2023-10-14	3.19539172	3.06936235	3.00997948	2.93796514	2.95761834	2.97172832	3.00448364	3.03476266
2023-10-11	3.17162648	3.05174302	2.99693681	2.93141408	2.95759314	2.97172832	2.99591686	3.02096712
2023-10-10	2.93961904	2.88153932	2.86661599	2.85582488	2.92435909	2.9445414	2.9767676	3.03781041
2023-10-09	2.93943359	2.88139923	2.86653537	2.85582488	2.92435909	2.9445414	2.9732401	3.02620697
2023-10-08	2.93244713	2.87669052	2.86162509	2.85028167	2.91680017	2.94451621	2.9732401	3.01299902
2023-10-07	2.92512103	2.8724031	2.85536026	2.84020311	2.89714698	2.93645336	2.97273618	3.0002325
2023-10-04	2.93612883	2.88021298	2.86236687	2.84625025	2.90218626	2.93242194	2.9641694	2.99746493
2023-10-03	2.9292865	2.87489452	2.85914577	2.84619986	2.90621768	2.93247233	2.9641694	3.0046328
2023-10-02	2.9296715	2.87518277	2.85933423	2.84625025	2.90621768	2.93242194	2.95711441	2.99020534
2023-10-01	2.91729099	2.8655648	2.85353806	2.84619986	2.91324748	2.93247233	2.9459776	2.98326726
2023-09-30	2.92989726	2.87556777	2.85952472	2.84574632	2.90069967	2.91881588	2.94098871	2.98145111
2023-09-27	2.92673057	2.87347143	2.85735783	2.84322668	2.89613912	2.91528838	2.93796514	2.97654285
2023-09-26	2.94460591	2.88735969	2.8656928	2.84322668	2.88606056	2.91528838	2.92234338	2.9212428
2023-09-25	2.94631019	2.88868502	2.86649001	2.84322668	2.8850527	2.91528838	2.92738266	2.92998796
