fecha	tfondeo
19981103	30.5
19981104	29.25
19981105	29.5
19981106	32.75
19981109	34.5
19981110	33.6
19981111	34.1
19981112	33.5
19981113	32
19981116	32.6
19981117	32.35
19981118	32
19981119	34.1
19981123	31.7
19981124	32.5
19981125	30.4
19981126	31.25
19981127	35.5
19981130	33
19981201	35.6
19981202	35
19981203	34.5
19981204	33
19981207	34.5
19981208	34.6
19981209	34.5
19981210	34
19981211	34.35
19981214	34.1
19981215	33.5
19981216	34
19981217	33
19981218	33
19981221	33
19981222	33
19981223	34.75
19981224	32.9
19981228	33.25
19981229	34
19981230	33
19981231	35
19990104	31.65
19990105	31.5
19990106	31.1
19990107	31
19990108	31
19990111	32
19990112	33
19990113	35.75
19990114	36.25
19990115	37
19990118	35
19990119	36.3
19990120	38
19990121	34.7
19990122	37.5
19990125	34.65
19990126	34.35
19990127	34.3
19990128	32
19990129	36.25
19990201	34
19990202	33.25
19990203	34.25
19990204	34.25
19990208	32
19990209	32.9
19990210	31.25
19990211	29.05
19990212	25.75
19990215	27.5
19990216	28.5
19990217	29
19990218	28
19990219	28
19990222	28
19990223	28.25
19990224	27.75
19990225	28.7
19990226	30.25
19990301	27.65
19990302	29.75
19990303	27.7
19990304	27.85
19990305	28.7
19990308	26.9
19990309	26.6
19990310	25.2
19990311	25
19990312	24.25
19990315	25.4
19990316	26.65
19990317	25.6
19990318	25.5
19990319	26
19990322	26
19990323	24.6
19990324	26
19990325	22.8
19990326	23.5
19990329	23.7
19990330	23
19990331	23.1
19990405	22.6
19990406	21.8
19990407	21.9
19990408	21
19990409	24
19990412	21.99
19990413	23.4
19990414	21.9
19990415	21.25
19990416	21.65
19990419	20.75
19990420	20
19990421	21
19990422	20.4
19990423	21.5
19990426	19.75
19990427	22
19990428	20
19990429	20.5
19990430	20.75
19990503	20.9
19990504	19.65
19990506	23
19990507	21
19990510	24.8
19990511	22
19990512	20.75
19990513	19.9
19990514	23.15
19990517	19.75
19990518	19.5
19990519	19.9
19990520	20.1
19990521	20
19990524	21
19990525	20.5
19990526	20.5
19990527	21.2
19990528	21.3
19990531	24.25
19990601	22.5
19990602	23.5
19990603	22
19990604	23.1
19990607	25.75
19990608	22.5
19990609	21.5
19990610	23.2
19990611	22.1
19990614	24
19990615	22.75
19990616	21.75
19990617	20.8
19990618	21.3
19990621	20.6
19990622	20.6
19990623	19.9
19990624	20.5
19990625	23
19990628	20.5
19990629	20.4
19990630	21.5
19990701	19.35
19990702	23.5
19990705	21.7
19990706	21
19990707	19.75
19990708	19.75
19990709	19.5
19990712	20
19990713	20.6
19990714	19.25
19990715	19.25
19990716	19.9
19990719	19.7
19990720	20
19990721	19.45
19990722	20.25
19990723	20.6
19990726	22
19990727	20.1
19990728	20.4
19990729	21.6
19990730	21.24
19990802	22.25
19990803	23.75
19990804	20.75
19990805	21
19990806	20.5
19990809	22
19990810	20
19990811	18.9
19990812	20
19990813	20.15
19990816	20.6
19990817	19.5
19990818	20
19990819	19.1
19990820	20
19990823	20
19990824	18.5
19990825	20.5
19990826	19.7
19990827	18.6
19990830	17.25
19990831	20.25
19990902	19.75
19990903	23
19990906	20.1
19990907	19.4
19990908	22
19990909	20.5
19990910	20.5
19990913	20.7
19990914	20
19990915	23
19990917	21.05
19990920	19.55
19990921	20.2
19990922	18.9
19990923	18.5
19990924	21.5
19990927	19.55
19990928	21.35
19990929	17
19990930	18.65
19991001	18.75
19991004	18.7
19991005	18.5
19991006	18.75
19991007	17.75
19991008	17.75
19991011	16.9
19991012	17
19991013	17.3
19991014	17.75
19991015	19
19991018	19.25
19991019	18.35
19991020	18
19991021	17.5
19991022	17.7
19991025	18.4
19991026	18
19991027	15.25
19991028	17.35
19991029	18.25
19991101	19.5
19991103	17.25
19991104	16.5
19991105	16
19991108	15.8
19991109	17
19991110	17.35
19991111	16.2
19991112	16.5
19991115	17.3
19991116	16.5
19991117	16.75
19991118	16.75
19991119	18.1
19991122	20
19991123	19.7
19991124	18.1
19991125	21.5
19991126	19.15
19991129	19.4
19991130	20.1
19991201	17.6
19991202	17.5
19991203	17.5
19991206	17.25
19991207	17.25
19991208	17.25
19991209	16.5
19991210	17.25
19991213	17.5
19991214	16.7
19991215	16.75
19991216	16.65
19991217	18.25
19991220	17
19991221	16.75
19991222	15.5
19991223	16.75
19991224	17.25
19991227	17.25
19991228	16.6
19991229	17.25
19991230	17.75
20000103	16.8
20000104	16.7
20000105	16.95
20000106	17.1
20000107	18
20000110	16.5
20000111	16.5
20000112	16.21
20000113	16.7
20000114	17.7
20000117	17.3
20000118	16.5
20000119	18.5
20000120	18.75
20000121	18.7
20000124	18.4
20000125	18.4
20000126	18.7
20000127	18.1
20000128	19.25
20000131	19.15
20000201	19.4
20000202	19.1
20000203	17.95
20000204	17.7
20000207	17.25
20000208	17.5
20000209	17.25
20000210	16.75
20000211	16.75
20000214	17.4
20000215	17
20000216	18
20000217	16.65
20000218	16.55
20000221	16.8
20000222	16.85
20000223	17.2
20000224	16.5
20000225	17.2
20000228	17.95
20000229	16.9
20000301	16
20000302	16.2
20000303	16.1
20000306	15.3
20000307	15.5
20000308	15.35
20000309	14.7
20000310	15.75
20000313	15.15
20000314	15.25
20000315	13
20000316	14.55
20000317	15.9
20000320	14.5
20000322	14.25
20000323	14.1
20000324	13.7
20000327	14.75
20000328	14.5
20000329	14.3
20000330	13.6
20000331	14
20000403	14
20000404	14
20000405	14.25
20000406	13.5
20000407	13.3
20000410	13.1
20000411	14.5
20000412	14
20000413	13.3
20000414	14.6
20000417	14.5
20000418	13.5
20000419	15.5
20000424	14
20000425	13.25
20000426	13.25
20000427	14
20000428	14.5
20000502	14.5
20000503	14
20000504	14
20000508	14.2
20000509	14.9
20000510	13.85
20000511	13.85
20000512	14.4
20000515	14
20000516	14.4
20000517	14.4
20000518	14
20000519	13.8
20000522	14.15
20000523	15.25
20000524	16
20000525	16.05
20000526	16.7
20000529	16.7
20000530	16.55
20000531	15.5
20000601	15.65
20000602	14.5
20000605	15.5
20000606	15.4
20000607	17.5
20000608	16.1
20000609	16.5
20000612	16.55
20000613	16.25
20000614	15.75
20000615	16.05
20000616	16.25
20000619	16.2
20000620	16
20000621	16.25
20000622	16.4
20000623	16.9
20000626	17.4
20000627	18.4
20000628	17.75
20000629	18.1
20000630	17.85
20000703	16.35
20000704	15.8
20000705	14.85
20000706	13.95
20000707	14
20000710	14.1
20000711	14
20000712	14
20000713	13.8
20000714	14.25
20000717	13.75
20000718	14
20000719	13.75
20000720	14
20000721	13.75
20000724	13.5
20000725	13.5
20000726	13.5
20000727	13.1
20000728	13.25
20000731	14
20000801	17.1
20000802	19.75
20000803	17.4
20000804	16.9
20000807	16.4
20000808	16.25
20000809	16.65
20000810	16.6
20000811	16.65
20000814	17
20000815	15.75
20000816	16
20000817	16.25
20000818	16.45
20000821	16
20000822	15.7
20000823	15.5
20000824	15.3
20000825	15.7
20000828	15.5
20000829	16.4
20000830	15.4
20000831	15.5
20000901	15.25
20000904	15.5
20000905	16.15
20000906	15.85
20000907	15.5
20000908	15.9
20000911	15.5
20000912	15.5
20000913	15.75
20000914	15.9
20000915	16.3
20000918	15.7
20000919	15.75
20000920	15.75
20000921	16.3
20000922	16.4
20000925	15.9
20000926	15.75
20000927	17
20000928	15.5
20000929	16
20001002	15.5
20001003	15.75
20001004	15.75
20001005	15.7
20001006	15.5
20001009	15.65
20001010	15.65
20001011	15.75
20001012	15
20001013	16
20001016	15.75
20001017	16
20001018	16.75
20001019	16.8
20001020	18
20001023	17.5
20001024	17.25
20001025	17.2
20001026	17
20001027	17.15
20001030	17.2
20001031	17
20001101	17
20001103	17
20001106	17.05
20001107	17
20001108	17.1
20001109	17.2
20001110	17.5
20001113	18.25
20001114	18.5
20001115	18.25
20001116	18.25
20001117	17
20001121	20.25
20001122	17.85
20001123	18.2
20001124	18.25
20001127	17.8
20001128	17.7
20001129	17.75
20001130	18.1
20001204	17.25
20001205	17.15
20001206	17.2
20001207	17.25
20001208	17.3
20001211	17.4
20001213	17.35
20001214	17.25
20001215	18.25
20001218	17.5
20001219	17.23
20001220	17.35
20001221	17.6
20001222	19.25
20001226	18
20001227	17.7
20001228	18.6
20001229	18.35
20010102	17.5
20010103	17.35
20010104	16.9
20010105	16.9
20010108	16.85
20010109	16.95
20010110	17.05
20010111	17.15
20010112	17.05
20010115	18
20010116	18.5
20010117	18
20010118	18.3
20010119	18
20010122	18.15
20010123	18.1
20010124	18.1
20010125	17.7
20010126	17.45
20010129	17.85
20010130	17.65
20010131	17.85
20010201	17.7
20010202	17.95
20010206	17.75
20010207	17.75
20010208	17.65
20010209	17.5
20010212	17.55
20010213	17.6
20010214	16.6
20010215	17.6
20010216	17.6
20010219	17.3
20010220	17.3
20010221	17.32
20010222	17.55
20010223	17
20010226	17.25
20010227	16.85
20010228	16.82
20010301	16.8
20010302	17.35
20010305	16.9
20010306	17.15
20010307	16.7
20010308	16.5
20010309	16.65
20010312	16.5
20010313	16.5
20010314	15.6
20010315	17.1
20010316	16.55
20010319	17.05
20010320	17.2
20010322	16.5
20010323	16.4
20010326	16.35
20010327	16.15
20010328	16.15
20010329	16.15
20010330	16.25
20010402	16.45
20010403	16.6
20010404	16.5
20010405	15.75
20010406	16.65
20010409	16.8
20010410	15.55
20010411	16.05
20010416	15.75
20010417	15.75
20010418	15.65
20010419	15.45
20010420	15.65
20010423	15.5
20010424	15.6
20010425	15.3
20010426	14.9
20010427	14.9
20010430	15.25
20010502	14.8
20010503	14.8
20010504	15
20010507	14.8
20010508	14.8
20010509	14
20010510	14.5
20010511	14.3
20010514	14
20010515	14.4
20010516	14.2
20010517	13.6
20010518	12.2
20010521	12
20010522	11.25
20010523	11.15
20010524	11.2
20010525	11.2
20010528	11.65
20010529	11.3
20010530	11.35
20010531	11.4
20010601	11.3
20010604	12.2
20010605	11
20010606	10.1
20010607	11.1
20010608	11.4
20010611	11.15
20010612	11.25
20010613	11.25
20010614	11.15
20010615	10.9
20010618	10.1
20010619	10
20010620	10.4
20010621	11.1
20010622	10.5
20010625	10.5
20010626	10.25
20010627	10.05
20010628	10.1
20010629	10.1
20010702	10
20010703	10.2
20010704	9.25
20010705	10
20010706	10.1
20010709	10.1
20010710	10.1
20010711	10.25
20010712	10.25
20010713	10.35
20010716	10.1
20010717	10
20010718	9.75
20010719	9.75
20010720	9.75
20010723	9.75
20010724	9.65
20010725	9.3
20010726	9.3
20010727	9.3
20010730	9.25
20010731	9.15
20010801	16
20010802	8.5
20010803	8.5
20010806	8.3
20010807	8.25
20010808	8.25
20010809	8.18
20010810	8.2
20010813	8.2
20010814	8.17
20010815	8.15
20010816	8.2
20010817	8.3
20010820	8.25
20010821	8.15
20010822	8.1
20010823	8.05
20010824	8.5
20010827	10.9
20010828	10
20010829	8.25
20010830	8.75
20010831	8.75
20010903	8.75
20010904	8.75
20010905	8.75
20010906	8.9
20010907	8.7
20010910	8.75
20010911	9.5
20010912	9.5
20010913	9.5
20010914	9.67
20010917	9.8
20010918	9.55
20010919	9.6
20010920	9.95
20010921	10.1
20010924	9.8
20010925	9.8
20010926	8.75
20010927	10.4
20010928	10.3
20011001	10.25
20011002	10.25
20011003	10.25
20011004	10.25
20011005	10.45
20011008	10.3
20011009	10.25
20011010	10.1
20011011	9.6
20011012	9.6
20011015	9.4
20011016	9.3
20011017	9
20011018	8.6
20011019	8.4
20011022	8.35
20011023	8
20011024	7
20011025	8
20011026	7.85
20011029	8
20011030	8.2
20011031	8
20011101	7.9
20011102	8
20011105	7.85
20011106	7.9
20011107	7.9
20011108	8.1
20011109	7.95
20011112	8.05
20011113	8.12
20011114	8
20011115	8.15
20011116	8.1
20011119	8
20011121	6.75
20011122	7.55
20011123	7.1
20011126	6.8
20011127	6.5
20011128	7
20011129	7.07
20011130	7.25
20011203	6.85
20011204	6.75
20011205	6.8
20011206	6.8
20011207	6.8
20011210	6.7
20011211	6.6
20011213	6.2
20011214	5.6
20011217	5.8
20011218	5.6
20011219	4.65
20011220	7.6
20011221	7.1
20011224	8.5
20011226	7
20011227	7.15
20011228	7.15
20011231	8.05
20020102	7.4
20020103	6.95
20020104	6.75
20020107	6.65
20020108	6.5
20020109	6.75
20020110	7
20020111	8
20020114	7.25
20020115	6.85
20020116	6
20020117	6.45
20020118	6.6
20020121	7.5
20020122	7
20020123	7.2
20020124	7.55
20020125	7.5
20020128	7.5
20020129	8.35
20020130	7.8
20020131	8.1
20020201	8
20020204	8
20020206	7.8
20020207	7.3
20020208	8.2
20020211	8.1
20020212	8.4
20020213	7.85
20020214	8.35
20020215	10.05
20020218	8.95
20020219	8.35
20020220	8.35
20020221	8.35
20020222	8.45
20020225	7.8
20020226	7.5
20020227	7.55
20020228	7.62
20020301	7.25
20020304	7.25
20020305	7.25
20020306	7
20020307	7
20020308	7
20020311	7.02
20020312	7.05
20020313	6
20020314	8.85
20020315	9
20020318	8.15
20020319	8
20020320	7.85
20020322	7.85
20020325	7.6
20020326	7.72
20020327	7
20020401	6.05
20020402	5.82
20020403	5.77
20020404	5.85
20020405	5.7
20020408	5.6
20020409	5.2
20020410	4.15
20020411	5.35
20020412	5.26
20020415	5.08
20020416	5.8
20020417	5.5
20020418	5.1
20020419	5.15
20020422	5.15
20020423	5.1
20020424	5.1
20020425	5.44
20020426	5.45
20020429	5.45
20020430	5.45
20020502	5.55
20020503	6.5
20020506	6.7
20020507	7.25
20020508	6.1
20020509	7.6
20020510	8
20020513	8.25
20020514	7.5
20020515	7.5
20020516	7
20020517	7
20020520	7
20020521	7.15
20020522	7.05
20020523	7.15
20020524	7.15
20020527	7.15
20020528	7.35
20020529	7.12
20020530	7.35
20020531	7.3
20020603	6.95
20020604	6.8
20020605	6.1
20020606	7.25
20020607	7.29
20020610	7.18
20020611	7.08
20020612	7.05
20020613	6.8
20020614	6.75
20020617	6.8
20020618	6.7
20020619	6.75
20020620	7.1
20020621	7.9
20020624	7.85
20020625	7.7
20020626	8.5
20020627	8.05
20020628	8.1
20020701	7.95
20020702	7.85
20020703	6.1
20020704	7.55
20020705	7.45
20020708	7.47
20020709	7.4
20020710	7.3
20020711	7.03
20020712	6.8
20020715	6.9
20020716	6.85
20020717	6.65
20020718	6.6
20020719	6.58
20020722	6.55
20020723	6.5
20020724	6.55
20020725	6.6
20020726	6.6
20020729	6.55
20020730	6.51
20020731	5.05
20020801	6.55
20020802	6.55
20020805	6.55
20020806	6.45
20020807	6.45
20020808	6.3
20020809	6.3
20020812	6.3
20020813	6.55
20020814	6.55
20020815	6.62
20020816	6.65
20020819	6.7
20020820	6.62
20020821	6.5
20020822	6.6
20020823	6.55
20020826	6.5
20020827	6.5
20020828	5.25
20020829	6.62
20020830	6.63
20020902	6.5
20020903	6.5
20020904	6.8
20020905	6.74
20020906	6.8
20020909	6.65
20020910	6.52
20020911	6.55
20020912	6.65
20020913	6.65
20020917	6.68
20020918	6.74
20020919	7.02
20020920	7.7
20020923	8.05
20020924	8.5
20020925	5.9
20020926	8.45
20020927	8.15
20020930	8
20021001	8.05
20021002	7.75
20021003	7.8
20021004	7.75
20021007	7.85
20021008	7.8
20021009	7.95
20021010	8
20021011	8
20021014	8
20021015	7.85
20021016	7.8
20021017	7.55
20021018	7.65
20021021	7.58
20021022	7.5
20021023	6.1
20021024	7.55
20021025	7.6
20021028	7.6
20021029	7.6
20021030	7.98
20021031	7.65
20021101	7.7
20021104	7.7
20021105	7.5
20021106	7.4
20021107	7.4
20021108	7.75
20021111	8.3
20021112	8.1
20021113	7.85
20021114	7.5
20021115	7.05
20021118	6.2
20021119	7.07
20021121	6.88
20021122	6.9
20021125	6.95
20021126	6.95
20021127	7
20021128	6.95
20021129	7
20021202	6.6
20021203	7
20021204	6.95
20021205	7.1
20021206	7.3
20021209	7.55
20021210	7.75
20021211	7.85
20021213	7.7
20021216	7.6
20021217	7.5
20021218	6
20021219	7.65
20021220	7.6
20021223	7.6
20021224	7.5
20021226	7.65
20021227	7.6
20021230	7.85
20021231	8.25
20030102	7.9
20030103	7.75
20030106	7.65
20030107	7.7
20030108	7.7
20030109	7.7
20030110	7.9
20030113	8.2
20030114	8
20030115	6
20030116	8.1
20030117	8.2
20030120	8.1
20030121	8.4
20030122	9.05
20030123	9.15
20030124	9
20030127	9.05
20030128	9.05
20030129	9.05
20030130	8.95
20030131	9
20030203	8.8
20030204	9
20030206	8.8
20030207	9
20030210	10.8
20030211	9.35
20030212	8
20030213	9.4
20030214	9.4
20030217	9.1
20030218	9.15
20030219	8.95
20030220	8.85
20030221	9
20030224	9
20030225	9.25
20030226	9.25
20030227	9.26
20030228	9.25
20030303	9.25
20030304	9.4
20030305	9.52
20030306	9.8
20030307	9.9
20030310	9.9
20030311	9.65
20030312	8
20030313	9.15
20030314	9.3
20030317	9.13
20030318	8.9
20030319	9
20030320	9.13
20030324	8.6
20030325	8.5
20030326	8.3
20030327	8.35
20030328	9
20030331	8.85
20030401	8.85
20030402	8.45
20030403	8.45
20030404	8.4
20030407	8.25
20030408	8.25
20030409	7.25
20030410	8.3
20030411	8.2
20030414	7.95
20030415	7.9
20030416	7.65
20030421	7.55
20030422	7.57
20030423	7.6
20030424	7.35
20030425	6.8
20030428	6.8
20030429	6.27
20030430	5.8
20030502	5.5
20030505	5.52
20030506	5.6
20030507	5.55
20030508	5.5
20030509	5
20030512	4.75
20030513	4.77
20030514	4.55
20030515	5.1
20030516	5.5
20030519	5.55
20030520	5.55
20030521	5
20030522	5
20030523	4.75
20030526	4.75
20030527	4.75
20030528	4.75
20030529	4.8
20030530	4.75
20030602	4.65
20030603	4.55
20030604	4.6
20030605	5.5
20030606	5.5
20030609	5.8
20030610	5.85
20030611	5.7
20030612	5.65
20030613	5.6
20030616	5.6
20030617	5.6
20030618	5.65
20030619	5.7
20030620	5.25
20030623	5.15
20030624	5.07
20030625	4.9
20030626	4.6
20030627	4.6
20030630	4.35
20030701	4.3
20030702	4.32
20030703	4.4
20030704	4.33
20030707	4.35
20030708	4.92
20030709	4.87
20030710	4.95
20030711	5.2
20030714	4.9
20030715	4.88
20030716	4.9
20030717	4.5
20030718	4.5
20030721	4.3
20030722	4.3
20030723	4.3
20030724	4.35
20030725	4.1
20030728	4.05
20030729	4.06
20030730	4.05
20030731	4.05
20030801	4.05
20030804	4.1
20030805	4.17
20030806	4.3
20030807	4.25
20030808	4.1
20030811	4.05
20030812	4.15
20030813	4.15
20030814	4.15
20030815	4.12
20030818	4.1
20030819	4.15
20030820	4.2
20030821	4.2
20030822	4.2
20030825	4.25
20030826	4.22
20030827	4.3
20030828	4.32
20030829	4.6
20030901	4.55
20030902	4.54
20030903	4.43
20030904	4.4
20030905	4.25
20030908	4.25
20030909	4.25
20030910	4.32
20030911	4.34
20030912	4.35
20030915	4.35
20030917	4.23
20030918	4.3
20030919	4.3
20030922	4.25
20030923	4.15
20030924	4.1
20030925	4.23
20030926	4.2
20030929	4.32
20030930	4.3
20031001	4.25
20031002	4.4
20031003	4.65
20031006	5.04
20031007	5.5
20031008	5.35
20031009	5.45
20031010	5.32
20031013	5.25
20031014	5.4
20031015	5.43
20031016	5.45
20031017	5.45
20031020	5.47
20031021	5.3
20031022	5.32
20031023	5.33
20031024	5.1
20031027	5
20031028	5.02
20031029	4.7
20031030	4.8
20031031	4.72
20031103	4.6
20031104	4.52
20031105	4.45
20031106	4.45
20031107	4.45
20031110	4.43
20031111	4.4
20031112	4.43
20031113	4.8
20031114	4.9
20031117	5.13
20031118	5.05
20031119	5.15
20031121	5.22
20031124	5.25
20031125	5.5
20031126	5.75
20031127	5.9
20031128	6.1
20031201	6.35
20031202	6.35
20031203	6.3
20031204	6.15
20031205	6.1
20031208	6
20031209	5.85
20031210	5.8
20031211	5.65
20031215	6
20031216	6.05
20031217	6
20031218	6
20031219	6
20031222	6.1
20031223	5.95
20031224	6.12
20031226	6.1
20031229	6.1
20031230	6.1
20031231	6.1
20040102	6.1
20040105	5.8
20040106	5.6
20040107	5.3
20040108	5
20040109	5.05
20040112	5
20040113	4.85
20040114	4.8
20040115	4.8
20040116	4.72
20040119	4.67
20040120	4.68
20040121	4.78
20040122	4.85
20040123	5.15
20040126	4.9
20040127	4.83
20040128	4.8
20040129	4.98
20040130	5.2
20040202	4.88
20040203	5.1
20040204	5.2
20040206	5.35
20040209	5.15
20040210	5.5
20040211	5.53
20040212	5.5
20040213	5.4
20040216	5.4
20040217	5.45
20040218	5.45
20040219	5.5
20040220	6
20040223	6
20040224	6.25
20040225	6.75
20040226	6.75
20040227	6.7
20040301	6.65
20040302	6.6
20040303	6.4
20040304	6.6
20040305	6.35
20040308	6.15
20040309	6.2
20040310	6.23
20040311	6.35
20040312	6.6
20040315	6.6
20040316	6.65
20040317	6.7
20040318	6.6
20040319	6.4
20040322	6.55
20040323	6.4
20040324	6.35
20040325	6.25
20040326	6.05
20040329	6.1
20040330	6.25
20040331	6.12
20040401	6.05
20040402	6.1
20040405	6.12
20040406	6.05
20040407	5.88
20040412	5.85
20040413	5.9
20040414	6
20040415	5.95
20040416	6
20040419	6
20040420	6
20040421	6
20040422	6
20040423	5.65
20040426	5.5
20040427	5.5
20040428	6
20040429	6.12
20040430	6.25
20040503	6.2
20040504	6.25
20040505	6.17
20040506	6.1
20040507	6.3
20040510	6.5
20040511	6.5
20040512	6.5
20040513	6.5
20040514	6.5
20040517	6.5
20040518	6.5
20040519	6.5
20040520	6.5
20040521	6.5
20040524	6.5
20040525	6.35
20040526	6.35
20040527	6.35
20040528	6.35
20040531	6.35
20040601	6.35
20040602	6.35
20040603	6.35
20040604	6.35
20040607	6.35
20040608	6.35
20040609	6.35
20040610	6.35
20040611	6.35
20040614	6.35
20040615	6.35
20040616	6.35
20040617	6.35
20040618	6.34
20040621	6.35
20040622	6.35
20040623	6.35
20040624	6.35
20040625	6.35
20040628	6.35
20040629	6.35
20040630	6.5
20040701	6.6
20040702	6.6
20040705	6.6
20040706	6.6
20040707	6.6
20040708	6.6
20040709	6.6
20040712	6.6
20040713	6.6
20040714	6.6
20040715	6.62
20040716	6.6
20040719	6.6
20040720	6.62
20040721	6.6
20040722	6.6
20040723	6.75
20040726	6.75
20040727	6.75
20040728	6.77
20040729	6.8
20040730	6.75
20040802	6.75
20040803	6.78
20040804	6.75
20040805	6.75
20040806	6.85
20040809	6.85
20040810	6.8
20040811	7
20040812	7
20040813	7
20040816	7
20040817	7
20040818	7
20040819	7
20040820	7
20040823	7
20040824	7
20040825	7.1
20040826	7.1
20040827	7.15
20040830	7.15
20040831	7.17
20040901	7.15
20040902	7.16
20040903	7.15
20040906	7.15
20040907	7.15
20040908	7.15
20040909	7.15
20040910	7.15
20040913	7.15
20040914	7.18
20040915	7.18
20040917	7.15
20040920	7.15
20040921	7.15
20040922	7.4
20040923	7.4
20040924	7.6
20040927	7.6
20040928	7.6
20040929	7.6
20040930	7.63
20041001	7.6
20041004	7.6
20041005	7.6
20041006	7.63
20041007	7.6
20041008	7.6
20041011	7.6
20041012	7.6
20041013	7.6
20041014	7.6
20041015	7.6
20041018	7.62
20041019	7.6
20041020	7.6
20041021	7.6
20041022	7.75
20041025	7.8
20041026	7.85
20041027	7.8
20041028	7.8
20041029	7.81
20041101	7.8
20041102	7.8
20041103	7.8
20041104	7.8
20041105	7.85
20041108	7.8
20041109	7.8
20041110	7.8
20041111	8.05
20041112	8.05
20041115	8.06
20041116	8.05
20041117	8.05
20041118	8.05
20041119	8.06
20041122	8.07
20041123	8.05
20041124	8.06
20041125	8.05
20041126	8.3
20041129	8.25
20041130	8.25
20041201	8.25
20041202	8.25
20041203	8.25
20041206	8.28
20041207	8.25
20041208	8.25
20041209	8.25
20041210	8.37
20041213	8.45
20041214	8.46
20041215	8.75
20041216	8.7
20041217	8.7
20041220	8.7
20041221	8.75
20041222	8.7
20041223	8.7
20041224	9
20041227	8.72
20041228	8.78
20041229	8.75
20041230	8.7
20041231	8.75
20050103	8.75
20050104	8.73
20050105	8.75
20050106	8.73
20050107	8.73
20050110	8.7
20050111	8.72
20050112	8.73
20050113	8.73
20050114	8.85
20050117	8.73
20050118	8.73
20050119	8.7
20050120	8.73
20050121	8.65
20050124	8.73
20050125	8.72
20050126	8.72
20050127	8.71
20050128	8.75
20050131	8.95
20050201	8.88
20050202	8.9
20050203	9.05
20050204	9.05
20050207	9.09
20050208	9.18
20050209	9.15
20050210	9.15
20050211	9.15
20050214	9.14
20050215	9.15
20050216	9.15
20050217	9.15
20050218	9.15
20050221	9.15
20050222	9.15
20050223	9.16
20050224	9.25
20050225	9.3
20050228	9.2
20050301	9.2
20050302	9.2
20050303	9.21
20050304	9.2
20050307	9.2
20050308	9.2
20050309	9.2
20050310	9.2
20050311	9.22
20050314	9.2
20050315	9.2
20050316	9.2
20050317	9.2
20050318	9.2
20050322	9.18
20050323	9.5
20050328	9.5
20050329	9.5
20050330	9.5
20050331	9.5
20050401	9.45
20050404	9.5
20050405	9.5
20050406	9.5
20050407	9.49
20050408	9.5
20050411	9.5
20050412	9.5
20050413	9.51
20050414	9.5
20050415	9.53
20050418	9.58
20050419	9.53
20050420	9.53
20050421	9.5
20050422	9.5
20050425	9.5
20050426	9.53
20050427	9.5
20050428	9.54
20050429	9.65
20050502	9.53
20050503	9.5
20050504	9.77
20050505	9.75
20050506	9.75
20050509	9.76
20050510	9.86
20050511	9.8
20050512	9.6
20050513	9.75
20050516	9.75
20050517	9.75
20050518	9.75
20050519	9.75
20050520	9.75
20050523	9.75
20050524	9.75
20050525	9.8
20050526	9.75
20050527	9.75
20050530	9.75
20050531	9.75
20050601	9.75
20050602	9.75
20050603	9.75
20050606	9.75
20050607	9.75
20050608	9.75
20050609	9.68
20050610	9.75
20050613	9.75
20050614	9.75
20050615	9.75
20050616	9.75
20050617	9.75
20050620	9.75
20050621	9.75
20050622	9.75
20050623	9.75
20050624	9.75
20050627	9.75
20050628	9.75
20050629	9.75
20050630	9.75
20050701	9.75
20050704	9.75
20050705	9.75
20050706	9.75
20050707	9.75
20050708	9.75
20050711	9.75
20050712	9.7
20050713	9.75
20050714	9.75
20050715	9.75
20050718	9.75
20050719	9.75
20050720	9.72
20050721	9.72
20050722	9.72
20050725	9.6
20050726	9.72
20050727	9.75
20050728	9.72
20050729	9.75
20050801	9.75
20050802	9.75
20050803	9.75
20050804	9.7
20050805	9.75
20050808	9.7
20050809	9.75
20050810	9.6
20050811	9.75
20050812	9.75
20050815	9.75
20050816	9.75
20050817	9.75
20050818	9.75
20050819	9.75
20050822	9.75
20050823	9.75
20050824	9.73
20050825	9.75
20050826	9.5
20050829	9.5
20050830	9.47
20050831	9.5
20050901	9.5
20050902	9.5
20050905	9.5
20050906	9.5
20050907	9.5
20050908	9.47
20050909	9.5
20050912	9.5
20050913	9.45
20050914	9.5
20050915	9.5
20050919	9.6
20050920	9.5
20050921	9.5
20050922	9.5
20050923	9.25
20050926	9.25
20050927	9.25
20050928	9.25
20050929	9.25
20050930	9.25
20051003	9.25
20051004	9.25
20051005	9.25
20051006	9.25
20051007	9.25
20051010	9.25
20051011	9.25
20051012	9.25
20051013	9.25
20051014	9.25
20051017	9.25
20051018	9.25
20051019	9.24
20051020	9.25
20051021	9.25
20051024	9.21
20051025	9.25
20051026	9.25
20051027	9.25
20051028	9
20051031	9
20051101	9
20051102	8.96
20051103	9
20051104	9
20051107	9
20051108	9
20051109	9
20051110	9
20051111	9
20051114	9
20051115	9
20051116	9
20051117	9
20051118	9
20051121	9
20051122	9
20051123	9
20051124	9
20051125	8.75
20051128	8.75
20051129	8.75
20051130	8.75
20051201	8.75
20051202	8.75
20051205	8.75
20051206	8.75
20051207	8.75
20051208	8.75
20051209	8.25
20051213	8.25
20051214	8.25
20051215	8.25
20051216	8.25
20051219	8.25
20051220	8.25
20051221	8.25
20051222	8.25
20051223	8.25
20051226	8.25
20051227	8.25
20051228	8.25
20051229	8.25
20051230	8.25
20060102	8.25
20060103	8.25
20060104	8.25
20060105	8.25
20060106	8.2
20060109	8.25
20060110	8.25
20060111	8.25
20060112	8.25
20060113	8.25
20060116	8.25
20060117	8.26
20060118	8.25
20060119	8.25
20060120	8.24
20060123	8.25
20060124	8.25
20060125	8.25
20060126	8.29
20060127	7.75
20060130	7.75
20060131	7.75
20060201	7.72
20060202	7.75
20060203	7.75
20060207	7.75
20060208	7.65
20060209	7.75
20060210	7.72
20060213	7.75
20060214	7.72
20060215	7.75
20060216	7.75
20060217	7.75
20060220	7.75
20060221	7.75
20060222	7.75
20060223	7.75
20060224	7.5
20060227	7.5
20060228	7.5
20060301	7.5
20060302	7.5
20060303	7.5
20060306	7.5
20060307	7.5
20060308	7.5
20060309	7.5
20060310	7.5
20060313	7.5
20060314	7.5
20060315	7.45
20060316	7.52
20060317	7.48
20060320	7.48
20060322	7.51
20060323	7.35
20060324	7.25
20060327	7.25
20060328	7.25
20060329	7.2
20060330	7.25
20060331	7.2
20060403	7.25
20060404	7.25
20060405	7.25
20060406	7.1
20060407	7.22
20060410	7.22
20060411	7.26
20060412	7.25
20060417	7.22
20060418	7.22
20060419	7.25
20060420	7.25
20060421	7
20060424	7.1
20060425	7
20060426	7
20060427	6.85
20060428	7
20060502	7
20060503	7
20060504	7
20060505	7
20060508	7
20060509	7
20060510	7
20060511	7
20060512	7
20060515	7
20060516	7.05
20060517	7.03
20060518	7
20060519	7.02
20060522	7
20060523	6.98
20060524	7
20060525	7
20060526	6.9
20060529	7
20060530	7.04
20060531	7
20060601	7
20060602	7
20060605	7
20060606	7
20060607	6.95
20060608	7
20060609	6.95
20060612	7
20060613	6.97
20060614	6.95
20060615	7
20060616	7
20060619	7.02
20060620	7
20060621	6.95
20060622	6.9
20060623	7.02
20060626	6.98
20060627	7.02
20060628	7
20060629	7
20060630	7
20060703	7
20060704	7
20060705	6.9
20060706	7
20060707	7
20060710	7
20060711	7
20060712	7
20060713	7
20060714	7.02
20060717	7
20060718	7
20060719	7
20060720	7
20060721	7
20060724	7
20060725	7
20060726	6.95
20060727	7.01
20060728	7
20060731	7.05
20060801	7
20060802	6.95
20060803	6.8
20060804	7
20060807	7
20060808	7
20060809	6.8
20060810	6.85
20060811	7
20060814	7.02
20060815	7
20060816	7
20060817	7
20060818	7
20060821	7
20060822	7
20060823	7.01
20060824	7
20060825	7.01
20060828	7
20060829	7
20060830	7
20060831	7
20060901	7
20060904	7.02
20060905	7.02
20060906	7.02
20060907	7
20060908	7
20060911	7
20060912	7.02
20060913	7
20060914	7.02
20060915	7.02
20060918	7
20060919	7.02
20060920	7
20060921	6.95
20060922	6.8
20060925	6.8
20060926	7
20060927	7
20060928	6.8
20060929	7.02
20061002	7
20061003	7
20061004	7
20061005	7
20061006	7.02
20061009	7
20061010	7
20061011	7
20061012	7.01
20061013	7.02
20061016	7
20061017	7
20061018	7
20061019	7.02
20061020	7
20061023	7
20061024	7
20061025	7
20061026	6.85
20061027	7
20061030	6.85
20061031	7
20061101	7
20061103	7
20061106	7
20061107	7.02
20061108	7
20061109	6.8
20061110	7
20061113	7.02
20061114	7.01
20061115	7
20061116	7
20061117	7.05
20061121	7
20061122	7
20061123	7.02
20061124	7.02
20061127	7.02
20061128	7.02
20061129	7.02
20061130	7.1
20061204	7
20061205	7
20061206	7.02
20061207	7
20061208	7
20061211	7
20061213	7.1
20061214	7.15
20061215	7
20061218	7
20061219	7.01
20061220	7
20061221	7
20061222	7
20061226	7
20061227	7
20061228	7.02
20061229	7
20070102	7.02
20070103	7
20070104	6.95
20070105	6.8
20070108	7
20070109	7.01
20070110	7.01
20070111	7
20070112	7
20070115	7.02
20070116	7.02
20070117	7.02
20070118	6.9
20070119	7.01
20070122	7.02
20070123	7
20070124	7.01
20070125	7.02
20070126	7
20070129	7
20070130	6.9
20070131	7.02
20070201	7
20070202	7
20070206	7.01
20070207	7
20070208	7.02
20070209	7
20070212	7
20070213	7
20070214	7.01
20070215	7
20070216	6.7
20070219	7
20070220	7.02
20070221	7
20070222	7
20070223	7
20070226	7.02
20070227	7.02
20070228	7.05
20070301	7.01
20070302	6.7
20070305	6.8
20070306	7
20070307	7
20070308	7.01
20070309	7.01
20070312	7.01
20070313	7
20070314	7.01
20070315	7.01
20070316	7.02
20070320	7
20070321	7.02
20070322	7
20070323	7.01
20070326	7.01
20070327	7.01
20070328	7.01
20070329	7.01
20070330	7.07
20070402	7.02
20070403	7.01
20070404	7.02
20070409	7
20070410	7
20070411	6.75
20070412	7.01
20070413	7.01
20070416	6.8
20070417	7
20070418	7.01
20070419	7
20070420	7.02
20070423	7.01
20070424	7.02
20070425	7.01
20070426	7.01
20070427	7.25
20070430	7.25
20070502	7
20070503	7
20070504	7
20070507	7.25
20070508	7.25
20070509	7.25
20070510	7.27
20070511	7
20070514	7.28
20070515	7.25
20070516	7.34
20070517	7.32
20070518	7.25
20070521	7.27
20070522	7.33
20070523	7
20070524	7
20070525	7.22
20070528	7.26
20070529	7.26
20070530	7.26
20070531	7
20070601	7
20070604	7.25
20070605	7.25
20070606	7.26
20070607	7.25
20070608	7
20070611	7.29
20070612	7.25
20070613	7.25
20070614	7.25
20070615	7.25
20070618	7.26
20070619	7.25
20070620	7.27
20070621	7.26
20070622	7.26
20070625	7.25
20070626	7.25
20070627	7.25
20070628	7.27
20070629	7.34
20070702	7.26
20070703	7.28
20070704	7.26
20070705	7.25
20070706	7.2
20070709	7.25
20070710	7.25
20070711	7.25
20070712	7
20070713	7.25
20070716	7.25
20070717	7.25
20070718	7.26
20070719	7.15
20070720	7.25
20070723	7.25
20070724	7.26
20070725	7.25
20070726	7.25
20070727	7.2
20070730	7.25
20070731	7.25
20070801	7.25
20070802	7.26
20070803	7.3
20070806	7.27
20070807	7.25
20070808	7.29
20070809	6.5
20070810	7.25
20070813	7.26
20070814	7.25
20070815	7.2
20070816	7.2
20070817	7
20070820	7.25
20070821	7.25
20070822	7
20070823	7.25
20070824	7
20070827	7.25
20070828	7.25
20070829	7.25
20070830	7.25
20070831	7.25
20070903	7.25
20070904	7.23
20070905	7
20070906	7
20070907	7.23
20070910	7.25
20070911	7.25
20070912	7.26
20070913	7.2
20070914	6.5
20070917	7.25
20070918	7
20070919	7.18
20070920	7.22
20070921	7.24
20070924	7.2
20070925	7.17
20070926	7.2
20070927	7.28
20070928	7.25
20071001	7.28
20071002	7.25
20071003	7.24
20071004	7.25
20071005	7.24
20071008	7.23
20071009	7.23
20071010	7.25
20071011	7.25
20071012	7.2
20071015	7.25
20071016	7.25
20071017	7.25
20071018	7.25
20071019	7.25
20071022	7.25
20071023	7.15
20071024	7.25
20071025	7.2
20071026	7.48
20071029	7.45
20071030	7.45
20071031	7.65
20071101	7.45
20071105	7.53
20071106	7.5
20071107	7.5
20071108	7.5
20071109	7.55
20071112	7.5
20071113	7.6
20071114	7.5
20071115	7.5
20071116	7.5
20071120	7.52
20071121	7.5
20071122	7.35
20071123	7.5
20071126	7.53
20071127	7.51
20071128	7.49
20071129	7.5
20071130	7.5
20071203	7.5
20071204	7.5
20071205	7.5
20071206	7.51
20071207	7.5
20071210	7.5
20071211	7.5
20071213	7.5
20071214	7.5
20071217	7.5
20071218	7.5
20071219	7.5
20071220	7.52
20071221	7.5
20071224	7.52
20071226	7.5
20071227	7.5
20071228	7.5
20071231	7.55
20080102	7.5
20080103	7.5
20080104	7.45
20080107	7.5
20080108	7.5
20080109	7.5
20080110	7.5
20080111	7.5
20080114	7.5
20080115	7.5
20080116	7.5
20080117	7.5
20080118	7.51
20080121	7.5
20080122	7.25
20080123	7.25
20080124	7.5
20080125	7.5
20080128	7.5
20080129	7.5
20080130	7.5
20080131	7.5
20080201	7.53
20080205	7.5
20080206	7.51
20080207	7.15
20080208	7.5
20080211	7.5
20080212	7.5
20080213	7.5
20080214	7.5
20080215	7.5
20080218	7.48
20080219	7.5
20080220	7.5
20080221	7.52
20080222	7.48
20080225	7.5
20080226	7.5
20080227	7.49
20080228	7.5
20080229	7.5
20080303	7.5
20080304	7.51
20080305	7.5
20080306	7.49
20080307	7.5
20080310	7.49
20080311	7.49
20080312	7.5
20080313	7.52
20080314	7.51
20080318	7.5
20080319	7.5
20080324	7
20080325	7.5
20080326	7.5
20080327	7.48
20080328	7.48
20080331	7.5
20080401	7.49
20080402	7.5
20080403	7.5
20080404	7.5
20080407	7.5
20080408	7.5
20080409	7.5
20080410	7.45
20080411	7.5
20080414	7.5
20080415	7.5
20080416	7.5
20080417	7.53
20080418	7.5
20080421	7.5
20080422	7.5
20080423	7.5
20080424	7.5
20080425	7.5
20080428	7.5
20080429	7.5
20080430	7.5
20080502	7.5
20080505	7.49
20080506	7.45
20080507	7.48
20080508	7.5
20080509	7.5
20080512	7.5
20080513	7.5
20080514	7.49
20080515	7.5
20080516	7.5
20080519	7.51
20080520	7.5
20080521	7.51
20080522	7.5
20080523	7.51
20080526	7.51
20080527	7.47
20080528	7.5
20080529	7.45
20080530	7.5
20080602	7.5
20080603	7.5
20080604	7.5
20080605	7.5
20080606	7.5
20080609	7.5
20080610	7.48
20080611	7.5
20080612	7.53
20080613	7.5
20080616	7.5
20080617	7.52
20080618	7.52
20080619	7.5
20080620	7.75
20080623	7.75
20080624	7.75
20080625	7.75
20080626	7.75
20080627	7.73
20080630	7.77
20080701	7.73
20080702	7.7
20080703	7.7
20080704	7.75
20080707	7.7
20080708	7.75
20080709	7.75
20080710	7.75
20080711	7.75
20080714	7.75
20080715	7.76
20080716	7.75
20080717	7.75
20080718	7.95
20080721	8
20080722	7.93
20080723	7.97
20080724	7.98
20080725	8.01
20080728	8
20080729	7.98
20080730	8
20080731	8
20080801	8
20080804	8
20080805	7.92
20080806	7.96
20080807	7.99
20080808	7.93
20080811	7.99
20080812	7.99
20080813	7.96
20080814	8
20080815	8.24
20080818	8.24
20080819	8.19
20080820	8.21
20080821	8.24
20080822	8.23
20080825	8.25
20080826	8.24
20080827	8.25
20080828	8.25
20080829	8.25
20080901	8.24
20080902	8.25
20080903	8.26
20080904	8.23
20080905	8.25
20080908	8.26
20080909	8.25
20080910	8.25
20080911	8.25
20080912	8.25
20080915	8.25
20080917	8.25
20080918	8.25
20080919	8.23
20080922	8.25
20080923	8.24
20080924	8.22
20080925	8.25
20080926	8.25
20080929	8.25
20080930	8.3
20081001	8.24
20081002	8.26
20081003	8.24
20081006	8.15
20081007	8.25
20081008	8.05
20081009	8.2
20081010	8.1
20081013	8.1
20081014	8.2
20081015	8
20081016	7.4
20081017	7.25
20081020	8.25
20081021	8
20081022	8
20081023	8
20081024	8
20081027	8.25
20081028	8
20081029	8.15
20081030	8.25
20081031	8.25
20081103	8.25
20081104	8.25
20081105	8
20081106	8.25
20081107	8.25
20081110	8.25
20081111	8.25
20081112	8.15
20081113	8.15
20081114	8.07
20081118	8.22
20081119	8.15
20081120	8.15
20081121	8.1
20081124	8.15
20081125	8.15
20081126	8.25
20081127	8.15
20081128	8.25
20081201	8.25
20081202	8.15
20081203	8.1
20081204	8.15
20081205	8.25
20081208	8.15
20081209	8.2
20081210	8.22
20081211	8.2
20081215	8.25
20081216	8.25
20081217	8.25
20081218	8.32
20081219	8.25
20081222	8.2
20081223	8.25
20081224	8.25
20081226	8.25
20081229	8.25
20081230	8.25
20081231	8.25
20090102	8.35
20090105	8.25
20090106	8.25
20090107	8.25
20090108	8.25
20090109	8.25
20090112	8.25
20090113	8.25
20090114	8.25
20090115	8.25
20090116	7.75
20090119	7.75
20090120	7.8
20090121	7.75
20090122	7.75
20090123	7.7
20090126	7.75
20090127	7.75
20090128	7.72
20090129	7.75
20090130	7.7
20090203	7.75
20090204	7.6
20090205	7.75
20090206	7.75
20090209	7.75
20090210	7.73
20090211	7.75
20090212	7.73
20090213	7.7
20090216	7.75
20090217	7.74
20090218	7.75
20090219	7.75
20090220	7.5
20090223	7.5
20090224	7.45
20090225	7.5
20090226	7.5
20090227	7.5
20090302	7.5
20090303	7.5
20090304	7.5
20090305	7.5
20090306	7.5
20090309	7.48
20090310	7.5
20090311	7.5
20090312	7.45
20090313	7.53
20090317	7.5
20090318	7.5
20090319	7.4
20090320	6.75
20090323	6.75
20090324	6.73
20090325	6.75
20090326	6.75
20090327	6.75
20090330	6.7
20090331	6.78
20090401	6.7
20090402	6.75
20090403	6.73
20090406	6.75
20090407	6.7
20090408	6.7
20090413	6.8
20090414	6.7
20090415	6.75
20090416	6.77
20090417	6
20090420	6.05
20090421	6
20090422	6
20090423	5.9
20090424	5.95
20090427	5.98
20090428	5.99
20090429	6
20090430	6
20090504	6
20090505	5.98
20090506	6.1
20090507	6
20090508	6.03
20090511	5.95
20090512	6.01
20090513	5.9
20090514	6
20090515	5.25
20090518	5.2
20090519	5.15
20090520	5.25
20090521	5.25
20090522	5.2
20090525	5.15
20090526	5.25
20090527	5.1
20090528	5.25
20090529	5.16
20090601	5.25
20090602	5.25
20090603	5.25
20090604	5.25
20090605	5.26
20090608	5.23
20090609	5.21
20090610	5.21
20090611	5.21
20090612	5.22
20090615	5.22
20090616	5.15
20090617	5.23
20090618	5.2
20090619	4.74
20090622	4.75
20090623	4.86
20090624	4.78
20090625	4.75
20090626	4.74
20090629	4.77
20090630	4.72
20090701	4.75
20090702	4.74
20090703	4.78
20090706	4.76
20090707	4.75
20090708	4.75
20090709	4.75
20090710	4.76
20090713	4.79
20090714	4.8
20090715	4.78
20090716	4.72
20090717	4.5
20090720	4.5
20090721	4.55
20090722	4.5
20090723	4.4
20090724	4.45
20090727	4.5
20090728	4.45
20090729	4.52
20090730	4.5
20090731	4.5
20090803	4.5
20090804	4.5
20090805	4.45
20090806	4.35
20090807	4.48
20090810	4.45
20090811	4.5
20090812	4.5
20090813	4.5
20090814	4.5
20090817	4.48
20090818	4.5
20090819	4.5
20090820	4.4
20090821	4.5
20090824	4.45
20090825	4.48
20090826	4.47
20090827	4.5
20090828	4.5
20090831	4.51
20090901	4.49
20090902	4.45
20090903	4.5
20090904	4.5
20090907	4.5
20090908	4.5
20090909	4.48
20090910	4.6
20090911	4.5
20090914	4.5
20090915	4.47
20090917	4.5
20090918	4.51
20090921	4.4
20090922	4.45
20090923	4.53
20090924	4.45
20090925	4.52
20090928	4.5
20090929	4.64
20090930	4.5
20091001	4.52
20091002	4.4
20091005	4.45
20091006	4.45
20091007	4.54
20091008	4.47
20091009	4.48
20091012	4.53
20091013	4.54
20091014	4.46
20091015	4.5
20091016	4.5
20091019	4.5
20091020	4.53
20091021	4.49
20091022	4.5
20091023	4.47
20091026	4.48
20091027	4.51
20091028	4.5
20091029	4.5
20091030	4.5
20091103	4.56
20091104	4.75
20091105	4.51
20091106	4.5
20091109	4.55
20091110	4.5
20091111	4.52
20091112	4.5
20091113	4.47
20091117	4.48
20091118	4.5
20091119	4.5
20091120	4.55
20091123	4.45
20091124	4.55
20091125	4.48
20091126	4.53
20091127	4.53
20091130	4.58
20091201	4.54
20091202	4.54
20091203	4.51
20091204	4.56
20091207	4.53
20091208	4.53
20091209	4.55
20091210	4.5
20091211	4.53
20091214	4.75
20091215	4.5
20091216	4.57
20091217	4.55
20091218	4.57
20091221	4.5
20091222	4.5
20091223	4.47
20091224	4.5
20091228	4.5
20091229	4.6
20091230	4.59
20091231	4.61
20100104	4.57
20100105	4.55
20100106	4.54
20100107	4.51
20100108	4.62
20100111	4.6
20100112	4.53
20100113	4.55
20100114	4.53
20100115	4.56
20100118	4.52
20100119	4.59
20100120	4.62
20100121	4.5
20100122	4.56
20100125	4.56
20100126	4.6
20100127	4.5
20100128	4.6
20100129	4.7
20100202	4.5
20100203	4.52
20100204	4.53
20100205	4.65
20100208	4.58
20100209	4.5
20100210	4.75
20100211	4.6
20100212	4.62
20100215	4.6
20100216	4.62
20100217	4.5
20100218	4.5
20100219	4.5
20100222	4.6
20100223	4.5
20100224	4.63
20100225	4.5
20100226	4.5
20100301	4.5
20100302	4.5
20100303	4.55
20100304	4.5
20100305	4.5
20100308	4.56
20100309	4.52
20100310	4.55
20100311	4.5
20100312	4.53
20100316	4.55
20100317	4.55
20100318	4.55
20100319	4.52
20100322	4.56
20100323	4.55
20100324	4.5
20100325	4.56
20100326	4.55
20100329	4.56
20100330	4.55
20100331	4.6
20100405	4.5
20100406	4.5
20100407	4.55
20100408	4.56
20100409	4.56
20100412	4.54
20100413	4.55
20100414	4.5
20100415	4.55
20100416	4.5
20100419	4.56
20100420	4.55
20100421	4.55
20100422	4.5
20100423	4.55
20100426	4.56
20100427	4.52
20100428	4.55
20100429	4.55
20100430	4.55
20100503	4.6
20100504	4.6
20100505	4.56
20100506	4.59
20100507	4.64
20100510	4.57
20100511	4.58
20100512	4.62
20100513	4.57
20100514	4.55
20100517	4.58
20100518	4.64
20100519	4.64
20100520	4.62
20100521	4.5
20100524	4.54
20100525	4.61
20100526	4.6
20100527	4.5
20100528	4.57
20100531	4.65
20100601	4.5
20100602	4.5
20100603	4.56
20100604	4.5
20100607	4.62
20100608	4.56
20100609	4.53
20100610	4.54
20100611	4.62
20100614	4.58
20100615	4.5
20100616	4.56
20100617	4.54
20100618	4.61
20100621	4.57
20100622	4.5
20100623	4.5
20100624	4.5
20100625	4.5
20100628	4.5
20100629	4.6
20100630	4.55
20100701	4.5
20100702	4.5
20100705	4.52
20100706	4.54
20100707	4.54
20100708	4.62
20100709	4.56
20100712	4.6
20100713	4.59
20100714	4.54
20100715	4.54
20100716	4.59
20100719	4.58
20100720	4.5
20100721	4.6
20100722	4.54
20100723	4.54
20100726	4.61
20100727	4.6
20100728	4.5
20100729	4.54
20100730	4.62
20100802	4.62
20100803	4.54
20100804	4.51
20100805	4.57
20100806	4.5
20100809	4.6
20100810	4.59
20100811	4.56
20100812	4.59
20100813	4.56
20100816	4.59
20100817	4.58
20100818	4.55
20100819	4.6
20100820	4.6
20100823	4.5
20100824	4.5
20100825	4.58
20100826	4.5
20100827	4.55
20100830	4.5
20100831	4.56
20100901	4.55
20100902	4.5
20100903	4.5
20100906	4.53
20100907	4.5
20100908	4.5
20100909	4.5
20100910	4.56
20100913	4.5
20100914	4.5
20100915	4.52
20100920	4.56
20100921	4.56
20100922	4.5
20100923	4.56
20100924	4.5
20100927	4.5
20100928	4.47
20100929	4.54
20100930	4.55
20101001	4.5
20101004	4.57
20101005	4.47
20101006	4.53
20101007	4.53
20101008	4.5
20101011	4.52
20101012	4.42
20101013	4.45
20101014	4.35
20101015	4.42
20101018	4.48
20101019	4.48
20101020	4.5
20101021	4.5
20101022	4.5
20101025	4.51
20101026	4.5
20101027	4.51
20101028	4.5
20101029	4.52
20101101	4.54
20101103	4.58
20101104	4.55
20101105	4.5
20101108	4.5
20101109	4.53
20101110	4.5
20101111	4.5
20101112	4.52
20101116	4.53
20101117	4.57
20101118	4.52
20101119	4.54
20101122	4.58
20101123	4.54
20101124	4.51
20101125	4.53
20101126	4.45
20101129	4.56
20101130	4.55
20101201	4.67
20101202	4.61
20101203	4.6
20101206	4.54
20101207	4.4
20101208	4.58
20101209	4.6
20101210	4.6
20101213	4.6
20101214	4.54
20101215	4.58
20101216	4.58
20101217	4.63
20101220	4.58
20101221	4.52
20101222	4.58
20101223	4.55
20101224	4.8
20101227	4.55
20101228	4.54
20101229	4.6
20101230	4.55
20101231	4.54
20110103	4.56
20110104	4.54
20110105	4.56
20110106	4.55
20110107	4.52
20110110	4.54
20110111	4.5
20110112	4.55
20110113	4.59
20110114	4.59
20110117	4.52
20110118	4.56
20110119	4.45
20110120	4.55
20110121	4.56
20110124	4.51
20110125	4.55
20110126	4.53
20110127	4.48
20110128	4.51
20110131	4.51
20110201	4.48
20110202	4.53
20110203	4.54
20110204	4.55
20110208	4.54
20110209	4.5
20110210	4.5
20110211	4.56
20110214	4.58
20110215	4.5
20110216	4.35
20110217	4.25
20110218	4.3
20110221	4.51
20110222	4.5
20110223	4.5
20110224	4.42
20110225	4.45
20110228	4.48
20110301	4.47
20110302	4.5
20110303	4.4
20110304	4.5
20110307	4.46
20110308	4.5
20110309	4.48
20110310	4.48
20110311	4.47
20110314	4.48
20110315	4.48
20110316	4.45
20110317	4.48
20110318	4.52
20110322	4.48
20110323	4.48
20110324	4.45
20110325	4.5
20110328	4.49
20110329	4.45
20110330	4.5
20110331	4.53
20110401	4.51
20110404	4.5
20110405	4.45
20110406	4.52
20110407	4.5
20110408	4.5
20110411	4.52
20110412	4.46
20110413	4.45
20110414	4.52
20110415	4.5
20110418	4.5
20110419	4.5
20110420	4.5
20110425	4.48
20110426	4.45
20110427	4.45
20110428	4.51
20110429	4.53
20110502	4.5
20110503	4.5
20110504	4.45
20110505	4.52
20110506	4.4
20110509	4.48
20110510	4.45
20110511	4.5
20110512	4.49
20110513	4.48
20110516	4.45
20110517	4.5
20110518	4.48
20110519	4.51
20110520	4.45
20110523	4.47
20110524	4.4
20110525	4.45
20110526	4.4
20110527	4.5
20110530	4.45
20110531	4.51
20110601	4.45
20110602	4.4
20110603	4.45
20110606	4.45
20110607	4.45
20110608	4.5
20110609	4.45
20110610	4.47
20110613	4.46
20110614	4.49
20110615	4.5
20110616	4.5
20110617	4.53
20110620	4.52
20110621	4.52
20110622	4.51
20110623	4.5
20110624	4.51
20110627	4.48
20110628	4.51
20110629	4.5
20110630	4.54
20110701	4.49
20110704	4.45
20110705	4.49
20110706	4.49
20110707	4.44
20110708	4.43
20110711	4.43
20110712	4.45
20110713	4.48
20110714	4.45
20110715	4.46
20110718	4.47
20110719	4.4
20110720	4.5
20110721	4.5
20110722	4.48
20110725	4.48
20110726	4.4
20110727	4.47
20110728	4.39
20110729	4.49
20110801	4.47
20110802	4.4
20110803	4.47
20110804	4.4
20110805	4.4
20110808	4.44
20110809	4.4
20110810	4.45
20110811	4.46
20110812	4.4
20110815	4.49
20110816	4.4
20110817	4.44
20110818	4.4
20110819	4.42
20110822	4.44
20110823	4.43
20110824	4.42
20110825	4.4
20110826	4.4
20110829	4.4
20110830	4.4
20110831	4.35
20110901	4.4
20110902	4.33
20110905	4.36
20110906	4.35
20110907	4.35
20110908	4.41
20110909	4.35
20110912	4.31
20110913	4.34
20110914	4.32
20110915	4.27
20110919	4.3
20110920	4.39
20110921	4.46
20110922	4.5
20110923	4.5
20110926	4.4
20110927	4.38
20110928	4.35
20110929	4.35
20110930	4.38
20111003	4.4
20111004	4.42
20111005	4.39
20111006	4.41
20111007	4.36
20111010	4.37
20111011	4.37
20111012	4.33
20111013	4.34
20111014	4.35
20111017	4.4
20111018	4.34
20111019	4.3
20111020	4.4
20111021	4.34
20111024	4.39
20111025	4.43
20111026	4.43
20111027	4.36
20111028	4.45
20111031	4.4
20111101	4.37
20111103	4.45
20111104	4.47
20111107	4.38
20111108	4.41
20111109	4.36
20111110	4.37
20111111	4.44
20111114	4.45
20111115	4.35
20111116	4.35
20111117	4.4
20111118	4.48
20111122	4.4
20111123	4.4
20111124	4.56
20111125	4.4
20111128	4.39
20111129	4.5
20111130	4.5
20111201	4.4
20111202	4.45
20111205	4.45
20111206	4.37
20111207	4.37
20111208	4.38
20111209	4.43
20111213	4.37
20111214	4.47
20111215	4.47
20111216	4.38
20111219	4.5
20111220	4.62
20111221	4.5
20111222	4.45
20111223	4.47
20111226	4.48
20111227	4.5
20111228	4.5
20111229	4.5
20111230	4.5
20120102	4.53
20120103	4.52
20120104	4.5
20120105	4.45
20120106	4.48
20120109	4.48
20120110	4.46
20120111	4.44
20120112	4.43
20120113	4.45
20120116	4.43
20120117	4.32
20120118	4.4
20120119	4.41
20120120	4.46
20120123	4.5
20120124	4.48
20120125	4.4
20120126	4.5
20120127	4.5
20120130	4.5
20120131	4.5
20120201	4.5
20120202	4.5
20120203	4.5
20120207	4.49
20120208	4.49
20120209	4.48
20120210	4.48
20120213	4.47
20120214	4.48
20120215	4.47
20120216	4.44
20120217	4.48
20120220	4.47
20120221	4.47
20120222	4.49
20120223	4.47
20120224	4.47
20120227	4.48
20120228	4.47
20120229	4.54
20120301	4.48
20120302	4.5
20120305	4.47
20120306	4.45
20120307	4.5
20120308	4.49
20120309	4.47
20120312	4.49
20120313	4.49
20120314	4.47
20120315	4.47
20120316	4.5
20120320	4.47
20120321	4.48
20120322	4.49
20120323	4.49
20120326	4.48
20120327	4.47
20120328	4.47
20120329	4.47
20120330	4.51
20120402	4.48
20120403	4.48
20120404	4.5
20120409	4.49
20120410	4.48
20120411	4.47
20120412	4.48
20120413	4.48
20120416	4.48
20120417	4.48
20120418	4.48
20120419	4.48
20120420	4.47
20120423	4.48
20120424	4.48
20120425	4.45
20120426	4.48
20120427	4.48
20120430	4.52
20120502	4.48
20120503	4.48
20120504	4.48
20120507	4.45
20120508	4.48
20120509	4.45
20120510	4.48
20120511	4.48
20120514	4.45
20120515	4.45
20120516	4.5
20120517	4.48
20120518	4.47
20120521	4.48
20120522	4.48
20120523	4.5
20120524	4.5
20120525	4.5
20120528	4.5
20120529	4.48
20120530	4.5
20120531	4.49
20120601	4.5
20120604	4.47
20120605	4.48
20120606	4.48
20120607	4.48
20120608	4.47
20120611	4.48
20120612	4.45
20120613	4.48
20120614	4.45
20120615	4.51
20120618	4.52
20120619	4.48
20120620	4.48
20120621	4.46
20120622	4.45
20120625	4.46
20120626	4.48
20120627	4.48
20120628	4.45
20120629	4.48
20120702	4.45
20120703	4.48
20120704	4.44
20120705	4.48
20120706	4.48
20120709	4.5
20120710	4.48
20120711	4.47
20120712	4.48
20120713	4.44
20120716	4.4
20120717	4.45
20120718	4.45
20120719	4.48
20120720	4.48
20120723	4.4
20120724	4.48
20120725	4.48
20120726	4.48
20120727	4.48
20120730	4.48
20120731	4.48
20120801	4.48
20120802	4.48
20120803	4.48
20120806	4.48
20120807	4.4
20120808	4.48
20120809	4.4
20120810	4.48
20120813	4.48
20120814	4.48
20120815	4.4
20120816	4.48
20120817	4.4
20120820	4.48
20120821	4.48
20120822	4.41
20120823	4.4
20120824	4.42
20120827	4.48
20120828	4.48
20120829	4.5
20120830	4.49
20120831	4.48
20120903	4.48
20120904	4.49
20120905	4.42
20120906	4.48
20120907	4.48
20120910	4.48
20120911	4.42
20120912	4.46
20120913	4.48
20120914	4.43
20120917	4.48
20120918	4.48
20120919	4.5
20120920	4.48
20120921	4.43
20120924	4.43
20120925	4.48
20120926	4.48
20120927	4.5
20120928	4.49
20121001	4.5
20121002	4.48
20121003	4.48
20121004	4.43
20121005	4.49
20121008	4.48
20121009	4.5
20121010	4.5
20121011	4.48
20121012	4.43
20121015	4.48
20121016	4.5
20121017	4.5
20121018	4.5
20121019	4.48
20121022	4.43
20121023	4.5
20121024	4.48
20121025	4.48
20121026	4.48
20121029	4.5
20121030	4.48
20121031	4.49
20121101	4.43
20121105	4.5
20121106	4.49
20121107	4.48
20121108	4.44
20121109	4.5
20121112	4.49
20121113	4.44
20121114	4.5
20121115	4.44
20121116	4.44
20121120	4.5
20121121	4.43
20121122	4.5
20121123	4.43
20121126	4.45
20121127	4.44
20121128	4.5
20121129	4.4
20121130	4.43
20121203	4.5
20121204	4.43
20121205	4.51
20121206	4.51
20121207	4.51
20121210	4.49
20121211	4.5
20121213	4.5
20121214	4.54
20121217	4.57
20121218	4.51
20121219	4.49
20121220	4.49
20121221	4.5
20121224	4.52
20121226	4.5
20121227	4.45
20121228	4.5
20121231	4.5
20130102	4.49
20130103	4.54
20130104	4.53
20130107	4.5
20130108	4.48
20130109	4.47
20130110	4.52
20130111	4.54
20130114	4.49
20130115	4.43
20130116	4.43
20130117	4.43
20130118	4.43
20130121	4.45
20130122	4.51
20130123	4.5
20130124	4.49
20130125	4.43
20130128	4.43
20130129	4.47
20130130	4.47
20130131	4.53
20130201	4.48
20130205	4.53
20130206	4.43
20130207	4.49
20130208	4.43
20130211	4.48
20130212	4.5
20130213	4.44
20130214	4.48
20130215	4.48
20130218	4.43
20130219	4.48
20130220	4.43
20130221	4.52
20130222	4.43
20130225	4.43
20130226	4.48
20130227	4.48
20130228	4.5
20130301	4.49
20130304	4.51
20130305	4.5
20130306	4.5
20130307	4.49
20130308	4
20130311	4
20130312	4
20130313	4
20130314	3.93
20130315	4.12
20130319	3.94
20130320	4.01
20130321	3.93
20130322	4.04
20130325	4.04
20130326	4.08
20130327	4.08
20130401	4
20130402	4.06
20130403	4.08
20130404	3.95
20130405	4.07
20130408	4.08
20130409	4.01
20130410	4.08
20130411	4.14
20130412	4.08
20130415	4.01
20130416	4.01
20130417	4
20130418	4
20130419	4.02
20130422	4
20130423	3.99
20130424	4.01
20130425	4.08
20130426	4.08
20130429	3.94
20130430	4
20130502	4.02
20130503	4.02
20130506	3.93
20130507	3.93
20130508	4.01
20130509	3.98
20130510	4
20130513	4.01
20130514	4.01
20130515	4.02
20130516	4.02
20130517	4.04
20130520	4.05
20130521	3.97
20130522	4.09
20130523	4.01
20130524	3.98
20130527	4.09
20130528	4.09
20130529	3.93
20130530	4.02
20130531	3.95
20130603	3.93
20130604	4.02
20130605	4.01
20130606	4.01
20130607	4.02
20130610	3.93
20130611	4.01
20130612	3.93
20130613	3.93
20130614	4.01
20130617	3.93
20130618	4
20130619	4
20130620	4.01
20130621	4
20130624	4
20130625	3.93
20130626	3.98
20130627	4
20130628	4
20130701	3.99
20130702	4
20130703	4.09
20130704	4
20130705	4
20130708	3.93
20130709	4.01
20130710	4
20130711	4.01
20130712	4.01
20130715	4.02
20130716	4
20130717	4
20130718	4.12
20130719	3.93
20130722	3.99
20130723	4.1
20130724	3.97
20130725	3.93
20130726	4
20130729	3.99
20130730	4
20130731	4
20130801	4.09
20130802	3.93
20130805	4.01
20130806	4.01
20130807	4
20130808	4
20130809	4.01
20130812	3.93
20130813	3.99
20130814	3.99
20130815	3.97
20130816	3.99
20130819	3.99
20130820	4
20130821	3.99
20130822	3.93
20130823	3.9
20130826	3.9
20130827	3.9
20130828	3.99
20130829	3.9
20130830	4.04
20130902	4
20130903	3.9
20130904	4
20130905	4
20130906	3.75
20130909	3.74
20130910	3.75
20130911	3.75
20130912	3.75
20130913	3.75
20130917	3.75
20130918	3.68
20130919	3.75
20130920	3.68
20130923	3.74
20130924	3.66
20130925	3.76
20130926	3.76
20130927	3.75
20130930	3.75
20131001	3.75
20131002	3.67
20131003	3.76
20131004	3.76
20131007	3.67
20131008	3.68
20131009	3.75
20131010	3.76
20131011	3.67
20131014	3.67
20131015	3.75
20131016	3.75
20131017	3.66
20131018	3.66
20131021	3.75
20131022	3.76
20131023	3.66
20131024	3.76
20131025	3.5
20131028	3.53
20131029	3.42
20131030	3.41
20131031	3.52
20131101	3.43
20131104	3.41
20131105	3.52
20131106	3.41
20131107	3.41
20131108	3.41
20131111	3.41
20131112	3.41
20131113	3.42
20131114	3.55
20131115	3.55
20131119	3.55
20131120	3.55
20131121	3.54
20131122	3.5
20131125	3.42
20131126	3.41
20131127	3.52
20131128	3.42
20131129	3.45
20131202	3.53
20131203	3.42
20131204	3.55
20131205	3.43
20131206	3.53
20131209	3.4
20131210	3.53
20131211	3.56
20131213	3.6
20131216	3.4
20131217	3.57
20131218	3.53
20131219	3.48
20131220	3.5
20131223	3.57
20131224	3.55
20131226	3.58
20131227	3.57
20131230	3.45
20131231	3.6
20140102	3.55
20140103	3.48
20140106	3.51
20140107	3.49
20140108	3.48
20140109	3.47
20140110	3.47
20140113	3.45
20140114	3.45
20140115	3.45
20140116	3.46
20140117	3.45
20140120	3.47
20140121	3.45
20140122	3.48
20140123	3.4
20140124	3.52
20140127	3.41
20140128	3.5
20140129	3.48
20140130	3.48
20140131	3.52
20140204	3.49
20140205	3.46
20140206	3.49
20140207	3.41
20140210	3.48
20140211	3.41
20140212	3.48
20140213	3.5
20140214	3.5
20140217	3.41
20140218	3.49
20140219	3.41
20140220	3.49
20140221	3.49
20140224	3.49
20140225	3.41
20140226	3.5
20140227	3.5
20140228	3.52
20140303	3.51
20140304	3.48
20140305	3.41
20140306	3.49
20140307	3.5
20140310	3.49
20140311	3.41
20140312	3.41
20140313	3.41
20140314	3.51
20140318	3.41
20140319	3.48
20140320	3.41
20140321	3.49
20140324	3.49
20140325	3.48
20140326	3.48
20140327	3.5
20140328	3.51
20140331	3.49
20140401	3.49
20140402	3.4
20140403	3.54
20140404	3.52
20140407	3.4
20140408	3.52
20140409	3.41
20140410	3.51
20140411	3.41
20140414	3.41
20140415	3.52
20140416	3.43
20140421	3.41
20140422	3.42
20140423	3.42
20140424	3.58
20140425	3.48
20140428	3.41
20140429	3.49
20140430	3.5
20140502	3.49
20140505	3.42
20140506	3.42
20140507	3.5
20140508	3.42
20140509	3.5
20140512	3.42
20140513	3.5
20140514	3.51
20140515	3.5
20140516	3.42
20140519	3.48
20140520	3.52
20140521	3.51
20140522	3.52
20140523	3.53
20140526	3.5
20140527	3.5
20140528	3.42
20140529	3.5
20140530	3.5
20140602	3.5
20140603	3.42
20140604	3.42
20140605	3.55
20140606	2.92
20140609	3
20140610	3.01
20140611	2.92
20140612	3.02
20140613	3.04
20140616	3.03
20140617	3.04
20140618	3.05
20140619	3.04
20140620	3.02
20140623	2.98
20140624	2.92
20140625	3
20140626	2.99
20140627	3
20140630	3
20140701	2.93
20140702	3
20140703	2.97
20140704	3
20140707	3
20140708	3
20140709	3
20140710	3.02
20140711	3.02
20140714	2.99
20140715	2.93
20140716	2.91
20140717	3.05
20140718	2.99
20140721	2.99
20140722	3.04
20140723	2.99
20140724	2.99
20140725	2.99
20140728	2.99
20140729	3
20140730	2.9
20140731	2.9
20140801	2.9
20140804	2.99
20140805	3
20140806	2.92
20140807	3.04
20140808	2.9
20140811	3
20140812	2.9
20140813	2.9
20140814	3.02
20140815	2.9
20140818	2.9
20140819	2.9
20140820	2.9
20140821	3.02
20140822	3.02
20140825	2.9
20140826	2.9
20140827	3.04
20140828	2.9
20140829	3
20140901	2.9
20140902	2.9
20140903	2.9
20140904	2.9
20140905	3
20140908	3
20140909	2.91
20140910	3
20140911	3.03
20140912	2.99
20140915	3.05
20140917	2.99
20140918	2.98
20140919	2.95
20140922	2.98
20140923	2.95
20140924	2.97
20140925	2.97
20140926	2.97
20140929	2.96
20140930	3
20141001	3.05
20141002	3
20141003	3
20141006	3
20141007	2.9
20141008	3
20141009	3
20141010	3
20141013	3
20141014	2.9
20141015	3.01
20141016	3
20141017	3
20141020	3.01
20141021	3.01
20141022	3
20141023	3.04
20141024	2.94
20141027	3
20141028	3.03
20141029	2.9
20141030	3.01
20141031	3.01
20141103	2.9
20141104	3.04
20141105	3
20141106	2.9
20141107	3.01
20141110	3.01
20141111	2.9
20141112	3.02
20141113	3.02
20141114	3.03
20141118	3.03
20141119	3.04
20141120	3.04
20141121	3.01
20141124	3.01
20141125	3
20141126	3.01
20141127	3.01
20141128	2.9
20141201	3.01
20141202	3.01
20141203	3
20141204	3
20141205	3
20141208	3.01
20141209	3
20141210	3.02
20141211	3.02
20141215	3.03
20141216	3.03
20141217	3.05
20141218	2.95
20141219	3.05
20141222	3.05
20141223	3.07
20141224	3
20141226	3
20141229	2.96
20141230	3.04
20141231	3.1
20150102	3.04
20150105	2.9
20150106	3.03
20150107	3
20150108	2.9
20150109	3
20150112	2.95
20150113	2.9
20150114	2.9
20150115	2.9
20150116	3
20150119	2.99
20150120	2.9
20150121	2.93
20150122	3
20150123	2.9
20150126	3.02
20150127	2.99
20150128	2.98
20150129	2.92
20150130	3.02
20150203	3
20150204	3.03
20150205	3.01
20150206	2.9
20150209	3.01
20150210	2.9
20150211	3.1
20150212	3.1
20150213	3.04
20150216	2.9
20150217	2.9
20150218	3.04
20150219	2.9
20150220	3.03
20150223	3.01
20150224	3.01
20150225	2.9
20150226	3.01
20150227	3.04
20150302	3.01
20150303	3.06
20150304	3.02
20150305	3.03
20150306	3.02
20150309	3.03
20150310	3.04
20150311	3.05
20150312	3.04
20150313	3.07
20150317	3.05
20150318	2.93
20150319	3.05
20150320	3
20150323	3
20150324	2.92
20150325	3.03
20150326	3.03
20150327	3
20150330	3.06
20150331	3.05
20150401	3.07
20150406	3.05
20150407	2.92
20150408	3.03
20150409	3.05
20150410	2.9
20150413	2.9
20150414	3.02
20150415	3.05
20150416	3.02
20150417	3
20150420	3.03
20150421	3.01
20150422	3.01
20150423	2.9
20150424	2.9
20150427	2.92
20150428	2.98
20150429	2.9
20150430	3.01
20150504	2.99
20150505	2.9
20150506	2.92
20150507	2.92
20150508	2.92
20150511	2.9
20150512	2.9
20150513	2.9
20150514	2.99
20150515	2.9
20150518	2.9
20150519	2.9
20150520	3
20150521	2.9
20150522	2.9
20150525	2.9
20150526	2.9
20150527	2.97
20150528	2.99
20150529	2.45
20150601	2.93
20150602	2.51
20150603	3.04
20150604	3.06
20150605	2.9
20150608	3.07
20150609	3.07
20150610	3.06
20150611	3.02
20150612	3.02
20150615	3.04
20150616	3.1
20150617	3.01
20150618	3.07
20150619	3.1
20150622	3.01
20150623	2.9
20150624	3.04
20150625	3.03
20150626	2.9
20150629	3.22
20150630	3.2
20150701	3.05
20150702	3.03
20150703	2.9
20150706	3.12
20150707	3.09
20150708	2.9
20150709	3.04
20150710	3.09
20150713	3.04
20150714	3.05
20150715	3.04
20150716	3.02
20150717	2.98
20150720	3.12
20150721	3.06
20150722	3.06
20150723	3
20150724	3.01
20150727	3.04
20150728	3.05
20150729	3.06
20150730	3.09
20150731	3.05
20150803	3.05
20150804	2.9
20150805	3.02
20150806	2.9
20150807	3.05
20150810	2.9
20150811	3.11
20150812	2.9
20150813	3.04
20150814	3
20150817	3.01
20150818	2.99
20150819	2.9
20150820	2.98
20150821	2.98
20150824	3
20150825	2.98
20150826	3.01
20150827	3.02
20150828	3.05
20150831	3.08
20150901	3.05
20150902	3.08
20150903	3.05
20150904	3.03
20150907	2.9
20150908	3.01
20150909	2.9
20150910	2.9
20150911	2.9
20150914	3.04
20150915	3.02
20150917	3
20150918	2.92
20150921	3
20150922	3.03
20150923	3.01
20150924	3.01
20150925	2.9
20150928	2.9
20150929	3.02
20150930	3
20151001	2.9
20151002	2.95
20151005	3
20151006	2.9
20151007	3.01
20151008	2.9
20151009	2.93
20151012	2.94
20151013	2.94
20151014	2.99
20151015	2.9
20151016	2.9
20151019	2.9
20151020	3.05
20151021	3.04
20151022	2.92
20151023	2.9
20151026	2.9
20151027	3.02
20151028	3.03
20151029	3.07
20151030	3.12
20151103	2.9
20151104	3.02
20151105	3.11
20151106	3.07
20151109	3.04
20151110	2.9
20151111	3.08
20151112	2.9
20151113	2.9
20151117	2.9
20151118	2.9
20151119	3.02
20151120	3
20151123	3
20151124	2.9
20151125	3.01
20151126	3
20151127	2.97
20151130	3
20151201	3.04
20151202	3.1
20151203	2.9
20151204	3.07
20151207	2.9
20151208	3.35
20151209	3.03
20151210	3.06
20151211	2.99
20151214	2.9
20151215	3.01
20151216	3.1
20151217	3
20151218	3.28
20151221	3.27
20151222	3.25
20151223	3.33
20151224	3.42
20151228	3.35
20151229	3.25
20151230	3.25
20151231	3.45
20160104	3.25
20160105	3.25
20160106	3.25
20160107	3.25
20160108	3.28
20160111	3.22
20160112	3.25
20160113	3.2
20160114	3.2
20160115	3.2
20160118	3.23
20160119	3.24
20160120	3.29
20160121	3.28
20160122	3.23
20160125	3.23
20160126	3.25
20160127	3.15
20160128	3.2
20160129	3.32
20160202	3.24
20160203	3.25
20160204	3.28
20160205	3.2
20160208	3.23
20160209	3.2
20160210	3.23
20160211	3.22
20160212	3.23
20160215	3.24
20160216	3.22
20160217	3.24
20160218	3.8
20160219	3.87
20160222	3.83
20160223	3.72
20160224	3.74
20160225	3.77
20160226	3.81
20160229	3.91
20160301	3.79
20160302	3.77
20160303	3.79
20160304	3.78
20160307	3.75
20160308	3.81
20160309	3.74
20160310	3.71
20160311	3.73
20160314	3.72
20160315	3.74
20160316	3.76
20160317	3.77
20160318	3.92
20160322	3.92
20160323	3.76
20160328	3.76
20160329	3.75
20160330	3.71
20160331	3.7
20160401	3.75
20160404	3.83
20160405	3.72
20160406	3.6
20160407	3.59
20160408	3.66
20160411	3.77
20160412	3.74
20160413	3.74
20160414	3.74
20160415	3.73
20160418	3.72
20160419	3.76
20160420	3.75
20160421	3.7
20160422	3.87
20160425	3.8
20160426	3.75
20160427	3.95
20160428	3.79
20160429	3.98
20160502	3.82
20160503	3.87
20160504	3.75
20160505	3.75
20160506	3.75
20160509	3.67
20160510	3.81
20160511	3.65
20160512	3.78
20160513	3.75
20160516	3.75
20160517	3.83
20160518	3.76
20160519	3.76
20160520	3.75
20160523	3.71
20160524	3.63
20160525	3.66
20160526	3.7
20160527	3.77
20160530	3.75
20160531	3.92
20160601	3.8
20160602	3.92
20160603	4.05
20160606	3.78
20160607	3.77
20160608	3.74
20160609	3.74
20160610	3.77
20160613	3.8
20160614	3.8
20160615	3.82
20160616	3.78
20160617	3.7
20160620	3.74
20160621	3.75
20160622	3.76
20160623	3.77
20160624	3.8
20160627	3.83
20160628	3.75
20160629	3.78
20160630	3.85
20160701	4.24
20160704	4.22
20160705	4.19
20160706	4.22
20160707	4.19
20160708	4.23
20160711	4.23
20160712	4.23
20160713	4.23
20160714	4.24
20160715	4.25
20160718	4.23
20160719	4.2
20160720	4.24
20160721	4.25
20160722	4.23
20160725	4.24
20160726	4.23
20160727	4.23
20160728	4.25
20160729	4.3
20160801	4.3
20160802	4.3
20160803	4.25
20160804	4.26
20160805	4.26
20160808	4.27
20160809	4.28
20160810	4.29
20160811	4.27
20160812	4.26
20160815	4.27
20160816	4.26
20160817	4.28
20160818	4.32
20160819	4.32
20160822	4.24
20160823	4.24
20160824	4.26
20160825	4.26
20160826	4.24
20160829	4.28
20160830	4.26
20160831	4.27
20160901	4.25
20160902	4.28
20160905	4.28
20160906	4.25
20160907	4.34
20160908	4.28
20160909	4.26
20160912	4.3
20160913	4.35
20160914	4.3
20160915	4.35
20160919	4.35
20160920	4.24
20160921	4.22
20160922	4.25
20160923	4.25
20160926	4.28
20160927	4.24
20160928	4.22
20160929	4.28
20160930	4.65
20161003	4.77
20161004	4.75
20161005	4.75
20161006	4.65
20161007	4.74
20161010	4.74
20161011	4.75
20161012	4.77
20161013	4.75
20161014	4.74
20161017	4.73
20161018	4.74
20161019	4.75
20161020	4.73
20161021	4.65
20161024	4.77
20161025	4.75
20161026	4.73
20161027	4.75
20161028	4.75
20161031	4.75
20161101	4.78
20161103	4.8
20161104	4.78
20161107	4.77
20161108	4.87
20161109	4.75
20161110	4.74
20161111	4.76
20161114	4.65
20161115	4.75
20161116	4.74
20161117	5.03
20161118	5.1
20161122	5.24
20161123	5.2
20161124	5.21
20161125	5.24
20161128	5.21
20161129	5.24
20161130	5.15
20161201	5.24
20161202	5.24
20161205	5.26
20161206	5.24
20161207	5.24
20161208	5.15
20161209	5.25
20161213	5.26
20161214	5.35
20161215	5.75
20161216	5.78
20161219	5.77
20161220	5.84
20161221	5.77
20161222	5.75
20161223	5.74
20161226	5.76
20161227	5.75
20161228	5.76
20161229	5.77
20161230	5.75
20170102	5.74
20170103	5.65
20170104	5.74
20170105	5.74
20170106	5.74
20170109	5.74
20170110	5.76
20170111	5.74
20170112	5.65
20170113	5.78
20170116	5.75
20170117	5.7
20170118	5.88
20170119	5.74
20170120	5.76
20170123	5.76
20170124	5.75
20170125	5.75
20170126	5.76
20170127	5.65
20170130	5.74
20170131	5.78
20170201	5.76
20170202	5.81
20170203	5.72
20170207	5.76
20170208	5.78
20170209	5.77
20170210	6.23
20170213	6.27
20170214	6.26
20170215	6.24
20170216	6.17
20170217	6.17
20170220	6.22
20170221	6.25
20170222	6.24
20170223	6.26
20170224	6.25
20170227	6.31
20170228	6.27
20170301	6.29
20170302	6.27
20170303	6.28
20170306	6.27
20170307	6.27
20170308	6.27
20170309	6.28
20170310	6.3
20170313	6.3
20170314	6.36
20170315	6.45
20170316	6.3
20170317	6.25
20170321	6.17
20170322	6.27
20170323	6.2
20170324	6.07
20170327	6.24
20170328	6.24
20170329	6.24
20170330	6.27
20170331	6.6
20170403	6.69
20170404	6.7
20170405	6.58
20170406	6.41
20170407	6.44
20170410	6.49
20170411	6.58
20170412	6.53
20170417	6.41
20170418	6.4
20170419	6.5
20170420	6.5
20170421	6.5
20170424	6.5
20170425	6.74
20170426	6.5
20170427	6.47
20170428	6.55
20170502	6.5
20170503	6.5
20170504	6.43
20170505	6.44
20170508	6.46
20170509	6.52
20170510	6.47
20170511	6.52
20170512	6.53
20170515	6.53
20170516	6.5
20170517	6.46
20170518	6.5
20170519	6.76
20170522	6.7
20170523	6.61
20170524	6.77
20170525	6.79
20170526	6.75
20170529	6.79
20170530	6.78
20170531	6.79
20170601	6.8
20170602	6.76
20170605	6.81
20170606	6.77
20170607	6.75
20170608	6.72
20170609	6.75
20170612	6.73
20170613	6.74
20170614	6.75
20170615	6.8
20170616	6.85
20170619	6.73
20170620	6.69
20170621	6.73
20170622	6.91
20170623	6.95
20170626	6.96
20170627	6.91
20170628	6.94
20170629	6.9
20170630	7.06
20170703	7.13
20170704	7.15
20170705	6.99
20170706	6.99
20170707	6.99
20170710	7
20170711	7.02
20170712	7.05
20170713	7
20170714	7.01
20170717	7
20170718	7.04
20170719	6.9
20170720	7
20170721	7
20170724	7
20170725	7
20170726	7.02
20170727	7.11
20170728	7.02
20170731	7.1
20170801	7.02
20170802	7
20170803	7
20170804	7
20170807	7
20170808	7
20170809	6.99
20170810	6.97
20170811	6.98
20170814	7
20170815	7.02
20170816	7.02
20170817	7
20170818	7.03
20170821	7.06
20170822	7
20170823	7.1
20170824	7.08
20170825	7.12
20170828	7.01
20170829	6.98
20170830	6.98
20170831	7.02
20170901	7
20170904	7.12
20170905	7.08
20170906	7
20170907	7.01
20170908	7
20170911	7.03
20170912	7.15
20170913	7
20170914	7.18
20170915	6.99
20170918	7.01
20170919	7.08
20170920	7.06
20170921	7
20170922	6.99
20170925	6.98
20170926	7.05
20170927	6.97
20170928	6.98
20170929	7
20171002	7.04
20171003	7.01
20171004	7.01
20171005	7.01
20171006	7.07
20171009	7.03
20171010	7.01
20171011	7.07
20171012	7.1
20171013	7.01
20171016	7
20171017	7
20171018	7
20171019	6.9
20171020	7.06
20171023	6.98
20171024	7.05
20171025	7
20171026	7
20171027	7.01
20171030	6.9
20171031	6.97
20171101	7.02
20171103	7.02
20171106	7.01
20171107	7.02
20171108	7.06
20171109	6.98
20171110	6.99
20171113	6.99
20171114	6.99
20171115	7.1
20171116	7
20171117	7.06
20171121	7
20171122	7.02
20171123	6.9
20171124	6.98
20171127	6.98
20171128	7.04
20171129	6.98
20171130	7.03
20171201	7.03
20171204	7.04
20171205	7.02
20171206	7.03
20171207	7.04
20171208	6.9
20171211	7.13
20171213	7.21
20171214	7.36
20171215	7.28
20171218	7.25
20171219	7.25
20171220	7.38
20171221	7.28
20171222	7.29
20171226	7.31
20171227	7.3
20171228	7.25
20171229	7.25
20180102	7.3
20180103	7.38
20180104	7.28
20180105	7.23
20180108	7.25
20180109	7.24
20180110	7.24
20180111	7.35
20180112	7.25
20180115	7.15
20180116	7.27
20180117	7.26
20180118	7.3
20180119	7.29
20180122	7.24
20180123	7.24
20180124	7.27
20180125	7.25
20180126	7.25
20180129	7.26
20180130	7.28
20180131	7.32
20180201	7.38
20180202	7.41
20180206	7.28
20180207	7.24
20180208	7.3
20180209	7.4
20180212	7.5
20180213	7.5
20180214	7.54
20180215	7.59
20180216	7.53
20180219	7.53
20180220	7.48
20180221	7.57
20180222	7.61
20180223	7.5
20180226	7.51
20180227	7.5
20180228	7.58
20180301	7.6
20180302	7.4
20180305	7.52
20180306	7.52
20180307	7.62
20180308	7.52
20180309	7.52
20180312	7.45
20180313	7.52
20180314	7.5
20180315	7.5
20180316	7.6
20180320	7.5
20180321	7.49
20180322	7.54
20180323	7.51
20180326	7.6
20180327	7.62
20180328	7.62
20180402	7.52
20180403	7.5
20180404	7.5
20180405	7.52
20180406	7.52
20180409	7.55
20180410	7.5
20180411	7.54
20180412	7.72
20180413	7.52
20180416	7.5
20180417	7.42
20180418	7.4
20180419	7.48
20180420	7.49
20180423	7.5
20180424	7.57
20180425	7.51
20180426	7.52
20180427	7.4
20180430	7.59
20180502	7.57
20180503	7.6
20180504	7.4
20180507	7.5
20180508	7.54
20180509	7.48
20180510	7.5
20180511	7.62
20180514	7.58
20180515	7.6
20180516	7.54
20180517	7.64
20180518	7.5
20180521	7.49
20180522	7.47
20180523	7.54
20180524	7.64
20180525	7.56
20180528	7.6
20180529	7.53
20180530	7.56
20180531	7.63
20180601	7.55
20180604	7.55
20180605	7.53
20180606	7.68
20180607	7.57
20180608	7.5
20180611	7.55
20180612	7.57
20180613	7.65
20180614	7.58
20180615	7.52
20180618	7.54
20180619	7.53
20180620	7.55
20180621	7.68
20180622	7.81
20180625	7.74
20180626	7.83
20180627	7.79
20180628	7.78
20180629	7.85
20180702	7.78
20180703	7.77
20180704	7.85
20180705	7.82
20180706	7.77
20180709	7.75
20180710	7.76
20180711	7.76
20180712	7.76
20180713	7.76
20180716	7.83
20180717	7.76
20180718	7.83
20180719	7.7
20180720	7.65
20180723	7.74
20180724	7.74
20180725	7.8
20180726	7.9
20180727	7.82
20180730	8
20180731	7.87
20180801	7.73
20180802	7.84
20180803	7.76
20180806	7.74
20180807	7.77
20180808	7.79
20180809	7.84
20180810	7.88
20180813	7.75
20180814	7.88
20180815	7.77
20180816	7.82
20180817	7.7
20180820	7.74
20180821	7.76
20180822	7.7
20180823	7.78
20180824	7.66
20180827	7.82
20180828	7.75
20180829	7.76
20180830	7.73
20180831	7.75
20180903	7.79
20180904	7.86
20180905	7.79
20180906	7.77
20180907	7.76
20180910	7.75
20180911	7.9
20180912	7.81
20180913	7.8
20180914	7.87
20180917	7.73
20180918	7.74
20180919	7.7
20180920	7.74
20180921	7.65
20180924	7.76
20180925	7.89
20180926	7.86
20180927	7.82
20180928	8
20181001	7.79
20181002	7.77
20181003	7.84
20181004	7.93
20181005	7.76
20181008	7.78
20181009	7.85
20181010	7.77
20181011	7.78
20181012	7.8
20181015	7.9
20181016	7.9
20181017	7.83
20181018	7.74
20181019	7.69
20181022	7.75
20181023	7.73
20181024	7.76
20181025	7.66
20181026	7.8
20181029	7.67
20181030	7.75
20181031	7.8
20181101	7.84
20181105	7.97
20181106	7.81
20181107	7.85
20181108	7.75
20181109	7.77
20181112	7.74
20181113	7.76
20181114	7.76
20181115	8.1
20181116	8.06
20181120	8
20181121	7.99
20181122	8
20181123	8.01
20181126	8
20181127	7.99
20181128	8
20181129	8
20181130	8.12
20181203	8.05
20181204	7.93
20181205	8.15
20181206	8.2
20181207	8.14
20181210	8.12
20181211	8.25
20181213	8.07
20181214	7.94
20181217	8.02
20181218	8.03
20181219	8
20181220	8.22
20181221	8.29
20181224	8.29
20181226	8.36
20181227	8.25
20181228	8.45
20181231	8.27
20190102	8.35
20190103	8.14
20190104	8.22
20190107	8.24
20190108	8.24
20190109	8.22
20190110	8.24
20190111	8.28
20190114	8.26
20190115	8.3
20190116	8.27
20190117	8.2
20190118	8.25
20190121	8.18
20190122	8.23
20190123	8.19
20190124	8.31
20190125	8.21
20190128	8.24
20190129	8.22
20190130	8.15
20190131	8.1
20190201	8.15
20190205	8.23
20190206	8.3
20190207	8.4
20190208	8.23
20190211	8.24
20190212	8.26
20190213	8.24
20190214	8.26
20190215	8.25
20190218	8.24
20190219	8.21
20190220	8.22
20190221	8.21
20190222	8.15
20190225	8.22
20190226	8.24
20190227	8.15
20190228	8.29
20190301	8.24
20190302	7.73
20190303	7.76
20190304	7.66
20190305	7.8
20190306	7.67
20190307	7.75
20190315	7.8
20190316	7.84
20190319	7.97
20190320	7.81
20190321	7.85
20190322	7.75
20190323	7.77
20190326	7.74
20190327	7.76
20190328	7.76
20190329	8.1
20190330	8.06
20190402	8
20190403	7.99
20190404	8
20190405	8.01
20190406	8
20190409	7.99
20190410	8
20190411	8
20190412	8.12
20190413	8.05
20190416	7.93
20190417	8.15
20190418	8.2
20190419	8.14
20190420	8.12
20190423	8.25
20190424	8.07
20190425	7.94
20190426	8.02
20190427	8.03
20190430	8
20190501	8.22
20190502	8.29
20190503	8.29
20190504	8.36
20190507	8.25
20190508	8.45
20190509	8.27
20190510	8.35
20190511	8.14
20190514	8.22
20190515	8.24
20190516	8.24
20190517	8.22
20190518	8.24
20190521	8.28
20190522	8.26
20190523	8.3
20190524	8.27
20190525	8.2
20190528	8.25
20190529	8.18
20190530	8.23
20190531	8.19
20190601	8.31
20190604	8.21
20190605	8.24
20190606	8.22
20190607	8.15
20190608	8.1
20190611	8.15
20190612	8.23
20190613	8.3
20190614	8.4
20190615	8.23
20190618	8.24
20190619	8.26
20190620	8.24
20190621	8.26
20190622	8.25
20190625	8.24
20190626	8.21
20190627	8.22
20190628	8.21
20190629	8.15
20190702	8.22
20190703	8.24
20190704	8.15
20190705	8.29
20190706	8.24
20190709	8.25
20190710	8.18
20190711	8.23
20190712	8.19
20190713	8.31
20190716	8.21
20190717	8.24
20190718	8.22
20190719	8.15
20190720	8.1
20190723	8.15
20190724	8.23
20190725	8.3
20190726	8.4
20190727	8.23
20190730	8.24
20190731	8.26
20190801	8.24
20190802	8.26
20190803	8.25
20190806	8.24
20190807	8.21
20190808	8.22
20190809	8.21
20190810	8.15
20190813	8.22
20190814	8.24
20190815	8.15
20190816	8.29
20190817	8.24
20190820	8.18
20190821	8.23
20190822	8.19
20190823	8.31
20190824	8.21
20190827	8.24
20190828	8.22
20190829	8.15
20190830	8.1
20190831	8.15
20190903	8.23
20190904	8.3
20190905	8.4
20190906	8.23
20190907	8.24
20190910	8.26
20190911	8.24
20190912	8.26
20190913	8.25
20190914	8.24
20190917	8.21
20190918	8.22
20190919	8.21
20190920	8.15
20190921	8.22
20190924	8.24
20190925	8.15
20190926	8.29
20190927	8.24
20190928	8.25
